0.0010219978922 	 0
0.0020219978922 	 1.1211879270152682e-05
0.0030219978922 	 7.337295896602855e-06
0.0040219978922 	 5.493640020888934e-06
0.0050219978922 	 4.39555973960758e-06
0.0060219978922 	 3.664402640802281e-06
0.0070219978922 	 3.1421018379708333e-06
0.0080219978922 	 2.7502232109209557e-06
0.009021997892200002 	 2.4452966852201496e-06
0.010021997892200003 	 2.2012568157546087e-06
0.011021997892200004 	 2.001516142759068e-06
0.012021997892200004 	 1.8350133419414297e-06
0.013021997892200005 	 1.6940878132142264e-06
0.014021997892200006 	 1.5732656264031522e-06
0.015021997892200007 	 1.4685310893707546e-06
0.016021997892200008 	 1.3768713936921968e-06
0.01702199789220001 	 1.2959818932019054e-06
0.01802199789220001 	 1.224069562261276e-06
0.01902199789220001 	 1.1597184769976509e-06
0.02002199789220001 	 1.1017956226365677e-06
0.021021997892200012 	 1.0493835927398067e-06
0.022021997892200013 	 1.0017316292017829e-06
0.023021997892200014 	 9.582194246835437e-07
0.024021997892200015 	 9.183299675933637e-07
0.025021997892200016 	 8.816288994070046e-07
0.026021997892200017 	 8.477486321867044e-07
0.027021997892200018 	 8.16375992999507e-07
0.02802199789220002 	 7.872425140940712e-07
0.02902199789220002 	 7.6011673062172e-07
0.03002199789220002 	 7.3479801777576e-07
0.03102199789220002 	 7.111116199579193e-07
0.03202199789220002 	 6.889046113774547e-07
0.03302199789220002 	 6.680425906262483e-07
0.03402199789220002 	 6.484069582070707e-07
0.03502199789220002 	 6.298926604922809e-07
0.03602199789220002 	 6.12406309469892e-07
0.03702199789220002 	 5.958646072217887e-07
0.038021997892200024 	 5.801930190299112e-07
0.039021997892200025 	 5.653246505087631e-07
0.040021997892200026 	 5.51199293078346e-07
0.04102199789220003 	 5.377626090512267e-07
0.04202199789220003 	 5.249654330764121e-07
0.04302199789220003 	 5.127631710075585e-07
0.04402199789220003 	 5.011152807036707e-07
0.04502199789220003 	 4.899848220232686e-07
0.04602199789220003 	 4.793380654874652e-07
0.04702199789220003 	 4.6914415087800947e-07
0.04802199789220003 	 4.5937478849136193e-07
0.049021997892200034 	 4.500039969577542e-07
0.050021997892200035 	 4.4100787250833424e-07
0.051021997892200036 	 4.3236438537581593e-07
0.052021997892200036 	 4.24053199677561e-07
0.05302199789220004 	 4.1605551368090094e-07
0.05402199789220004 	 4.0835391780961463e-07
0.05502199789220004 	 4.0093226813448617e-07
0.05602199789220004 	 3.9377557341317733e-07
0.05702199789220004 	 3.868698940160994e-07
0.05802199789220004 	 3.802022513043028e-07
0.05902199789220004 	 3.7376054621976963e-07
0.060021997892200044 	 3.675334860137186e-07
0.061021997892200044 	 3.615105181793859e-07
0.062021997892200045 	 3.5568177077615586e-07
0.06302199789220005 	 3.500379984351394e-07
0.06402199789220005 	 3.4457053342500206e-07
0.06502199789220005 	 3.392712412332741e-07
0.06602199789220005 	 3.341324801843865e-07
0.06702199789220005 	 3.2914706467282283e-07
0.06802199789220005 	 3.243082316393603e-07
0.06902199789220005 	 3.196096099614979e-07
0.07002199789220005 	 3.15045192466741e-07
0.07102199789220005 	 3.106093103102324e-07
0.07202199789220005 	 3.06296609486931e-07
0.07302199789220006 	 3.0210202927371784e-07
0.07402199789220006 	 2.9802078241892253e-07
0.07502199789220006 	 2.9404833691622417e-07
0.07602199789220006 	 2.9018039921704064e-07
0.07702199789220006 	 2.86412898750671e-07
0.07802199789220006 	 2.8274197363486217e-07
0.07902199789220006 	 2.7916395747134697e-07
0.08002199789220006 	 2.756753671314465e-07
0.08102199789220006 	 2.722728914461975e-07
0.08202199789220006 	 2.6895338072381005e-07
0.08302199789220006 	 2.6571383702469923e-07
0.08402199789220006 	 2.625514051309763e-07
0.08502199789220007 	 2.594633641532227e-07
0.08602199789220007 	 2.56447119722689e-07
0.08702199789220007 	 2.5350019672182714e-07
0.08802199789220007 	 2.506202325103443e-07
0.08902199789220007 	 2.478049706078146e-07
0.09002199789220007 	 2.450522547973484e-07
0.09102199789220007 	 2.423600236179355e-07
0.09202199789220007 	 2.3972630521589883e-07
0.09302199789220007 	 2.3714921252843315e-07
0.09402199789220007 	 2.3462693877450637e-07
0.09502199789220007 	 2.3215775323048e-07
0.09602199789220008 	 2.2973999726969252e-07
0.09702199789220008 	 2.273720806469625e-07
0.09802199789220008 	 2.250524780105191e-07
0.09902199789220008 	 2.227797256252846e-07
0.10002199789220008 	 2.2055241829271657e-07
0.10102199789220008 	 2.183692064535897e-07
0.10202199789220008 	 2.1622879346116596e-07
0.10302199789220008 	 2.1412993301317514e-07
0.10402199789220008 	 2.120714267319189e-07
0.10502199789220008 	 2.1005212188262622e-07
0.10602199789220008 	 2.0807090922093083e-07
0.10702199789220009 	 2.0612672096102716e-07
0.10802199789220009 	 2.042185288566831e-07
0.10902199789220009 	 2.0234534238786327e-07
0.11002199789220009 	 2.0050620704624476e-07
0.11102199789220009 	 1.9870020271338906e-07
0.11202199789220009 	 1.9692644212578067e-07
0.11302199789220009 	 1.9518406942135206e-07
0.11402199789220009 	 1.9347225876249272e-07
0.11502199789220009 	 1.9179021303088746e-07
0.1160219978922001 	 1.9013716258985035e-07
0.1170219978922001 	 1.8851236411011662e-07
0.1180219978922001 	 1.8691509945532917e-07
0.1190219978922001 	 1.853446746237085e-07
0.1200219978922001 	 1.8380041874262947e-07
0.1210219978922001 	 1.822816831130448e-07
0.1220219978922001 	 1.8078784030089553e-07
0.1230219978922001 	 1.7931828327283515e-07
0.1240219978922001 	 1.7787242457376606e-07
0.1250219978922001 	 1.764496955438473e-07
0.1260219978922001 	 1.7504954557278092e-07
0.1270219978922001 	 1.7367144138932359e-07
0.1280219978922001 	 1.7231486638409562e-07
0.1290219978922001 	 1.7097931996388252e-07
0.1300219978922001 	 1.696643169357328e-07
0.1310219978922001 	 1.683693869192603e-07
0.1320219978922001 	 1.670940737856557e-07
0.1330219978922001 	 1.6583793512200134e-07
0.1340219978922001 	 1.6460054171956831e-07
0.1350219978922001 	 1.63381477084852e-07
0.1360219978922001 	 1.6218033697217634e-07
0.1370219978922001 	 1.6099672893676427e-07
0.1380219978922001 	 1.5983027190723714e-07
0.1390219978922001 	 1.5868059577656444e-07
0.1400219978922001 	 1.5754528804821516e-07
0.1410219978922001 	 1.5636354730145006e-07
0.1420219978922001 	 1.5501575457065983e-07
0.1430219978922001 	 1.5339243460389064e-07
0.1440219978922001 	 1.5140030019281487e-07
0.1450219978922001 	 1.4896533732819879e-07
0.1460219978922001 	 1.4603598386174495e-07
0.1470219978922001 	 1.4258566568420077e-07
0.1480219978922001 	 1.3861403501501426e-07
0.1490219978922001 	 1.3414645262093597e-07
0.1500219978922001 	 1.2923155134681276e-07
0.1510219978922001 	 1.2393705476488437e-07
0.1520219978922001 	 1.1834432363848095e-07
0.1530219978922001 	 1.1254229331211639e-07
0.1540219978922001 	 1.0662150928315204e-07
0.15502199789220011 	 1.0066887255359534e-07
0.15602199789220011 	 9.47635143414731e-08
0.15702199789220012 	 8.897399175150291e-08
0.15802199789220012 	 8.335678755040767e-08
0.15902199789220012 	 7.795594422641259e-08
0.16002199789220012 	 7.280357753529094e-08
0.16102199789220012 	 6.792099137039128e-08
0.16202199789220012 	 6.33201371961193e-08
0.16302199789220012 	 5.900520812660731e-08
0.16402199789220012 	 5.4974213507867063e-08
0.16502199789220012 	 5.122043317111149e-08
0.16602199789220012 	 4.7733695116909805e-08
0.16702199789220012 	 4.450145404151168e-08
0.16802199789220013 	 4.150967119345437e-08
0.16902199789220013 	 3.8743510244941105e-08
0.17002199789220013 	 3.6187871308962283e-08
0.17102199789220013 	 3.3827787967214057e-08
0.17202199789220013 	 3.164871189044749e-08
0.17302199789220013 	 2.963670761478184e-08
0.17402199789220013 	 2.7778577184094952e-08
0.17502199789220013 	 2.6061931265974973e-08
0.17602199789220013 	 2.447522034846e-08
0.17702199789220013 	 2.3007736914549823e-08
0.17802199789220013 	 2.1649597151306884e-08
0.17902199789220014 	 2.0391708794371322e-08
0.18002199789220014 	 1.922573011389993e-08
0.18102199789220014 	 1.8144023773212558e-08
0.18202199789220014 	 1.7139608289366516e-08
0.18302199789220014 	 1.6206109048562167e-08
0.18402199789220014 	 1.533771023586167e-08
0.18502199789220014 	 1.4529108590931805e-08
0.18602199789220014 	 1.3775469568113028e-08
0.18702199789220014 	 1.307238623441164e-08
0.18802199789220014 	 1.2415841062367667e-08
0.18902199789220014 	 1.1802170649795343e-08
0.19002199789220015 	 1.1228033312303255e-08
0.19102199789220015 	 1.0690379437335022e-08
0.19202199789220015 	 1.0186424452584107e-08
0.19302199789220015 	 9.713624241209206e-09
0.19402199789220015 	 9.269652826900552e-09
0.19502199789220015 	 8.852382150223561e-09
0.19602199789220015 	 8.459863761331066e-09
0.19702199789220015 	 8.090312261279785e-09
0.19802199789220015 	 7.742090333484036e-09
0.19902199789220015 	 7.413695217338136e-09
0.20002199789220015 	 7.1037464870600395e-09
0.20102199789220015 	 6.810975009881809e-09
0.20202199789220016 	 6.534212968517982e-09
0.20302199789220016 	 6.272384843174652e-09
0.20402199789220016 	 6.024499258092518e-09
0.20502199789220016 	 5.789641606679066e-09
0.20602199789220016 	 5.5669673776502985e-09
0.20702199789220016 	 5.355696112273128e-09
0.20802199789220016 	 5.155105929793992e-09
0.20902199789220016 	 4.964528564491509e-09
0.21002199789220016 	 4.783344863538516e-09
0.21102199789220016 	 4.610980700046592e-09
0.21202199789220016 	 4.423841426741231e-09
0.21302199789220017 	 4.2573837020944606e-09
0.21402199789220017 	 4.102798955293658e-09
0.21502199789220017 	 3.957326237335631e-09
0.21602199789220017 	 3.819713518811179e-09
0.21702199789220017 	 3.6891487607772947e-09
0.21802199789220017 	 3.5650196367375763e-09
0.21902199789220017 	 3.446827438286831e-09
0.22002199789220017 	 3.3341478182849054e-09
0.22102199789220017 	 3.2266098630551226e-09
0.22202199789220017 	 3.123883612676441e-09
0.22302199789220017 	 3.0256719605239383e-09
0.22402199789220018 	 2.9317050363502213e-09
0.22502199789220018 	 2.84173610252218e-09
0.22602199789220018 	 2.755538428073724e-09
0.22702199789220018 	 2.6729028265221974e-09
0.22802199789220018 	 2.593635663442997e-09
0.22902199789220018 	 2.5175572085339033e-09
0.23002199789220018 	 2.444500248115541e-09
0.23102199789220018 	 2.3743088997355056e-09
0.23202199789220018 	 2.3068375871696953e-09
0.23302199789220018 	 2.2419501452022463e-09
0.23402199789220018 	 2.1795190311692268e-09
0.23502199789220019 	 2.119424625599302e-09
0.23602199789220019 	 2.0615546081324336e-09
0.2370219978922002 	 2.0058033977249134e-09
0.2380219978922002 	 1.952071648265594e-09
0.2390219978922002 	 1.9002657923409254e-09
0.2400219978922002 	 1.8502976271344268e-09
0.2410219978922002 	 1.8020839374266174e-09
0.2420219978922002 	 1.7555461514413509e-09
0.2430219978922002 	 1.7106100259131633e-09
0.2440219978922002 	 1.6672053572619882e-09
0.2450219978922002 	 1.6252657161830078e-09
0.2460219978922002 	 1.5847282033092601e-09
0.2470219978922002 	 1.5455332238978405e-09
0.2480219978922002 	 1.5076242797379494e-09
0.2490219978922002 	 1.47094777668954e-09
0.2500219978922002 	 1.435452846441377e-09
0.2510219978922002 	 1.401091181232383e-09
0.2520219978922002 	 1.3678168804143653e-09
0.2530219978922002 	 1.3355863078509765e-09
0.2540219978922002 	 1.304357959249825e-09
0.2550219978922002 	 1.2740923386141993e-09
0.2560219978922002 	 1.2447518430797762e-09
0.2570219978922002 	 1.216300655471503e-09
0.2580219978922002 	 1.1887046439776754e-09
0.2590219978922002 	 1.1619312683933925e-09
0.2600219978922002 	 1.1359494924346597e-09
0.2610219978922002 	 1.1107297016684471e-09
0.2620219978922002 	 1.0862436266434146e-09
0.2630219978922002 	 1.0624642708415265e-09
0.2640219978922002 	 1.0393658431026786e-09
0.2650219978922002 	 1.0169236942033453e-09
0.2660219978922002 	 9.951142572963102e-10
0.2670219978922002 	 9.73914991942194e-10
0.2680219978922002 	 9.533043314849262e-10
0.2690219978922002 	 9.332616335428034e-10
0.2700219978922002 	 9.137671334045415e-10
0.2710219978922002 	 8.948019001358622e-10
0.2720219978922002 	 8.763477952169598e-10
0.2730219978922002 	 8.583874335446637e-10
0.2740219978922002 	 8.409041466454579e-10
0.2750219978922002 	 8.238819479568488e-10
0.2760219978922002 	 8.073055000449199e-10
0.2770219978922002 	 7.91160083635445e-10
0.2780219978922002 	 7.754315683446917e-10
0.2790219978922002 	 7.601063850040869e-10
0.2800219978922002 	 7.451714994803189e-10
0.2810219978922002 	 7.306143878993041e-10
0.2820219978922002 	 7.164230131887236e-10
0.2830219978922002 	 7.025858028596663e-10
0.28402199789220023 	 6.890916279532742e-10
0.28502199789220023 	 6.759297830832666e-10
0.28602199789220023 	 6.630899675098084e-10
0.28702199789220023 	 6.505622671844371e-10
0.28802199789220023 	 6.383371377097269e-10
0.28902199789220023 	 6.264053881609987e-10
0.29002199789220023 	 6.147581657208009e-10
0.29102199789220023 	 6.03386941080024e-10
0.29202199789220024 	 5.922834945624341e-10
0.29302199789220024 	 5.814399029321436e-10
0.29402199789220024 	 5.708485268460628e-10
0.29502199789220024 	 5.605019989157278e-10
0.29602199789220024 	 5.503932123450932e-10
0.29702199789220024 	 5.405153101129293e-10
0.29802199789220024 	 5.308616746703677e-10
0.29902199789220024 	 5.21425918125902e-10
0.30002199789220024 	 5.122018728918328e-10
0.30102199789220024 	 5.031835827676732e-10
0.30202199789220024 	 4.943652944374918e-10
0.30302199789220025 	 4.857414493595205e-10
0.30402199789220025 	 4.773066760276039e-10
0.30502199789220025 	 4.690557825852857e-10
0.30602199789220025 	 4.6098374977438277e-10
0.30702199789220025 	 4.5308572420099426e-10
0.30802199789220025 	 4.453570119028081e-10
0.30902199789220025 	 4.3779307220252474e-10
0.31002199789220025 	 4.303895118330357e-10
0.31102199789220025 	 4.231420793208189e-10
0.31202199789220025 	 4.160466596147577e-10
0.31302199789220025 	 4.09099268948286e-10
0.31402199789220026 	 4.022960499234427e-10
0.31502199789220026 	 3.956332668060259e-10
0.31602199789220026 	 3.891073010216316e-10
0.31702199789220026 	 3.827146468429072e-10
0.31802199789220026 	 3.7645190725887137e-10
0.31902199789220026 	 3.7031579001763433e-10
0.32002199789220026 	 3.6430310383431754e-10
0.32102199789220026 	 3.5841075475639733e-10
0.32202199789220026 	 3.526357426791082e-10
0.32302199789220026 	 3.46975158003922e-10
0.32402199789220026 	 3.414261784334829e-10
0.32502199789220027 	 3.359860658967174e-10
0.32602199789220027 	 3.3065216359816013e-10
0.32702199789220027 	 3.2542189318584104e-10
0.32802199789220027 	 3.202927520323639e-10
0.32902199789220027 	 3.1526231062407547e-10
0.33002199789220027 	 3.103282100534885e-10
0.33102199789220027 	 3.0548815961034744e-10
0.33202199789220027 	 3.007399344669715e-10
0.33302199789220027 	 2.9608137345371044e-10
0.3340219978922003 	 2.915103769205628e-10
0.3350219978922003 	 2.870249046811933e-10
0.3360219978922003 	 2.826229740357721e-10
0.3370219978922003 	 2.783026578692265e-10
0.3380219978922003 	 2.74062082821669e-10
0.3390219978922003 	 2.698994275279089e-10
0.3400219978922003 	 2.658129209231078e-10
0.3410219978922003 	 2.61800840611782e-10
0.3420219978922003 	 2.5786151129747666e-10
0.3430219978922003 	 2.539933032705715e-10
0.3440219978922003 	 2.5019463095179045e-10
0.3450219978922003 	 2.464639514891034e-10
0.3460219978922003 	 2.4279976340581277e-10
0.3470219978922003 	 2.3920060529771954e-10
0.3480219978922003 	 2.3566505457736325e-10
0.3490219978922003 	 2.32191726263413e-10
0.3500219978922003 	 2.2877927181338645e-10
0.3510219978922003 	 2.2542637799794043e-10
0.3520219978922003 	 2.2213176581507208e-10
0.3530219978922003 	 2.1889418944262922e-10
0.3540219978922003 	 2.1571243522760936e-10
0.3550219978922003 	 2.1258532071078935e-10
0.3560219978922003 	 2.095116936852926e-10
0.3570219978922003 	 2.0649043128776587e-10
0.3580219978922003 	 2.0352043912088672e-10
0.3590219978922003 	 2.006006504059882e-10
0.3600219978922003 	 1.977300251646333e-10
0.3610219978922003 	 1.9490754942802412e-10
0.3620219978922003 	 1.9213223447317946e-10
0.3630219978922003 	 1.894031160848558e-10
0.3640219978922003 	 1.8671925384223704e-10
0.3650219978922003 	 1.8407973042945368e-10
0.3660219978922003 	 1.8148365096903346e-10
0.3670219978922003 	 1.7893014237742345e-10
0.3680219978922003 	 1.7641835274176176e-10
0.3690219978922003 	 1.739474507171038e-10
0.3700219978922003 	 1.7151662494335255e-10
0.3710219978922003 	 1.6912508348115855e-10
0.3720219978922003 	 1.667720532661018e-10
0.3730219978922003 	 1.6445677958048085e-10
0.3740219978922003 	 1.6217852554207156e-10
0.3750219978922003 	 1.5993657160924024e-10
0.3760219978922003 	 1.5773021510182088e-10
0.3770219978922003 	 1.5555876973718893e-10
0.3780219978922003 	 1.5342156518099065e-10
0.3790219978922003 	 1.5131794661200303e-10
0.3800219978922003 	 1.4924727430062467e-10
0.3810219978922003 	 1.4720892320051456e-10
0.3820219978922003 	 1.4520228255291842e-10
0.3830219978922003 	 1.4322675550323456e-10
0.3840219978922003 	 1.4128175872939628e-10
0.3850219978922003 	 1.3936672208165494e-10
0.3860219978922003 	 1.3748108823337452e-10
0.3870219978922003 	 1.3562431234245389e-10
0.3880219978922003 	 1.3379586172301391e-10
0.3890219978922003 	 1.31995215526997e-10
0.3900219978922003 	 1.3022186443534304e-10
0.3910219978922003 	 1.284753103584151e-10
0.3920219978922003 	 1.2675506614536367e-10
0.3930219978922003 	 1.2506065530212676e-10
0.3940219978922003 	 1.2339161171777975e-10
0.3950219978922003 	 1.2174747939895093e-10
0.39602199789220033 	 1.2012781221203972e-10
0.39702199789220033 	 1.1853217363297493e-10
0.39802199789220033 	 1.1696013650426678e-10
0.39902199789220033 	 1.1541128279911124e-10
0.40002199789220033 	 1.1388520339231636e-10
0.40102199789220033 	 1.1238149783782793e-10
0.40202199789220033 	 1.1089977415264e-10
0.40302199789220033 	 1.0943964860688282e-10
0.40402199789220034 	 1.0800074551989e-10
0.40502199789220034 	 1.065826970620517e-10
0.40602199789220034 	 1.0518514306226867e-10
0.40702199789220034 	 1.0380773082083006e-10
0.40802199789220034 	 1.0245011492753991e-10
0.40902199789220034 	 1.0111195708492812e-10
0.41002199789220034 	 9.979292593638518e-11
0.41102199789220034 	 9.849269689906524e-11
0.41202199789220034 	 9.721095200140864e-11
0.41302199789220034 	 9.594737972514012e-11
0.41402199789220034 	 9.470167485160288e-11
0.41502199789220034 	 9.347353831229396e-11
0.41602199789220035 	 9.226267704347298e-11
0.41702199789220035 	 9.106880384471691e-11
0.41802199789220035 	 8.9891637241301e-11
0.41902199789220035 	 8.873089371090848e-11
0.42002199789220035 	 8.758632433881632e-11
0.42102199789220035 	 8.64576452680878e-11
0.42202199789220035 	 8.53445990954965e-11
0.42302199789220035 	 8.424692991020517e-11
0.42402199789220035 	 8.316438392072563e-11
0.42502199789220035 	 8.209671082503171e-11
0.42602199789220035 	 8.104366384591187e-11
0.42702199789220036 	 8.00049997337165e-11
0.42802199789220036 	 7.898047877249665e-11
0.42902199789220036 	 7.796986478047416e-11
0.43002199789220036 	 7.697292510755355e-11
0.43102199789220036 	 7.598943062949026e-11
0.43202199789220036 	 7.50191557391211e-11
0.43302199789220036 	 7.406187833483925e-11
0.43402199789220036 	 7.311737980653742e-11
0.43502199789220036 	 7.218544501921898e-11
0.43602199789220036 	 7.126586229446595e-11
0.43702199789220036 	 7.03584233899447e-11
0.43802199789220037 	 6.94629234771149e-11
0.43902199789220037 	 6.857916111730314e-11
0.44002199789220037 	 6.770693823628848e-11
0.44102199789220037 	 6.684606009753981e-11
0.44202199789220037 	 6.599633527423757e-11
0.44302199789220037 	 6.515757562020246e-11
0.44402199789220037 	 6.432959623984643e-11
0.44502199789220037 	 6.351221545725419e-11
0.4460219978922004 	 6.270525478449656e-11
0.4470219978922004 	 6.190853888926983e-11
0.4480219978922004 	 6.112189556194884e-11
0.4490219978922004 	 6.034515568213686e-11
0.4500219978922004 	 5.957815318478706e-11
0.4510219978922004 	 5.882072502596775e-11
0.4520219978922004 	 5.807271114833655e-11
0.4530219978922004 	 5.7333954446383945e-11
0.4540219978922004 	 5.660430073150354e-11
0.4550219978922004 	 5.588359869693918e-11
0.4560219978922004 	 5.517169988265829e-11
0.4570219978922004 	 5.446845864019356e-11
0.4580219978922004 	 5.377373209749402e-11
0.4590219978922004 	 5.308738012382099e-11
0.4600219978922004 	 5.2409265294722583e-11
0.4610219978922004 	 5.173925285711632e-11
0.4620219978922004 	 5.107721069450645e-11
0.4630219978922004 	 5.042300929236009e-11
0.4640219978922004 	 4.9776521703663506e-11
0.4650219978922004 	 4.9137623514677305e-11
0.4660219978922004 	 4.850619281090649e-11
0.4670219978922004 	 4.788211014329957e-11
0.4680219978922004 	 4.726525849468907e-11
0.4690219978922004 	 4.665552324648233e-11
0.4700219978922004 	 4.6052792145611273e-11
0.4710219978922004 	 4.545695527174759e-11
0.4720219978922004 	 4.4867905004786314e-11
0.4730219978922004 	 4.428553599260293e-11
0.4740219978922004 	 4.370974511908326e-11
0.4750219978922004 	 4.3140431472427394e-11
0.4760219978922004 	 4.2577496313726367e-11
0.4770219978922004 	 4.202084304580842e-11
0.4780219978922004 	 4.1470377182351815e-11
0.4790219978922004 	 4.0926006317259633e-11
0.4800219978922004 	 4.0387640094289546e-11
0.4810219978922004 	 3.985519017693691e-11
0.4820219978922004 	 3.932857021854856e-11
0.4830219978922004 	 3.8807695832710406e-11
0.4840219978922004 	 3.829248456371994e-11
0.4850219978922004 	 3.778285585778485e-11
0.4860219978922004 	 3.727873103257333e-11
0.4870219978922004 	 3.678003322212137e-11
0.4880219978922004 	 3.628668746177483e-11
0.4890219978922004 	 3.5798620486463955e-11
0.4900219978922004 	 3.5315760819731356e-11
0.4910219978922004 	 3.483803871452153e-11
0.4920219978922004 	 3.436538612639797e-11
0.4930219978922004 	 3.3897736685374435e-11
0.4940219978922004 	 3.3435025668258344e-11
0.4950219978922004 	 3.2977189970995835e-11
0.4960219978922004 	 3.252416808113677e-11
0.4970219978922004 	 3.2075900050374407e-11
0.4980219978922004 	 3.1632327467157376e-11
0.4990219978922004 	 3.1193393429360044e-11
0.5000219978922004 	 3.0759042517001804e-11
0.5010219978922004 	 3.032922076500403e-11
0.5020219978922004 	 2.9903875635975225e-11
0.5030219978922004 	 2.9482955993014335e-11
0.5040219978922004 	 2.9066412072523325e-11
0.5050219978922004 	 2.865419545702077e-11
0.5060219978922004 	 2.824625904794765e-11
0.5070219978922004 	 2.784255703845905e-11
0.5080219978922004 	 2.744304488619449e-11
0.5090219978922004 	 2.7047679286020894e-11
0.5100219978922004 	 2.6656418142743465e-11
0.5110219978922004 	 2.626922054377978e-11
0.5120219978922004 	 2.5886046731793333e-11
0.5130219978922004 	 2.5506858077284486e-11
0.5140219978922004 	 2.5131617051136174e-11
0.5150219978922004 	 2.4760287197114223e-11
0.5160219978922004 	 2.4392833104321724e-11
0.5170219978922004 	 2.4029220379608798e-11
0.5180219978922004 	 2.3669415619939686e-11
0.5190219978922004 	 2.331338638472e-11
0.5200219978922004 	 2.2961101168088083e-11
0.5210219978922004 	 2.2612529371176617e-11
0.5220219978922004 	 2.2267641274345216e-11
0.5230219978922004 	 2.1926408009410475e-11
0.5240219978922004 	 2.1588801531812535e-11
0.5250219978922004 	 2.125479459297465e-11
0.5260219978922004 	 2.092436071197172e-11
0.5270219978922004 	 2.059747413785126e-11
0.5280219978922004 	 2.0274109865036196e-11
0.5290219978922004 	 1.9954243539219147e-11
0.5300219978922004 	 1.9637851468858243e-11
0.5310219978922004 	 1.9324910611271795e-11
0.5320219978922004 	 1.9015398506225822e-11
0.5330219978922004 	 1.8709293275332833e-11
0.5340219978922004 	 1.840657358768934e-11
0.5350219978922004 	 1.81072186330549e-11
0.5360219978922004 	 1.7811208094858223e-11
0.5370219978922004 	 1.7518522123470734e-11
0.5380219978922004 	 1.7229141309658032e-11
0.5390219978922004 	 1.6943046658258327e-11
0.5400219978922004 	 1.666021956210156e-11
0.5410219978922004 	 1.63806417761933e-11
0.5420219978922004 	 1.6104295392181133e-11
0.5430219978922004 	 1.5831162813138838e-11
0.5440219978922004 	 1.5561226728644767e-11
0.5450219978922004 	 1.5294470090340855e-11
0.5460219978922004 	 1.5030876087403332e-11
0.5470219978922004 	 1.4770428116387565e-11
0.5480219978922004 	 1.451310978545356e-11
0.5490219978922004 	 1.4258904727432699e-11
0.5500219978922004 	 1.4007796450366431e-11
0.5510219978922004 	 1.3759768594601666e-11
0.5520219978922004 	 1.3514804957249023e-11
0.5530219978922004 	 1.327288946725673e-11
0.5540219978922004 	 1.3034006161310641e-11
0.5550219978922004 	 1.2798139160452164e-11
0.5560219978922004 	 1.2565272647458894e-11
0.5570219978922004 	 1.2335390844992407e-11
0.5580219978922004 	 1.2108477994527203e-11
0.5590219978922004 	 1.1884518336071607e-11
0.5600219978922004 	 1.1663496088691078e-11
0.5610219978922004 	 1.1445395431843988e-11
0.5620219978922004 	 1.1230200487536796e-11
0.5630219978922004 	 1.1017895303312115e-11
0.5640219978922004 	 1.0808463836055954e-11
0.5650219978922004 	 1.0601889936701768e-11
0.5660219978922004 	 1.0398157335577572e-11
0.5670219978922004 	 1.019724962600752e-11
0.5680219978922004 	 9.999150263554078e-12
0.5690219978922004 	 9.803842535504402e-12
0.5700219978922004 	 9.61130956246591e-12
0.5710219978922004 	 9.42153428472699e-12
0.5720219978922004 	 9.234499452980651e-12
0.5730219978922004 	 9.050187619728439e-12
0.5740219978922004 	 8.868581131560104e-12
0.5750219978922004 	 8.689662122249952e-12
0.5760219978922004 	 8.513412506674721e-12
0.5770219978922004 	 8.339813975539993e-12
0.5780219978922004 	 8.168847990904705e-12
0.5790219978922004 	 8.00049578249124e-12
0.5800219978922004 	 7.834738344769151e-12
0.5810219978922004 	 7.671556434791491e-12
0.5820219978922004 	 7.510930570791494e-12
0.5830219978922004 	 7.352841031438283e-12
0.5840219978922004 	 7.19726785496257e-12
0.5850219978922004 	 7.044190843760543e-12
0.5860219978922004 	 6.893589559735011e-12
0.5870219978922004 	 6.745443330441363e-12
0.5880219978922004 	 6.599731250643913e-12
0.5890219978922004 	 6.4564321855445146e-12
0.5900219978922004 	 6.315524773541396e-12
0.5910219978922004 	 6.176987435278302e-12
0.5920219978922004 	 6.04079837135325e-12
0.5930219978922004 	 5.906935572598486e-12
0.5940219978922004 	 5.775376825064221e-12
0.5950219978922004 	 5.6460997158283225e-12
0.5960219978922005 	 5.5190816402059656e-12
0.5970219978922005 	 5.3942998088505684e-12
0.5980219978922005 	 5.271731255347806e-12
0.5990219978922005 	 5.151352844159837e-12
0.6000219978922005 	 5.033141278899139e-12
0.6010219978922005 	 4.917073110904365e-12
0.6020219978922005 	 4.803124748092767e-12
0.6030219978922005 	 4.691272464063321e-12
0.6040219978922005 	 4.581492407424939e-12
0.6050219978922005 	 4.473760611325303e-12
0.6060219978922005 	 4.368053003152447e-12
0.6070219978922005 	 4.26434541439588e-12
0.6080219978922005 	 4.162613590602776e-12
0.6090219978922005 	 4.0628332010404945e-12
0.6100219978922005 	 3.96497985071539e-12
0.6110219978922005 	 3.86902908772497e-12
0.6120219978922005 	 3.77495641548492e-12
0.6130219978922005 	 3.682737302474519e-12
0.6140219978922005 	 3.592347192527882e-12
0.6150219978922005 	 3.5037615150591353e-12
0.6160219978922005 	 3.416955695042683e-12
0.6170219978922005 	 3.331905164120409e-12
0.6180219978922005 	 3.2485853691527864e-12
0.6190219978922005 	 3.1669717832151568e-12
0.6200219978922005 	 3.0870399151686108e-12
0.6210219978922005 	 3.008765319391755e-12
0.6220219978922005 	 2.932123605358317e-12
0.6230219978922005 	 2.8570904470632545e-12
0.6240219978922005 	 2.7836415922807672e-12
0.6250219978922005 	 2.7117528716434268e-12
0.6260219978922005 	 2.64140020753133e-12
0.6270219978922005 	 2.5725596227611774e-12
0.6280219978922005 	 2.5052072490660226e-12
0.6290219978922005 	 2.4393193353570717e-12
0.6300219978922005 	 2.3748722557601106e-12
0.6310219978922005 	 2.3118425174186952e-12
0.6320219978922005 	 2.25020676806088e-12
0.6330219978922005 	 2.1899418033137082e-12
0.6340219978922005 	 2.1310245736775015e-12
0.6350219978922005 	 2.073432191775856e-12
0.6360219978922005 	 2.0171419381646113e-12
0.6370219978922005 	 1.962131268439533e-12
0.6380219978922005 	 1.9083778186263467e-12
0.6390219978922005 	 1.855859411326901e-12
0.6400219978922005 	 1.804554061136235e-12
0.6410219978922005 	 1.7544399798978801e-12
0.6420219978922005 	 1.7054955816905704e-12
0.6430219978922005 	 1.6576994875530401e-12
0.6440219978922005 	 1.6110305299465578e-12
0.6450219978922005 	 1.5654677569572474e-12
0.6460219978922005 	 1.5209904362400937e-12
0.6470219978922005 	 1.4775780587073023e-12
0.6480219978922005 	 1.435210341963412e-12
0.6490219978922005 	 1.3938672334916562e-12
0.6500219978922005 	 1.3535289135910298e-12
0.6510219978922005 	 1.3141757980341487e-12
0.6520219978922005 	 1.2757885406999806e-12
0.6530219978922005 	 1.2383480355293316e-12
0.6540219978922005 	 1.201835418706346e-12
0.6550219978922005 	 1.1662320703805143e-12
0.6560219978922005 	 1.1315196162209756e-12
0.6570219978922005 	 1.09767992875454e-12
0.6580219978922005 	 1.0646951284956026e-12
0.6590219978922005 	 1.0325475848727654e-12
0.6600219978922005 	 1.0012199169579584e-12
0.6610219978922005 	 9.706949940037328e-13
0.6620219978922005 	 9.40955935794524e-13
0.6630219978922005 	 9.119861128177933e-13
0.6640219978922005 	 8.837691462607542e-13
0.6650219978922005 	 8.562889078369046e-13
0.6660219978922005 	 8.295295194611843e-13
0.6670219978922005 	 8.034753527458743e-13
0.6680219978922005 	 7.781110283691124e-13
0.6690219978922005 	 7.53421415277933e-13
0.6700219978922005 	 7.293916298055093e-13
0.6710219978922005 	 7.060070345510105e-13
0.6720219978922005 	 6.832532372401821e-13
0.6730219978922005 	 6.611160894089711e-13
0.6740219978922005 	 6.395816849840539e-13
0.6750219978922005 	 6.186363587524957e-13
0.6760219978922005 	 5.98266684721413e-13
0.6770219978922005 	 5.784594744121115e-13
0.6780219978922005 	 5.592017749909924e-13
0.6790219978922005 	 5.404808673837621e-13
0.6800219978922005 	 5.222842642693735e-13
0.6810219978922005 	 5.045997080039247e-13
0.6820219978922005 	 4.874151684709417e-13
0.6830219978922005 	 4.707188408632823e-13
0.6840219978922005 	 4.544991434011992e-13
0.6850219978922005 	 4.3874471499123107e-13
0.6860219978922005 	 4.234444128300288e-13
0.6870219978922005 	 4.0858730995477e-13
0.6880219978922005 	 3.9416269276399364e-13
0.6890219978922005 	 3.801600584611626e-13
0.6900219978922005 	 3.6656911249565015e-13
0.6910219978922005 	 3.533797659467699e-13
0.6920219978922005 	 3.4058213290221226e-13
0.6930219978922005 	 3.2816652776465e-13
0.6940219978922005 	 3.1612346257995995e-13
0.6950219978922005 	 3.044436443211812e-13
0.6960219978922005 	 2.931179721601169e-13
0.6970219978922005 	 2.82137534724235e-13
0.6980219978922005 	 2.7149360734205163e-13
0.6990219978922005 	 2.611776492797374e-13
0.7000219978922005 	 2.51181300971629e-13
0.7010219978922005 	 2.414963812472062e-13
0.7020219978922005 	 2.321148845569949e-13
0.7030219978922005 	 2.230289781997101e-13
0.7040219978922005 	 2.142309995528889e-13
0.7050219978922005 	 2.0571345330911232e-13
0.7060219978922005 	 1.974690087198426e-13
0.7070219978922005 	 1.8949049684877848e-13
0.7080219978922005 	 1.8177090783654919e-13
0.7090219978922006 	 1.743033881784504e-13
0.7100219978922006 	 1.6708123801685236e-13
0.7110219978922006 	 1.600979084498006e-13
0.7120219978922006 	 1.5334699885724787e-13
0.7130219978922006 	 1.468222542462708e-13
0.7140219978922006 	 1.4051756261653954e-13
0.7150219978922006 	 1.3442695234722389e-13
0.7160219978922006 	 1.2854458960638705e-13
0.7170219978922006 	 1.2286477578400038e-13
0.7180219978922006 	 1.173819449500959e-13
0.7190219978922006 	 1.1209066133655089e-13
0.7200219978922006 	 1.0698561684721677e-13
0.7210219978922006 	 1.0206162859386158e-13
0.7220219978922006 	 9.731363646006461e-14
0.7230219978922006 	 9.273670069340214e-14
0.7240219978922006 	 8.832599952651921e-14
0.7250219978922006 	 8.407682682758688e-14
0.7260219978922006 	 7.998458978061572e-14
0.7270219978922006 	 7.604480659602457e-14
0.7280219978922006 	 7.225310425183287e-14
0.7290219978922006 	 6.86052162657811e-14
0.7300219978922006 	 6.509698049865375e-14
0.7310219978922006 	 6.172433698901957e-14
0.7320219978922006 	 5.84833258195239e-14
0.7330219978922006 	 5.537008501525767e-14
0.7340219978922006 	 5.23808484733042e-14
0.7350219978922006 	 4.951194392492494e-14
0.7360219978922006 	 4.675979092933046e-14
0.7370219978922006 	 4.412089889958309e-14
0.7380219978922006 	 4.159186516032689e-14
0.7390219978922006 	 3.9169373037544615e-14
0.7400219978922006 	 3.685018998008554e-14
0.7410219978922006 	 3.463116571293363e-14
0.7420219978922006 	 3.25092304220771e-14
0.7430219978922006 	 3.048139297083336e-14
0.7440219978922006 	 2.854473914745819e-14
0.7450219978922006 	 2.669642994385456e-14
0.7460219978922006 	 2.4933699865172173e-14
0.7470219978922006 	 2.3253855270077164e-14
0.7480219978922006 	 2.165427274145338e-14
0.7490219978922006 	 2.013239748728148e-14
0.7500219978922006 	 1.8685741771434123e-14
0.7510219978922006 	 1.731188337410613e-14
0.7520219978922006 	 1.6008464081596706e-14
0.7530219978922006 	 1.477318820514382e-14
0.7540219978922006 	 1.3603821128510503e-14
0.7550219978922006 	 1.2498187884008463e-14
0.7560219978922006 	 1.1454171756660865e-14
0.7570219978922006 	 1.0469712916153908e-14
0.7580219978922006 	 9.542807076309525e-15
0.7590219978922006 	 8.67150418173276e-15
0.7600219978922006 	 7.853907121347649e-15
0.7610219978922006 	 7.0881704685324395e-15
0.7620219978922006 	 6.372499247590343e-15
0.7630219978922006 	 5.705147726327453e-15
0.7640219978922006 	 5.084418234560067e-15
0.7650219978922006 	 4.5086600084525264e-15
0.7660219978922006 	 3.976268060681405e-15
0.7670219978922006 	 3.485682076605714e-15
0.7680219978922006 	 3.035385336820944e-15
0.7690219978922006 	 2.62390366681882e-15
0.7700219978922006 	 2.2498044148975128e-15
0.7710219978922006 	 1.9116954600859297e-15
0.7720219978922006 	 1.6082242523641305e-15
0.7730219978922006 	 1.3380768881655196e-15
0.7740219978922006 	 1.0999772224035788e-15
0.7750219978922006 	 8.926860153357008e-16
0.7760219978922006 	 7.150000895894312e-16
0.7770219978922006 	 5.657514361358331e-16
0.7780219978922006 	 4.438060411479569e-16
0.7790219978922006 	 3.4806196578357516e-16
0.7800219978922006 	 2.7744540921440946e-16
0.7810219978922006 	 2.309036022010751e-16
0.7820219978922006 	 2.0739750841907246e-16
0.7830219978922006 	 2.0592109310522284e-16
0.7840219978922006 	 2.2552906361080945e-16
0.7850219978922006 	 2.653269524842974e-16
0.7860219978922006 	 3.2444874897984296e-16
0.7870219978922006 	 4.020430675700939e-16
0.7880219978922006 	 4.972717949534618e-16
0.7890219978922006 	 6.093166413513001e-16
0.7900219978922006 	 7.373830103081187e-16
0.7910219978922006 	 8.80701080007647e-16
0.7920219978922006 	 1.0385254796273277e-15
0.7930219978922006 	 1.2101345645577062e-15
0.7940219978922006 	 1.3948296236713875e-15
0.7950219978922006 	 1.5919341318985222e-15
0.7960219978922006 	 1.8007930599665496e-15
0.7970219978922006 	 2.0207722353169078e-15
0.7980219978922006 	 2.2512577429736114e-15
0.7990219978922006 	 2.491655357763999e-15
0.8000219978922006 	 2.7413900015084852e-15
0.8010219978922006 	 2.9999052208706294e-15
0.8020219978922006 	 3.2666626829153597e-15
0.8030219978922006 	 3.541141686358344e-15
0.8040219978922006 	 3.822838687089305e-15
0.8050219978922006 	 4.11126683694806e-15
0.8060219978922006 	 4.405955534988874e-15
0.8070219978922006 	 4.706449990638628e-15
0.8080219978922006 	 5.01231079827086e-15
0.8090219978922006 	 5.323113522792937e-15
0.8100219978922006 	 5.638448295899767e-15
0.8110219978922006 	 5.957919422684418e-15
0.8120219978922006 	 6.281144998324466e-15
0.8130219978922006 	 6.607756534583643e-15
0.8140219978922006 	 6.937398595883366e-15
0.8150219978922006 	 7.269728444712101e-15
0.8160219978922006 	 7.604415696150216e-15
0.8170219978922006 	 7.941141981296124e-15
0.8180219978922006 	 8.279600619387374e-15
0.8190219978922006 	 8.619496298416115e-15
0.8200219978922006 	 8.96054476404434e-15
0.8210219978922007 	 9.302472516629627e-15
0.8220219978922007 	 9.64501651617683e-15
0.8230219978922007 	 9.987923895035523e-15
0.8240219978922007 	 1.033095167816758e-14
0.8250219978922007 	 1.0673866510813576e-14
0.8260219978922007 	 1.1016444393390025e-14
0.8270219978922007 	 1.1358470423453905e-14
0.8280219978922007 	 1.1699738544574244e-14
0.8290219978922007 	 1.2040051301954302e-14
0.8300219978922007 	 1.2379219604651122e-14
0.8310219978922007 	 1.2717062494242999e-14
0.8320219978922007 	 1.3053406919798092e-14
0.8330219978922007 	 1.3388087519001093e-14
0.8340219978922007 	 1.3720946405297785e-14
0.8350219978922007 	 1.4051832960919748e-14
0.8360219978922007 	 1.4380603635655815e-14
0.8370219978922007 	 1.4707121751237578e-14
0.8380219978922007 	 1.5031257311211052e-14
0.8390219978922007 	 1.5352886816167408e-14
0.8400219978922007 	 1.5671893084209647e-14
0.8410219978922007 	 1.5988165076533567e-14
0.8420219978922007 	 1.630159772800385e-14
0.8430219978922007 	 1.6612091782608624e-14
0.8440219978922007 	 1.6919553633677722e-14
0.8450219978922007 	 1.7223895168751674e-14
0.8460219978922007 	 1.7525033618990877e-14
0.8470219978922007 	 1.782289141301564e-14
0.8480219978922007 	 1.811739603506914e-14
0.8490219978922007 	 1.840847988740138e-14
0.8500219978922007 	 1.869608015676028e-14
0.8510219978922007 	 1.898013868489937e-14
0.8520219978922007 	 1.926060184299132e-14
0.8530219978922007 	 1.9537420409850085e-14
0.8540219978922007 	 1.9810549453862115e-14
0.8550219978922007 	 2.0079948218527453e-14
0.8560219978922007 	 2.0345580011513776e-14
0.8570219978922007 	 2.0607412097126078e-14
0.8580219978922007 	 2.0865415592096282e-14
0.8590219978922007 	 2.111956536459668e-14
0.8600219978922007 	 2.1369839936383185e-14
0.8610219978922007 	 2.1616221387973616e-14
0.8620219978922007 	 2.185869526676689e-14
0.8630219978922007 	 2.2097250498010655e-14
0.8640219978922007 	 2.233187929852356e-14
0.8650219978922007 	 2.256257709308055e-14
0.8660219978922007 	 2.2789342433368957e-14
0.8670219978922007 	 2.3012176919424325e-14
0.8680219978922007 	 2.3231085123455207e-14
0.8690219978922007 	 2.344607451596739e-14
0.8700219978922007 	 2.3657155394098397e-14
0.8710219978922007 	 2.386434081207299e-14
0.8720219978922007 	 2.406764651370316e-14
0.8730219978922007 	 2.4267090866821312e-14
0.8740219978922007 	 2.4462694799599172e-14
0.8750219978922007 	 2.4654481738643035e-14
0.8760219978922007 	 2.484247754879908e-14
0.8770219978922007 	 2.5026710474588977e-14
0.8780219978922007 	 2.5207211083203508e-14
0.8790219978922007 	 2.5384012208984995e-14
0.8800219978922007 	 2.5557148899331926e-14
0.8810219978922007 	 2.572665836196626e-14
0.8820219978922007 	 2.5892579913505955e-14
0.8830219978922007 	 2.6054954929293994e-14
0.8840219978922007 	 2.6213826794438576e-14
0.8850219978922007 	 2.6369240856027678e-14
0.8860219978922007 	 2.6521244376488354e-14
0.8870219978922007 	 2.66698864880682e-14
0.8880219978922007 	 2.6815218148426595e-14
0.8890219978922007 	 2.6957292097331158e-14
0.8900219978922007 	 2.709616281446562e-14
0.8910219978922007 	 2.723188647836586e-14
0.8920219978922007 	 2.7364520926511248e-14
0.8930219978922007 	 2.7494125616611448e-14
0.8940219978922007 	 2.7620761589138927e-14
0.8950219978922007 	 2.77444914311781e-14
0.8960219978922007 	 2.7865379241636878e-14
0.8970219978922007 	 2.7983490597990365e-14
0.8980219978922007 	 2.809889252455682e-14
0.8990219978922007 	 2.8211653462505365e-14
0.9000219978922007 	 2.8321843241699638e-14
0.9010219978922007 	 2.842953305453015e-14
0.9020219978922007 	 2.853479543189919e-14
0.9030219978922007 	 2.863770422150102e-14
0.9040219978922007 	 2.873833456889254e-14
0.9050219978922007 	 2.8836762900770356e-14
0.9060219978922007 	 2.893306691179133e-14
0.9070219978922007 	 2.9027325554314754e-14
0.9080219978922007 	 2.9119619031722494e-14
0.9090219978922007 	 2.921002879548892e-14
0.9100219978922007 	 2.9298637546344974e-14
0.9110219978922007 	 2.93855292398256e-14
0.9120219978922007 	 2.947078909657679e-14
0.9130219978922007 	 2.955450361773729e-14
0.9140219978922007 	 2.9636760605826486e-14
0.9150219978922007 	 2.9717649191523745e-14
0.9160219978922007 	 2.979725986678224e-14
0.9170219978922007 	 2.9875684524726175e-14
0.9180219978922007 	 2.9953016506854934e-14
0.9190219978922007 	 3.002935065804972e-14
0.9200219978922007 	 3.0104783389970255e-14
0.9210219978922007 	 3.017941275343657e-14
0.9220219978922007 	 3.0253338520449274e-14
0.9230219978922007 	 3.0326662276558727e-14
0.9240219978922007 	 3.039948752432052e-14
0.9250219978922007 	 3.0471919798687433e-14
0.9260219978922007 	 3.054406679521295e-14
0.9270219978922007 	 3.061603851204149e-14
0.9280219978922007 	 3.0687947406750456e-14
0.9290219978922007 	 3.075990856923084e-14
0.9300219978922007 	 3.083203991180578e-14
0.9310219978922007 	 3.090446237814656e-14
0.9320219978922007 	 3.097730017232332e-14
0.9330219978922007 	 3.1050681009908246e-14
0.9340219978922008 	 3.1124736392899075e-14
0.9350219978922008 	 3.119960191061654e-14
0.9360219978922008 	 3.127541756889986e-14
0.9370219978922008 	 3.135232815023004e-14
0.9380219978922008 	 3.143048360763413e-14
0.9390219978922008 	 3.1510039495684185e-14
0.9400219978922008 	 3.159115744217862e-14
0.9410219978922008 	 3.167400566460138e-14
0.9420219978922008 	 3.175875953593376e-14
0.9430219978922008 	 3.184560220496527e-14
0.9440219978922008 	 3.193472527693457e-14
0.9450219978922008 	 3.2026329561000094e-14
0.9460219978922008 	 3.212062589198624e-14
0.9470219978922008 	 3.2217836034933865e-14
0.9480219978922008 	 3.2318193682541544e-14
0.9490219978922008 	 3.24219455471453e-14
0.9500219978922008 	 3.252935260086064e-14
0.9510219978922008 	 3.26406913767688e-14
0.9520219978922008 	 3.2756255502113964e-14
0.9530219978922008 	 3.287635732832432e-14
0.9540219978922008 	 3.3001329777388146e-14
0.9550219978922008 	 3.3131528391218453e-14
0.9560219978922008 	 3.3267333616112244e-14
0.9570219978922008 	 3.340915336530777e-14
0.9580219978922008 	 3.355742588270379e-14
0.9590219978922008 	 3.3712622963505865e-14
0.9600219978922008 	 3.387525357533483e-14
0.9610219978922008 	 3.404586795164776e-14
0.9620219978922008 	 3.422506220941697e-14
0.9630219978922008 	 3.4413483593349075e-14
0.9640219978922008 	 3.4611836433137485e-14
0.9650219978922008 	 3.482088893423616e-14
0.9660219978922008 	 3.5041480939833326e-14
0.9670219978922008 	 3.527453282930273e-14
0.9680219978922008 	 3.552105575102429e-14
0.9690219978922008 	 3.578216342752366e-14
0.9700219978922008 	 3.605908582057751e-14
0.9710219978922008 	 3.635318500494251e-14
0.9720219978922008 	 3.6665973675860357e-14
0.9730219978922008 	 3.69991368105937e-14
0.9740219978922008 	 3.735455712446509e-14
0.9750219978922008 	 3.773434511386801e-14
0.9760219978922008 	 3.8140874670902574e-14
0.9770219978922008 	 3.857682548985049e-14
0.9780219978922008 	 3.904523391920097e-14
0.9790219978922008 	 3.9549553832330313e-14
0.9800219978922008 	 4.009373088920215e-14
0.9810219978922008 	 4.068229219662682e-14
0.9820219978922008 	 4.132045660525345e-14
0.9830219978922008 	 4.201427046496813e-14
0.9840219978922008 	 4.27707761680522e-14
0.9850219978922008 	 4.359822290771029e-14
0.9860219978922008 	 4.4506332319889814e-14
0.9870219978922008 	 4.5506636131394105e-14
0.9880219978922008 	 4.6473123613496586e-14
0.9890219978922008 	 4.7235792353857364e-14
0.9900219978922008 	 4.7864722229198954e-14
0.9910219978922008 	 4.8356170030535635e-14
0.9920219978922008 	 4.8689886002683244e-14
0.9930219978922008 	 4.8836256357517595e-14
0.9940219978922008 	 4.8758638710990436e-14
0.9950219978922008 	 4.841510471908873e-14
0.9960219978922008 	 4.741659344473111e-14
0.9970219978922008 	 4.557305233348713e-14
0.9980219978922008 	 4.307850573603099e-14
0.9990219978922008 	 4.0041382631462994e-14
1.0000219978922007 	 3.658568935572166e-14
1.0010219978922006 	 3.2853672787653274e-14
1.0020219978922005 	 2.89954555969311e-14
1.0030219978922004 	 2.5155151018900198e-14
1.0040219978922003 	 2.145823949033706e-14
1.0050219978922001 	 1.8003052235529735e-14
1.0060219978922 	 1.485735522935122e-14
1.0070219978922 	 1.2059482164743182e-14
1.0080219978921998 	 9.622582303238102e-15
1.0090219978921997 	 7.54036538135792e-15
1.0100219978921996 	 5.793017882810719e-15
1.0110219978921995 	 4.35244532734814e-15
1.0120219978921994 	 3.1864485707508905e-15
1.0130219978921993 	 2.2617712189739494e-15
1.0140219978921992 	 1.546140103268321e-15
1.015021997892199 	 1.0095048244374294e-15
1.016021997892199 	 6.246805260860431e-16
1.0170219978921988 	 3.675895141761138e-16
1.0180219978921987 	 2.1722360304477553e-16
1.0190219978921986 	 1.5544558088201712e-16
1.0200219978921985 	 1.66578494724471e-16
1.0210219978921984 	 2.3762468242417065e-16
1.0220219978921983 	 3.5750234146482843e-16
1.0230219978921982 	 5.169111044042152e-16
1.024021997892198 	 7.07969589838889e-16
1.025021997892198 	 9.241150240876824e-16
1.0260219978921978 	 1.1598550407469838e-15
1.0270219978921977 	 1.4106203400731917e-15
1.0280219978921976 	 1.6726054975355508e-15
1.0290219978921975 	 1.9426504753510065e-15
1.0300219978921974 	 2.218134009674343e-15
1.0310219978921973 	 2.496886800181601e-15
1.0320219978921972 	 2.7771176289310506e-15
1.033021997892197 	 3.057351856205268e-15
1.034021997892197 	 3.3363797926021705e-15
1.0350219978921968 	 3.613213541059737e-15
1.0360219978921967 	 3.8870508635100356e-15
1.0370219978921966 	 4.157244940304592e-15
1.0380219978921965 	 4.423279044233701e-15
1.0390219978921964 	 4.684745320184893e-15
1.0400219978921963 	 4.941326992266394e-15
1.0410219978921962 	 5.19278343405122e-15
1.042021997892196 	 5.438937631631555e-15
1.043021997892196 	 5.679665647990477e-15
1.0440219978921959 	 5.914887762689166e-15
1.0450219978921957 	 6.144561015332963e-15
1.0460219978921956 	 6.368672926189527e-15
1.0470219978921955 	 6.587236206683571e-15
1.0480219978921954 	 6.8002842989976735e-15
1.0490219978921953 	 7.007867616636677e-15
1.0500219978921952 	 7.210050373745078e-15
1.051021997892195 	 7.40690791122088e-15
1.052021997892195 	 7.59852444169528e-15
1.0530219978921949 	 7.784991150905513e-15
1.0540219978921948 	 7.966404596033096e-15
1.0550219978921946 	 8.14286536009276e-15
1.0560219978921945 	 8.314476920314582e-15
1.0570219978921944 	 8.481344698992992e-15
1.0580219978921943 	 8.643575268916831e-15
1.0590219978921942 	 8.801275690020305e-15
1.060021997892194 	 8.954552957425824e-15
1.061021997892194 	 9.103513544096008e-15
1.0620219978921939 	 9.24826203320594e-15
1.0630219978921938 	 9.388890432974502e-15
1.0640219978921936 	 9.525501599028009e-15
1.0650219978921935 	 9.658197095657139e-15
1.0660219978921934 	 9.787075969039937e-15
1.0670219978921933 	 9.912235142211476e-15
1.0680219978921932 	 1.0033769435963065e-14
1.069021997892193 	 1.0151771535722963e-14
1.070021997892193 	 1.0266331972021261e-14
1.0710219978921929 	 1.0377539088747496e-14
1.0720219978921928 	 1.0485479044949796e-14
1.0730219978921927 	 1.059023580974972e-14
1.0740219978921925 	 1.069189117420804e-14
1.0750219978921924 	 1.0790524769594911e-14
1.0760219978921923 	 1.0886214091413535e-14
1.0770219978921922 	 1.0979034533426024e-14
1.078021997892192 	 1.1069059417197028e-14
1.079021997892192 	 1.1156360034227908e-14
1.0800219978921919 	 1.1241005685488284e-14
1.0810219978921918 	 1.1323063728881643e-14
1.0820219978921917 	 1.1402599618568083e-14
1.0830219978921916 	 1.147967695421933e-14
1.0840219978921914 	 1.1554357531228644e-14
1.0850219978921913 	 1.1626701379754384e-14
1.0860219978921912 	 1.1696766824183337e-14
1.0870219978921911 	 1.1764610520585059e-14
1.088021997892191 	 1.1830287505014557e-14
1.089021997892191 	 1.1893851244410666e-14
1.0900219978921908 	 1.1955353682743908e-14
1.0910219978921907 	 1.2014845281451606e-14
1.0920219978921906 	 1.2072375064828297e-14
1.0930219978921905 	 1.2127990662306497e-14
1.0940219978921903 	 1.2181738363984646e-14
1.0950219978921902 	 1.223366313922797e-14
1.0960219978921901 	 1.2283808693688238e-14
1.09702199789219 	 1.2332217507202628e-14
1.09802199789219 	 1.2378930863653022e-14
1.0990219978921898 	 1.2423988897696336e-14
1.1000219978921897 	 1.2467430603243733e-14
1.1010219978921896 	 1.2509294010965846e-14
1.1020219978921895 	 1.2549621528060351e-14
1.1030219978921894 	 1.2588446897873858e-14
1.1040219978921892 	 1.2625801458070073e-14
1.1050219978921891 	 1.2661716636769086e-14
1.106021997892189 	 1.2696223948878687e-14
1.107021997892189 	 1.272935501004096e-14
1.1080219978921888 	 1.2761141527182426e-14
1.1090219978921887 	 1.2791615302134176e-14
1.1100219978921886 	 1.2820808232937395e-14
1.1110219978921885 	 1.2848752300252753e-14
1.1120219978921884 	 1.2875478191393156e-14
1.1130219978921883 	 1.2901011436934551e-14
1.1140219978921881 	 1.2925376298199651e-14
1.115021997892188 	 1.2948596957472002e-14
1.116021997892188 	 1.2970697540990711e-14
1.1170219978921878 	 1.2991702096487529e-14
1.1180219978921877 	 1.3011634614098451e-14
1.1190219978921876 	 1.3030519024218727e-14
1.1200219978921875 	 1.3048379187365542e-14
1.1210219978921874 	 1.3065238912794786e-14
1.1220219978921873 	 1.3081121149310196e-14
1.1230219978921872 	 1.3096045857830174e-14
1.124021997892187 	 1.311003218118854e-14
1.125021997892187 	 1.3123099160440409e-14
1.1260219978921868 	 1.313526570926592e-14
1.1270219978921867 	 1.3146550635595803e-14
1.1280219978921866 	 1.3156972628166731e-14
1.1290219978921865 	 1.316655027759283e-14
1.1300219978921864 	 1.3175302048216651e-14
1.1310219978921863 	 1.3183246313685263e-14
1.1320219978921862 	 1.3190400813885106e-14
1.133021997892186 	 1.3196781291960574e-14
1.134021997892186 	 1.3202402907547721e-14
1.1350219978921858 	 1.3207142703626387e-14
1.1360219978921857 	 1.3211297571368113e-14
1.1370219978921856 	 1.3214738152501142e-14
1.1380219978921855 	 1.321747911831645e-14
1.1390219978921854 	 1.3219535016041871e-14
1.1400219978921853 	 1.322092028764797e-14
1.1410219978921852 	 1.322164924077534e-14
1.142021997892185 	 1.3221735764037274e-14
1.143021997892185 	 1.3221192417159032e-14
1.1440219978921848 	 1.3220031367602767e-14
1.1450219978921847 	 1.3218264656805774e-14
1.1460219978921846 	 1.3215904222486133e-14
1.1470219978921845 	 1.321296187037843e-14
1.1480219978921844 	 1.3209449307054836e-14
1.1490219978921843 	 1.3205378127375186e-14
1.1500219978921842 	 1.32007598011032e-14
1.151021997892184 	 1.3195605705857246e-14
1.152021997892184 	 1.318992688968006e-14
1.1530219978921838 	 1.3183733521268725e-14
1.1540219978921837 	 1.3177035472579704e-14
1.1550219978921836 	 1.3169842520259351e-14
1.1560219978921835 	 1.3162164333005192e-14
1.1570219978921834 	 1.3154010472553145e-14
1.1580219978921833 	 1.3145390412766514e-14
1.1590219978921832 	 1.3136313510432732e-14
1.160021997892183 	 1.3126789041275767e-14
1.161021997892183 	 1.311682617087655e-14
1.1620219978921829 	 1.3106433840726708e-14
1.1630219978921827 	 1.3095620406809424e-14
1.1640219978921826 	 1.3084394005488413e-14
1.1650219978921825 	 1.3072762696408038e-14
1.1660219978921824 	 1.306073443178108e-14
1.1670219978921823 	 1.3048317089180675e-14
1.1680219978921822 	 1.3035518458462803e-14
1.169021997892182 	 1.3022346228254796e-14
1.170021997892182 	 1.3008808018731199e-14
1.1710219978921819 	 1.2994911352289136e-14
1.1720219978921818 	 1.2980663595425398e-14
1.1730219978921816 	 1.296607172587242e-14
1.1740219978921815 	 1.295114257911937e-14
1.1750219978921814 	 1.293588291314829e-14
1.1760219978921813 	 1.2920299393454635e-14
1.1770219978921812 	 1.2904398625419814e-14
1.178021997892181 	 1.288818712531416e-14
1.179021997892181 	 1.287167133830824e-14
1.1800219978921809 	 1.2854857639234375e-14
1.1810219978921808 	 1.2837752317621838e-14
1.1820219978921807 	 1.2820361560171633e-14
1.1830219978921805 	 1.280269132546686e-14
1.1840219978921804 	 1.278474699166378e-14
1.1850219978921803 	 1.2766534833460188e-14
1.1860219978921802 	 1.2748059858841665e-14
1.18702199789218 	 1.2729328110549078e-14
1.18802199789218 	 1.2710345497424695e-14
1.1890219978921799 	 1.2691117519272478e-14
1.1900219978921798 	 1.2671649617237678e-14
1.1910219978921797 	 1.2651947158759114e-14
1.1920219978921796 	 1.2632015445208753e-14
1.1930219978921794 	 1.2611859683376122e-14
1.1940219978921793 	 1.2591484994972115e-14
1.1950219978921792 	 1.2570896452266464e-14
1.1960219978921791 	 1.25500990633456e-14
1.197021997892179 	 1.2529097766347397e-14
1.198021997892179 	 1.2507897445453075e-14
1.1990219978921788 	 1.2486502915994583e-14
1.2000219978921787 	 1.2464918941701394e-14
1.2010219978921786 	 1.244315022162314e-14
1.2020219978921785 	 1.2421201409602856e-14
1.2030219978921783 	 1.2399077179351145e-14
1.2040219978921782 	 1.237678216301165e-14
1.2050219978921781 	 1.2354320919512331e-14
1.206021997892178 	 1.233169796514073e-14
1.207021997892178 	 1.2308917743909263e-14
1.2080219978921778 	 1.2285984651890941e-14
1.2090219978921777 	 1.2262903022777012e-14
1.2100219978921776 	 1.223967712813628e-14
1.2110219978921775 	 1.2216311189829354e-14
1.2120219978921773 	 1.219280941938861e-14
1.2130219978921772 	 1.2169176125857456e-14
1.2140219978921771 	 1.2145415612111797e-14
1.215021997892177 	 1.2121532120849963e-14
1.216021997892177 	 1.2097529828914128e-14
1.2170219978921768 	 1.2073412862547953e-14
1.2180219978921767 	 1.204918528292592e-14
1.2190219978921766 	 1.202485110117451e-14
1.2200219978921765 	 1.2000414272905405e-14
1.2210219978921764 	 1.197587868393496e-14
1.2220219978921762 	 1.1951248246414422e-14
1.2230219978921761 	 1.1926527075514849e-14
1.224021997892176 	 1.1901719280159548e-14
1.225021997892176 	 1.187682891323665e-14
1.2260219978921758 	 1.1851859971718006e-14
1.2270219978921757 	 1.1826816382374182e-14
1.2280219978921756 	 1.1801702021116882e-14
1.2290219978921755 	 1.1776520704847992e-14
1.2300219978921754 	 1.1751276183206334e-14
1.2310219978921753 	 1.1725972158819495e-14
1.2320219978921751 	 1.1700612359417513e-14
1.233021997892175 	 1.1675200815913656e-14
1.234021997892175 	 1.1649741575429118e-14
1.2350219978921748 	 1.1624238620808356e-14
1.2360219978921747 	 1.1598695870859654e-14
1.2370219978921746 	 1.1573117180359691e-14
1.2380219978921745 	 1.1547506340889152e-14
1.2390219978921744 	 1.1521867081383145e-14
1.2400219978921743 	 1.1496203068564177e-14
1.2410219978921742 	 1.147051790721899e-14
1.242021997892174 	 1.144481525893849e-14
1.243021997892174 	 1.1419099165591566e-14
1.2440219978921738 	 1.139337370367108e-14
1.2450219978921737 	 1.1367642879956445e-14
1.2460219978921736 	 1.1341910631830274e-14
1.2470219978921735 	 1.1316180827282026e-14
1.2480219978921734 	 1.1290457266010913e-14
1.2490219978921733 	 1.1264743680149953e-14
1.2500219978921732 	 1.1239043734833374e-14
1.251021997892173 	 1.1213361028553563e-14
1.252021997892173 	 1.1187699233184887e-14
1.2530219978921728 	 1.1162062473680042e-14
1.2540219978921727 	 1.1136454927658288e-14
1.2550219978921726 	 1.1110880691495089e-14
1.2560219978921725 	 1.1085343788061515e-14
1.2570219978921724 	 1.105984816494657e-14
1.2580219978921723 	 1.1034397695950367e-14
1.2590219978921722 	 1.1008996182071828e-14
1.260021997892172 	 1.0983647352285514e-14
1.261021997892172 	 1.0958354864035835e-14
1.2620219978921718 	 1.0933122458766769e-14
1.2630219978921717 	 1.090795438591273e-14
1.2640219978921716 	 1.0882854950229912e-14
1.2650219978921715 	 1.0857828375422835e-14
1.2660219978921714 	 1.0832878804796647e-14
1.2670219978921713 	 1.080801030133851e-14
1.2680219978921712 	 1.078322684975933e-14
1.269021997892171 	 1.0758532357846442e-14
1.270021997892171 	 1.0733930657525715e-14
1.2710219978921709 	 1.070942550553734e-14
1.2720219978921707 	 1.068502074356007e-14
1.2730219978921706 	 1.0660720735313e-14
1.2740219978921705 	 1.063652990100302e-14
1.2750219978921704 	 1.0612452577263085e-14
1.2760219978921703 	 1.0588493018035284e-14
1.2770219978921702 	 1.0564655394670944e-14
1.27802199789217 	 1.0540943798684198e-14
1.27902199789217 	 1.0517362243563591e-14
1.2800219978921699 	 1.0493914666182584e-14
1.2810219978921698 	 1.047060492767503e-14
1.2820219978921696 	 1.0447436964636724e-14
1.2830219978921695 	 1.0424415173650334e-14
1.2840219978921694 	 1.0401544011358458e-14
1.2850219978921693 	 1.0378827849091237e-14
1.2860219978921692 	 1.0356270978307441e-14
1.287021997892169 	 1.0333877610597459e-14
1.288021997892169 	 1.031165188133205e-14
1.2890219978921689 	 1.028959785200678e-14
1.2900219978921688 	 1.026771947829915e-14
1.2910219978921686 	 1.024602054356796e-14
1.2920219978921685 	 1.0224504987706691e-14
1.2930219978921684 	 1.0203177096596468e-14
1.2940219978921683 	 1.018204117769343e-14
1.2950219978921682 	 1.0161101467801205e-14
1.296021997892168 	 1.0140362133866675e-14
1.297021997892168 	 1.011982727276093e-14
1.2980219978921679 	 1.009950091608573e-14
1.2990219978921678 	 1.0079386999807595e-14
1.3000219978921677 	 1.0059489154675126e-14
1.3010219978921675 	 1.003981116649551e-14
1.3020219978921674 	 1.0020356856560775e-14
1.3030219978921673 	 1.0001130114435028e-14
1.3040219978921672 	 9.982134804713584e-15
1.305021997892167 	 9.963374740065173e-15
1.306021997892167 	 9.944853682485688e-15
1.3070219978921669 	 9.926575341462728e-15
1.3080219978921668 	 9.908543380575434e-15
1.3090219978921667 	 9.890761420629774e-15
1.3100219978921666 	 9.873233041849339e-15
1.3110219978921664 	 9.855961784822198e-15
1.3120219978921663 	 9.838951067170433e-15
1.3130219978921662 	 9.822203969259435e-15
1.3140219978921661 	 9.805723473445749e-15
1.315021997892166 	 9.78951253788137e-15
1.316021997892166 	 9.773574096427848e-15
1.3170219978921658 	 9.757911055721132e-15
1.3180219978921657 	 9.742526302785901e-15
1.3190219978921656 	 9.727422708952222e-15
1.3200219978921655 	 9.712603132087558e-15
1.3210219978921653 	 9.698070416082879e-15
1.3220219978921652 	 9.683827153853597e-15
1.3230219978921651 	 9.669875060724914e-15
1.324021997892165 	 9.656215652936886e-15
1.325021997892165 	 9.642850454763264e-15
1.3260219978921648 	 9.629780996732425e-15
1.3270219978921647 	 9.617008809266662e-15
1.3280219978921646 	 9.60453542975104e-15
1.3290219978921645 	 9.592362419774101e-15
1.3300219978921644 	 9.580491347074248e-15
1.3310219978921642 	 9.568895635217375e-15
1.3320219978921641 	 9.557515732866788e-15
1.333021997892164 	 9.546387465135042e-15
1.334021997892164 	 9.535520421614547e-15
1.3350219978921638 	 9.524918639660018e-15
1.3360219978921637 	 9.514584140255664e-15
1.3370219978921636 	 9.504517968348862e-15
1.3380219978921635 	 9.494720600682185e-15
1.3390219978921634 	 9.485192166091433e-15
1.3400219978921633 	 9.475932564798144e-15
1.3410219978921631 	 9.466941536116871e-15
1.342021997892163 	 9.458218120392355e-15
1.343021997892163 	 9.449759152401926e-15
1.3440219978921628 	 9.44156092951655e-15
1.3450219978921627 	 9.433619729068081e-15
1.3460219978921626 	 9.425931813269613e-15
1.3470219978921625 	 9.418493417804492e-15
1.3480219978921624 	 9.411300783622221e-15
1.3490219978921623 	 9.40435017107794e-15
1.3500219978921622 	 9.397637867201985e-15
1.351021997892162 	 9.391160182080759e-15
1.352021997892162 	 9.384912754267842e-15
1.3530219978921618 	 9.378888736289458e-15
1.3540219978921617 	 9.373080748850588e-15
1.3550219978921616 	 9.367481478742525e-15
1.3560219978921615 	 9.362083670597478e-15
1.3570219978921614 	 9.35688009886621e-15
1.3580219978921613 	 9.351863611342128e-15
1.3590219978921612 	 9.347027149691192e-15
1.360021997892161 	 9.342363757120453e-15
1.361021997892161 	 9.337866572730756e-15
1.3620219978921608 	 9.333528119431233e-15
1.3630219978921607 	 9.329338509358827e-15
1.3640219978921606 	 9.325287411109886e-15
1.3650219978921605 	 9.321364657048908e-15
1.3660219978921604 	 9.317560236055272e-15
1.3670219978921603 	 9.313864254208934e-15
1.3680219978921602 	 9.310267010339107e-15
1.36902199789216 	 9.30675903413195e-15
1.37002199789216 	 9.30333110516727e-15
1.3710219978921598 	 9.299974252104036e-15
1.3720219978921597 	 9.296679160980253e-15
1.3730219978921596 	 9.29343476072955e-15
1.3740219978921595 	 9.29022984339132e-15
1.3750219978921594 	 9.28705357178505e-15
1.3760219978921593 	 9.283895483437293e-15
1.3770219978921592 	 9.28074545644624e-15
1.378021997892159 	 9.277593802548403e-15
1.379021997892159 	 9.274431313967467e-15
1.3800219978921588 	 9.27124929169152e-15
1.3810219978921587 	 9.268039556341597e-15
1.3820219978921586 	 9.264794126007122e-15
1.3830219978921585 	 9.261504432366757e-15
1.3840219978921584 	 9.258162247187709e-15
1.3850219978921583 	 9.25475992567009e-15
1.3860219978921582 	 9.251290480116538e-15
1.387021997892158 	 9.247747545299374e-15
1.388021997892158 	 9.244125383744231e-15
1.3890219978921579 	 9.24041887370029e-15
1.3900219978921577 	 9.236623489444821e-15
1.3910219978921576 	 9.232735286305044e-15
1.3920219978921575 	 9.228750887241543e-15
1.3930219978921574 	 9.22466735545793e-15
1.3940219978921573 	 9.220482148992889e-15
1.3950219978921572 	 9.216193052134787e-15
1.396021997892157 	 9.211798099944801e-15
1.397021997892157 	 9.20729552149984e-15
1.3980219978921569 	 9.202683566496635e-15
1.3990219978921568 	 9.197960355170694e-15
1.4000219978921566 	 9.19312373418155e-15
1.4010219978921565 	 9.188171134092917e-15
1.4020219978921564 	 9.183099706700932e-15
1.4030219978921563 	 9.177906838281862e-15
1.4040219978921562 	 9.172589216047502e-15
1.405021997892156 	 9.167142432227005e-15
1.406021997892156 	 9.16156082782196e-15
1.4070219978921559 	 9.155837358358881e-15
1.4080219978921558 	 9.149963442321598e-15
1.4090219978921557 	 9.143928840192533e-15
1.4100219978921555 	 9.137721561929299e-15
1.4110219978921554 	 9.131327790751848e-15
1.4120219978921553 	 9.124732319424756e-15
1.4130219978921552 	 9.117919743813802e-15
1.414021997892155 	 9.11087322500586e-15
1.415021997892155 	 9.103574151327131e-15
1.4160219978921549 	 9.096002230012073e-15
1.4170219978921548 	 9.088135606643509e-15
1.4180219978921547 	 9.079951035498159e-15
1.4190219978921546 	 9.071424069135546e-15
1.4200219978921544 	 9.062529267461515e-15
1.4210219978921543 	 9.053240412105189e-15
1.4220219978921542 	 9.043531242922462e-15
1.4230219978921541 	 9.033377169061508e-15
1.424021997892154 	 9.02275400604935e-15
1.425021997892154 	 9.011637755836278e-15
1.4260219978921538 	 9.000004826830146e-15
1.4270219978921537 	 8.987832226304749e-15
1.4280219978921536 	 8.975097790679939e-15
1.4290219978921535 	 8.961780375662453e-15
1.4300219978921533 	 8.947860017237385e-15
1.4310219978921532 	 8.933318056423942e-15
1.4320219978921531 	 8.918137735489136e-15
1.433021997892153 	 8.902305617986598e-15
1.434021997892153 	 8.885810299826677e-15
1.4350219978921528 	 8.868641947441703e-15
1.4360219978921527 	 8.850792315925552e-15
1.4370219978921526 	 8.832254710681697e-15
1.4380219978921525 	 8.813024006190714e-15
1.4390219978921523 	 8.793096621075674e-15
1.4400219978921522 	 8.772470470999804e-15
1.4410219978921521 	 8.751144897416884e-15
1.442021997892152 	 8.72912097380705e-15
1.443021997892152 	 8.706402580254134e-15
1.4440219978921518 	 8.682995137993795e-15
1.4450219978921517 	 8.658905163411962e-15
1.4460219978921516 	 8.634140170400403e-15
1.4470219978921515 	 8.608708547717675e-15
1.4480219978921514 	 8.582619514677246e-15
1.4490219978921512 	 8.555883052693425e-15
1.4500219978921511 	 8.528509824878486e-15
1.451021997892151 	 8.50051108718306e-15
1.452021997892151 	 8.471898877100578e-15
1.4530219978921508 	 8.442686788850905e-15
1.4540219978921507 	 8.412889043273048e-15
1.4550219978921506 	 8.382520162344531e-15
1.4560219978921505 	 8.351594896218285e-15
1.4570219978921504 	 8.320128131403483e-15
1.4580219978921503 	 8.288134886744485e-15
1.4590219978921501 	 8.255630282257651e-15
1.46002199789215 	 8.222629500434853e-15
1.46102199789215 	 8.189147737293178e-15
1.4620219978921498 	 8.155200339291962e-15
1.4630219978921497 	 8.120803342353065e-15
1.4640219978921496 	 8.085972863639081e-15
1.4650219978921495 	 8.050724900935206e-15
1.4660219978921494 	 8.015075289717067e-15
1.4670219978921493 	 7.979039627353623e-15
1.4680219978921492 	 7.942633320481915e-15
1.469021997892149 	 7.905871589017221e-15
1.470021997892149 	 7.868769453891719e-15
1.4710219978921488 	 7.831341720990083e-15
1.4720219978921487 	 7.793603087361968e-15
1.4730219978921486 	 7.755568496965177e-15
1.4740219978921485 	 7.717252751627942e-15
1.4750219978921484 	 7.678670389921374e-15
1.4760219978921483 	 7.639835662423408e-15
1.4770219978921482 	 7.600762473853485e-15
1.478021997892148 	 7.56146444219002e-15
1.479021997892148 	 7.521954932000912e-15
1.4800219978921478 	 7.482246987252664e-15
1.4810219978921477 	 7.442353421574368e-15
1.4820219978921476 	 7.40228682028353e-15
1.4830219978921475 	 7.362059830235957e-15
1.4840219978921474 	 7.321684892926657e-15
1.4850219978921473 	 7.281174163804884e-15
1.4860219978921472 	 7.240539497279806e-15
1.487021997892147 	 7.199792403895322e-15
1.488021997892147 	 7.158944104075363e-15
1.4890219978921468 	 7.11800554612656e-15
1.4900219978921467 	 7.0769874092281165e-15
1.4910219978921466 	 7.0359001005803174e-15
1.4920219978921465 	 6.9947538233643376e-15
1.4930219978921464 	 6.953558812698052e-15
1.4940219978921463 	 6.9123251018089505e-15
1.4950219978921462 	 6.871062453630603e-15
1.496021997892146 	 6.829780351361123e-15
1.497021997892146 	 6.7884879670398535e-15
1.4980219978921459 	 6.747194206003699e-15
1.4990219978921457 	 6.705907722945737e-15
1.5000219978921456 	 6.664636926019914e-15
1.5010219978921455 	 6.6233899743496865e-15
1.5020219978921454 	 6.582174851923036e-15
1.5030219978921453 	 6.540999623427375e-15
1.5040219978921452 	 6.499872173018138e-15
1.505021997892145 	 6.4588001614740425e-15
1.506021997892145 	 6.417790978085758e-15
1.5070219978921449 	 6.376851759896128e-15
1.5080219978921447 	 6.335989407312196e-15
1.5090219978921446 	 6.29521059380216e-15
1.5100219978921445 	 6.254521770991219e-15
1.5110219978921444 	 6.2139291697652466e-15
1.5120219978921443 	 6.173438900783869e-15
1.5130219978921442 	 6.133057243457982e-15
1.514021997892144 	 6.092790338595628e-15
1.515021997892144 	 6.052644100101384e-15
1.5160219978921439 	 6.0126242198630974e-15
1.5170219978921438 	 5.972736172345036e-15
1.5180219978921436 	 5.93298522016985e-15
1.5190219978921435 	 5.8933764193146276e-15
1.5200219978921434 	 5.853914624137995e-15
1.5210219978921433 	 5.814604467590754e-15
1.5220219978921432 	 5.775450476932099e-15
1.523021997892143 	 5.736457520675231e-15
1.524021997892143 	 5.697630365437399e-15
1.5250219978921429 	 5.6589735519015736e-15
1.5260219978921428 	 5.620488939915848e-15
1.5270219978921427 	 5.5821791292077246e-15
1.5280219978921425 	 5.5440481226439685e-15
1.5290219978921424 	 5.506099732196293e-15
1.5300219978921423 	 5.468337514931217e-15
1.5310219978921422 	 5.4307648955474795e-15
1.532021997892142 	 5.393385343948278e-15
1.533021997892142 	 5.356202674257335e-15
1.5340219978921419 	 5.319220621669336e-15
1.5350219978921418 	 5.282442719674176e-15
1.5360219978921417 	 5.245872328460328e-15
1.5370219978921416 	 5.209512681314274e-15
1.5380219978921414 	 5.173366845214024e-15
1.5390219978921413 	 5.137437711127595e-15
1.5400219978921412 	 5.101728001957002e-15
1.5410219978921411 	 5.066240301782726e-15
1.542021997892141 	 5.030977267207067e-15
1.543021997892141 	 4.995941954805447e-15
1.5440219978921408 	 4.961137365423506e-15
1.5450219978921407 	 4.9265663219497555e-15
1.5460219978921406 	 4.892231505864765e-15
1.5470219978921405 	 4.858135538599497e-15
1.5480219978921403 	 4.824280908185403e-15
1.5490219978921402 	 4.790669954673077e-15
1.5500219978921401 	 4.757304880194962e-15
1.55102199789214 	 4.724187792063773e-15
1.55202199789214 	 4.69132093848075e-15
1.5530219978921398 	 4.6587069852885204e-15
1.5540219978921397 	 4.626348578168531e-15
1.5550219978921396 	 4.594248226769659e-15
1.5560219978921395 	 4.562408357702848e-15
1.5570219978921394 	 4.530831426882221e-15
1.5580219978921392 	 4.499519817875341e-15
1.5590219978921391 	 4.468475816588463e-15
1.560021997892139 	 4.4377016260468776e-15
1.561021997892139 	 4.407199419893783e-15
1.5620219978921388 	 4.376971583852649e-15
1.5630219978921387 	 4.347020889007966e-15
1.5640219978921386 	 4.317350120358061e-15
1.5650219978921385 	 4.287961980953039e-15
1.5660219978921384 	 4.2588591456397284e-15
1.5670219978921383 	 4.230044382771044e-15
1.5680219978921381 	 4.20147869639076e-15
1.569021997892138 	 4.1731315957727584e-15
1.570021997892138 	 4.145037914158523e-15
1.5710219978921378 	 4.11720896326067e-15
1.5720219978921377 	 4.089651810215624e-15
1.5730219978921376 	 4.062371722389723e-15
1.5740219978921375 	 4.0353726212396565e-15
1.5750219978921374 	 4.008657208310426e-15
1.5760219978921373 	 3.982226987300999e-15
1.5770219978921372 	 3.956082231384058e-15
1.578021997892137 	 3.930221525146923e-15
1.579021997892137 	 3.9046413195768046e-15
1.5800219978921368 	 3.879335421666977e-15
1.5810219978921367 	 3.854294443491372e-15
1.5820219978921366 	 3.82950526921858e-15
1.5830219978921365 	 3.804950189843905e-15
1.5840219978921364 	 3.7806061950583225e-15
1.5850219978921363 	 3.756444505914732e-15
1.5860219978921362 	 3.7324305535721086e-15
1.587021997892136 	 3.70852466856449e-15
1.588021997892136 	 3.684683352762174e-15
1.5890219978921358 	 3.660861767038137e-15
1.5900219978921357 	 3.637017410561759e-15
1.5910219978921356 	 3.613114804618924e-15
1.5920219978921355 	 3.58913056043525e-15
1.5930219978921354 	 3.565057560238487e-15
1.5940219978921353 	 3.5409080542994155e-15
1.5950219978921352 	 3.516714202867696e-15
1.596021997892135 	 3.4925257393306653e-15
1.597021997892135 	 3.4684051891513754e-15
1.5980219978921348 	 3.444421319396083e-15
1.5990219978921347 	 3.4206424443707105e-15
1.6000219978921346 	 3.3971307621219328e-15
1.6010219978921345 	 3.3739384723045e-15
1.6020219978921344 	 3.3511058085666252e-15
1.6030219978921343 	 3.3286604119139693e-15
1.6040219978921342 	 3.3066188251091222e-15
1.605021997892134 	 3.2849884350109818e-15
1.606021997892134 	 3.263769580237948e-15
1.6070219978921338 	 3.242957610527364e-15
1.6080219978921337 	 3.2225445757695362e-15
1.6090219978921336 	 3.202520631888911e-15
1.6100219978921335 	 3.182875100094158e-15
1.6110219978921334 	 3.163597259307719e-15
1.6120219978921333 	 3.1446767153833263e-15
1.6130219978921332 	 3.1261032168211022e-15
1.614021997892133 	 3.1078673986043546e-15
1.615021997892133 	 3.0899610373405243e-15
1.6160219978921329 	 3.0723770775880367e-15
1.6170219978921327 	 3.0551095802397097e-15
1.6180219978921326 	 3.0381537287233907e-15
1.6190219978921325 	 3.021505753302481e-15
1.6200219978921324 	 3.0051628700085926e-15
1.6210219978921323 	 2.989123207192884e-15
1.6220219978921322 	 2.973385495731643e-15
1.623021997892132 	 2.9579485360545963e-15
1.624021997892132 	 2.9428117533192134e-15
1.6250219978921319 	 2.9279753342249824e-15
1.6260219978921318 	 2.9134401507847547e-15
1.6270219978921316 	 2.8992076536453835e-15
1.6280219978921315 	 2.8852799202424487e-15
1.6290219978921314 	 2.871659648046732e-15
1.6300219978921313 	 2.8583501324803222e-15
1.6310219978921312 	 2.8453552015302898e-15
1.632021997892131 	 2.832678918899264e-15
1.633021997892131 	 2.8203251827777196e-15
1.6340219978921309 	 2.8082982827322468e-15
1.6350219978921308 	 2.796603033588335e-15
1.6360219978921307 	 2.7852447158899603e-15
1.6370219978921305 	 2.774228934956647e-15
1.6380219978921304 	 2.763561727245947e-15
1.6390219978921303 	 2.7532495823828514e-15
1.6400219978921302 	 2.7432994139759484e-15
1.64102199789213 	 2.73371849436518e-15
1.64202199789213 	 2.7245141616566712e-15
1.6430219978921299 	 2.715693576992864e-15
1.6440219978921298 	 2.7072641308964637e-15
1.6450219978921297 	 2.6992335290250894e-15
1.6460219978921296 	 2.6916097169810435e-15
1.6470219978921294 	 2.6844007102908075e-15
1.6480219978921293 	 2.677614707015888e-15
1.6490219978921292 	 2.6712600921907085e-15
1.650021997892129 	 2.665345398449754e-15
1.651021997892129 	 2.6598792270566167e-15
1.652021997892129 	 2.654870005069978e-15
1.6530219978921288 	 2.650325889025011e-15
1.6540219978921287 	 2.646254969662523e-15
1.6550219978921286 	 2.642665298764842e-15
1.6560219978921285 	 2.6395648022309205e-15
1.6570219978921283 	 2.6369611202834673e-15
1.6580219978921282 	 2.6348616920370488e-15
1.6590219978921281 	 2.6332737445529726e-15
1.660021997892128 	 2.6322042550732103e-15
1.661021997892128 	 2.6316598783523037e-15
1.6620219978921278 	 2.6316467704074943e-15
1.6630219978921277 	 2.6321706655483544e-15
1.6640219978921276 	 2.6332368729329146e-15
1.6650219978921275 	 2.6348502560121765e-15
1.6660219978921273 	 2.637015169297264e-15
1.6670219978921272 	 2.639735345987579e-15
1.6680219978921271 	 2.6430139524016523e-15
1.669021997892127 	 2.64685358729352e-15
1.670021997892127 	 2.6512562587232885e-15
1.6710219978921268 	 2.6562233425329146e-15
1.6720219978921267 	 2.6617555490889214e-15
1.6730219978921266 	 2.667853092940387e-15
1.6740219978921265 	 2.674515581423622e-15
1.6750219978921264 	 2.6817419726511033e-15
1.6760219978921262 	 2.6895305608957717e-15
1.6770219978921261 	 2.6978789403627507e-15
1.678021997892126 	 2.7067840514173525e-15
1.679021997892126 	 2.7162422033147092e-15
1.6800219978921258 	 2.726249086017351e-15
1.6810219978921257 	 2.7367997821568154e-15
1.6820219978921256 	 2.747888849420532e-15
1.6830219978921255 	 2.75951059666272e-15
1.6840219978921254 	 2.7716588840077443e-15
1.6850219978921253 	 2.7843270780728796e-15
1.6860219978921251 	 2.7975080808511418e-15
1.687021997892125 	 2.8111943599031873e-15
1.688021997892125 	 2.8253779783290334e-15
1.6890219978921248 	 2.8400506253292034e-15
1.6900219978921247 	 2.855203646845423e-15
1.6910219978921246 	 2.870828082164431e-15
1.6920219978921245 	 2.886914820617628e-15
1.6930219978921244 	 2.9034549227980145e-15
1.6940219978921243 	 2.9204393477502814e-15
1.6950219978921242 	 2.937858887959373e-15
1.696021997892124 	 2.9557042078410576e-15
1.697021997892124 	 2.9739659019269498e-15
1.6980219978921238 	 2.9926344864130237e-15
1.6990219978921237 	 3.0117004104263907e-15
1.7000219978921236 	 3.0311540751759913e-15
1.7010219978921235 	 3.0509858670657217e-15
1.7020219978921234 	 3.0711863385055105e-15
1.7030219978921233 	 3.0917465199357367e-15
1.7040219978921232 	 3.112657595315624e-15
1.705021997892123 	 3.1339108106855453e-15
1.706021997892123 	 3.1554975113991306e-15
1.7070219978921228 	 3.1774091702521123e-15
1.7080219978921227 	 3.199637391025842e-15
1.7090219978921226 	 3.2221738624650047e-15
1.7100219978921225 	 3.2450103675011685e-15
1.7110219978921224 	 3.2681388058384334e-15
1.7120219978921223 	 3.291551373826781e-15
1.7130219978921222 	 3.3152408403121507e-15
1.714021997892122 	 3.3392002093570443e-15
1.715021997892122 	 3.3634226167498856e-15
1.7160219978921218 	 3.3879013496429456e-15
1.7170219978921217 	 3.4126299094062753e-15
1.7180219978921216 	 3.4376019419435593e-15
1.7190219978921215 	 3.4628112108438115e-15
1.7200219978921214 	 3.4882515900579394e-15
1.7210219978921213 	 3.5139170751965315e-15
1.7220219978921212 	 3.5398019725545968e-15
1.723021997892121 	 3.56590109547527e-15
1.724021997892121 	 3.592209473661854e-15
1.7250219978921209 	 3.618722249835207e-15
1.7260219978921207 	 3.645434696121855e-15
1.7270219978921206 	 3.672342276301336e-15
1.7280219978921205 	 3.6994405714766955e-15
1.7290219978921204 	 3.726725246977999e-15
1.7300219978921203 	 3.7541920482676646e-15
1.7310219978921202 	 3.7818368131674474e-15
1.73202199789212 	 3.809655620351521e-15
1.73302199789212 	 3.837644963984514e-15
1.7340219978921199 	 3.865801492513095e-15
1.7350219978921197 	 3.894121926986856e-15
1.7360219978921196 	 3.922603076543346e-15
1.7370219978921195 	 3.935733026850384e-15
1.7380219978921194 	 3.9335262604516005e-15
1.7390219978921193 	 3.931322001314167e-15
1.7400219978921192 	 3.929120245090719e-15
1.741021997892119 	 3.926920987444216e-15
1.742021997892119 	 3.924724224047906e-15
1.7430219978921189 	 3.922529950585297e-15
1.7440219978921188 	 3.9203381627501226e-15
1.7450219978921186 	 3.918148856246309e-15
1.7460219978921185 	 3.9159620267879496e-15
1.7470219978921184 	 3.913777670099269e-15
1.7480219978921183 	 3.911595781914592e-15
1.7490219978921182 	 3.90941635797832e-15
1.750021997892118 	 3.907239394044882e-15
1.751021997892118 	 3.905064885878728e-15
1.7520219978921179 	 3.902892829254278e-15
1.7530219978921178 	 3.900723219955903e-15
1.7540219978921177 	 3.89855605377789e-15
1.7550219978921175 	 3.896391326524416e-15
1.7560219978921174 	 3.894229034009509e-15
1.7570219978921173 	 3.892069172057031e-15
1.7580219978921172 	 3.889911736500632e-15
1.759021997892117 	 3.887756723183735e-15
1.760021997892117 	 3.8856041279595015e-15
1.7610219978921169 	 3.883453946690795e-15
1.7620219978921168 	 3.88130617525016e-15
1.7630219978921167 	 3.879160809519794e-15
1.7640219978921166 	 3.877017845391505e-15
1.7650219978921164 	 3.874877278766698e-15
1.7660219978921163 	 3.872739105556339e-15
1.7670219978921162 	 3.870603321680924e-15
1.7680219978921161 	 3.868469923070454e-15
1.769021997892116 	 3.866338905664404e-15
1.770021997892116 	 3.864210265411697e-15
1.7710219978921158 	 3.862083998270673e-15
1.7720219978921157 	 3.8599601002090605e-15
1.7730219978921156 	 3.8578385672039494e-15
1.7740219978921155 	 3.855719395241766e-15
1.7750219978921153 	 3.853602580318238e-15
1.7760219978921152 	 3.851488118438371e-15
1.7770219978921151 	 3.849376005616418e-15
1.778021997892115 	 3.847266237875858e-15
1.779021997892115 	 3.845158811249358e-15
1.7800219978921148 	 3.8430537217787584e-15
1.7810219978921147 	 3.840950965515033e-15
1.7820219978921146 	 3.8388505385182695e-15
1.7830219978921145 	 3.836752436857639e-15
1.7840219978921144 	 3.83465665661137e-15
1.7850219978921142 	 3.83256319386672e-15
1.7860219978921141 	 3.830472044719954e-15
1.787021997892114 	 3.828383205276309e-15
1.788021997892114 	 3.826296671649974e-15
1.7890219978921138 	 3.82421243996406e-15
1.7900219978921137 	 3.822130506350577e-15
1.7910219978921136 	 3.820050866950403e-15
1.7920219978921135 	 3.817973517913261e-15
1.7930219978921134 	 3.815898455397688e-15
1.7940219978921133 	 3.8138256755710216e-15
1.7950219978921131 	 3.811755174609355e-15
1.796021997892113 	 3.809686948697529e-15
1.797021997892113 	 3.807620994029092e-15
1.7980219978921128 	 3.805557306806283e-15
1.7990219978921127 	 3.803495883240005e-15
1.8000219978921126 	 3.801436719549797e-15
1.8010219978921125 	 3.7993798119638076e-15
1.8020219978921124 	 3.797325156718776e-15
1.8030219978921123 	 3.795272750059996e-15
1.8040219978921122 	 3.7932225882413025e-15
1.805021997892112 	 3.791174667525036e-15
1.806021997892112 	 3.7891289841820304e-15
1.8070219978921118 	 3.7870855344915734e-15
1.8080219978921117 	 3.785044314741388e-15
1.8090219978921116 	 3.783005321227617e-15
1.8100219978921115 	 3.780968550254778e-15
1.8110219978921114 	 3.7789339981357625e-15
1.8120219978921113 	 3.77690166119179e-15
1.8130219978921112 	 3.774871535752398e-15
1.814021997892111 	 3.772843618155416e-15
1.815021997892111 	 3.770817904746931e-15
1.8160219978921108 	 3.768794391881277e-15
1.8170219978921107 	 3.766773075921001e-15
1.8180219978921106 	 3.764753953236846e-15
1.8190219978921105 	 3.7627370202077235e-15
1.8200219978921104 	 3.760722273220686e-15
1.8210219978921103 	 3.7587097086709145e-15
1.8220219978921102 	 3.756699322961685e-15
1.82302199789211 	 3.7546911125043455e-15
1.82402199789211 	 3.752685073718302e-15
1.8250219978921098 	 3.750681203030981e-15
1.8260219978921097 	 3.748679496877821e-15
1.8270219978921096 	 3.746679951702236e-15
1.8280219978921095 	 3.744682563955601e-15
1.8290219978921094 	 3.74268733009723e-15
1.8300219978921093 	 3.740694246594344e-15
1.8310219978921092 	 3.7387033099220566e-15
1.832021997892109 	 3.73671451656335e-15
1.833021997892109 	 3.734727863009051e-15
1.8340219978921088 	 3.7327433457578044e-15
1.8350219978921087 	 3.7307609613160595e-15
1.8360219978921086 	 3.728780706198039e-15
1.8370219978921085 	 3.726802576925722e-15
1.8380219978921084 	 3.724826570028824e-15
1.8390219978921083 	 3.7228526820447666e-15
1.8400219978921082 	 3.720880909518657e-15
1.841021997892108 	 3.7189112490032775e-15
1.842021997892108 	 3.7169436970590454e-15
1.8430219978921079 	 3.71497825025401e-15
1.8440219978921077 	 3.713014905163812e-15
1.8450219978921076 	 3.711053658371682e-15
1.8460219978921075 	 3.709094506468396e-15
1.8470219978921074 	 3.707137446052275e-15
1.8480219978921073 	 3.705182473729157e-15
1.8490219978921072 	 3.703229586112361e-15
1.850021997892107 	 3.7012787798226896e-15
1.851021997892107 	 3.699330051488391e-15
1.8520219978921069 	 3.697383397745142e-15
1.8530219978921068 	 3.695438815236036e-15
1.8540219978921066 	 3.693496300611542e-15
1.8550219978921065 	 3.691555850529504e-15
1.8560219978921064 	 3.68961746165511e-15
1.8570219978921063 	 3.687681130660869e-15
1.8580219978921062 	 3.685746854226599e-15
1.859021997892106 	 3.683814629039403e-15
1.860021997892106 	 3.68188445179364e-15
1.8610219978921059 	 3.67995631919092e-15
1.8620219978921058 	 3.678030227940068e-15
1.8630219978921057 	 3.676106174757115e-15
1.8640219978921055 	 3.674184156365273e-15
1.8650219978921054 	 3.672264169494915e-15
1.8660219978921053 	 3.670346210883555e-15
1.8670219978921052 	 3.668430277275828e-15
1.868021997892105 	 3.666516365423471e-15
1.869021997892105 	 3.664604472085301e-15
1.8700219978921049 	 3.662694594027201e-15
1.8710219978921048 	 3.660786728022087e-15
1.8720219978921047 	 3.658880870849905e-15
1.8730219978921046 	 3.656977019297602e-15
1.8740219978921044 	 3.6550751701591025e-15
1.8750219978921043 	 3.653175320235299e-15
1.8760219978921042 	 3.651277466334028e-15
1.877021997892104 	 3.6493816052700475e-15
1.878021997892104 	 3.647487733865025e-15
1.879021997892104 	 3.645595848947508e-15
1.8800219978921038 	 3.643705947352917e-15
1.8810219978921037 	 3.641818025923514e-15
1.8820219978921036 	 3.6399320815083955e-15
1.8830219978921034 	 3.638048110963464e-15
1.8840219978921033 	 3.6361661111514135e-15
1.8850219978921032 	 3.634286078941711e-15
1.8860219978921031 	 3.632408011210574e-15
1.887021997892103 	 3.630531904840958e-15
1.888021997892103 	 3.628657756722531e-15
1.8890219978921028 	 3.626785563751661e-15
1.8900219978921027 	 3.624915322831391e-15
1.8910219978921026 	 3.62304703087143e-15
1.8920219978921025 	 3.621180684788123e-15
1.8930219978921023 	 3.619316281504442e-15
1.8940219978921022 	 3.617453817949963e-15
1.8950219978921021 	 3.6155932910608486e-15
1.896021997892102 	 3.613734697779833e-15
1.897021997892102 	 3.611878035056198e-15
1.8980219978921018 	 3.610023299845759e-15
1.8990219978921017 	 3.6081704891108476e-15
1.9000219978921016 	 3.606319599820292e-15
1.9010219978921015 	 3.6044706289494004e-15
1.9020219978921014 	 3.602623573479939e-15
1.9030219978921012 	 3.600778430400121e-15
1.9040219978921011 	 3.598935196704585e-15
1.905021997892101 	 3.597093869394379e-15
1.906021997892101 	 3.595254445476937e-15
1.9070219978921008 	 3.593416921966074e-15
1.9080219978921007 	 3.5915812958819556e-15
1.9090219978921006 	 3.589747564251087e-15
1.9100219978921005 	 3.587915724106297e-15
1.9110219978921004 	 3.586085772486718e-15
1.9120219978921003 	 3.584257706437765e-15
1.9130219978921001 	 3.5824315230111324e-15
1.9140219978921 	 3.5806072192647565e-15
1.9150219978921 	 3.578784792262817e-15
1.9160219978920998 	 3.57696423907571e-15
1.9170219978920997 	 3.5751455567800344e-15
1.9180219978920996 	 3.573328742458572e-15
1.9190219978920995 	 3.571513793200276e-15
1.9200219978920994 	 3.569700706100249e-15
1.9210219978920993 	 3.5678894782597316e-15
1.9220219978920992 	 3.5660801067860794e-15
1.923021997892099 	 3.564272588792753e-15
1.924021997892099 	 3.562466921399295e-15
1.9250219978920988 	 3.560663101731321e-15
1.9260219978920987 	 3.558861126920495e-15
1.9270219978920986 	 3.5570609941045215e-15
1.9280219978920985 	 3.555262700427123e-15
1.9290219978920984 	 3.553466243038024e-15
1.9300219978920983 	 3.5516716190929394e-15
1.9310219978920982 	 3.549878825753555e-15
1.932021997892098 	 3.548087860187512e-15
1.933021997892098 	 3.5462987195683892e-15
1.9340219978920978 	 3.544511401075693e-15
1.9350219978920977 	 3.5427259018948327e-15
1.9360219978920976 	 3.540942219217112e-15
1.9370219978920975 	 3.539160350239712e-15
1.9380219978920974 	 3.537380292165671e-15
1.9390219978920973 	 3.5356020422038724e-15
1.9400219978920972 	 3.533825597569032e-15
1.941021997892097 	 3.532050955481674e-15
1.942021997892097 	 3.530278113168123e-15
1.9430219978920968 	 3.5285070678604865e-15
1.9440219978920967 	 3.5267378167966396e-15
1.9450219978920966 	 3.524970357220205e-15
1.9460219978920965 	 3.5232046863805445e-15
1.9470219978920964 	 3.521440801532742e-15
1.9480219978920963 	 3.5196786999375844e-15
1.9490219978920962 	 3.5179183788615527e-15
1.950021997892096 	 3.5161598355767973e-15
1.951021997892096 	 3.5144030673611348e-15
1.9520219978920959 	 3.5126480714980283e-15
1.9530219978920957 	 3.5108948452765633e-15
1.9540219978920956 	 3.5091433859914473e-15
1.9550219978920955 	 3.507393690942988e-15
1.9560219978920954 	 3.5056457574370758e-15
1.9570219978920953 	 3.5038995827851745e-15
1.9580219978920952 	 3.5021551643043053e-15
1.959021997892095 	 3.5004124993170243e-15
1.960021997892095 	 3.4986715851514233e-15
1.9610219978920949 	 3.4969324191411006e-15
1.9620219978920947 	 3.4951949986251553e-15
1.9630219978920946 	 3.4934593209481693e-15
1.9640219978920945 	 3.49172538346019e-15
1.9650219978920944 	 3.4899931835167257e-15
1.9660219978920943 	 3.4882627184787175e-15
1.9670219978920942 	 3.4865339857125378e-15
1.968021997892094 	 3.4848069825899697e-15
1.969021997892094 	 3.4830817064881895e-15
1.9700219978920939 	 3.4813581547897632e-15
1.9710219978920938 	 3.4796363248826204e-15
1.9720219978920936 	 3.4779162141600483e-15
1.9730219978920935 	 3.476197820020675e-15
1.9740219978920934 	 3.474481139868455e-15
1.9750219978920933 	 3.472766171112656e-15
1.9760219978920932 	 3.4710529111678436e-15
1.977021997892093 	 3.469341357453871e-15
1.978021997892093 	 3.467631507395864e-15
1.9790219978920929 	 3.4659233584242013e-15
1.9800219978920928 	 3.464216907974508e-15
1.9810219978920927 	 3.462512153487644e-15
1.9820219978920925 	 3.4608090924096767e-15
1.9830219978920924 	 3.4591077221918847e-15
1.9840219978920923 	 3.457408040290733e-15
1.9850219978920922 	 3.455710044167864e-15
1.986021997892092 	 3.4540137312900814e-15
1.987021997892092 	 3.452319099129338e-15
1.9880219978920919 	 3.450626145162725e-15
1.9890219978920918 	 3.4489348668724526e-15
1.9900219978920917 	 3.4472452617458437e-15
1.9910219978920916 	 3.4455573272753155e-15
1.9920219978920914 	 3.443871060958368e-15
1.9930219978920913 	 3.442186460297573e-15
1.9940219978920912 	 3.440503522800554e-15
1.9950219978920911 	 3.438822245979985e-15
1.996021997892091 	 3.437142627353566e-15
1.997021997892091 	 3.435464664444013e-15
1.9980219978920908 	 3.4337883547790527e-15
1.9990219978920907 	 3.4321136958913984e-15
