0.0010219978922 	 0
0.0020219978922 	 3.7398803642193965e-14
0.0030219978922 	 2.447458466951445e-14
0.0040219978922 	 1.8324810629121743e-14
0.0050219978922 	 1.4662009074316272e-14
0.0060219978922 	 1.2223131513209318e-14
0.0070219978922 	 1.0480923566031915e-14
0.0080219978922 	 9.173757169438051e-15
0.009021997892200002 	 8.156631762964996e-15
0.010021997892200003 	 7.342602380459512e-15
0.011021997892200004 	 6.676339211839237e-15
0.012021997892200004 	 6.120945650812301e-15
0.013021997892200005 	 5.6508686860101945e-15
0.014021997892200006 	 5.2478492517752135e-15
0.015021997892200007 	 4.898492440963123e-15
0.016021997892200008 	 4.592748606411562e-15
0.01702199789220001 	 4.3229302759908166e-15
0.01802199789220001 	 4.083056559952806e-15
0.01902199789220001 	 3.868404444643003e-15
0.02002199789220001 	 3.6751945995805126e-15
0.021021997892200012 	 3.500366886280397e-15
0.022021997892200013 	 3.341417045260634e-15
0.023021997892200014 	 3.1962759539586005e-15
0.024021997892200015 	 3.0632190473362864e-15
0.025021997892200016 	 2.9407974613124007e-15
0.026021997892200017 	 2.8277850545082906e-15
0.027021997892200018 	 2.7231371944637344e-15
0.02802199789220002 	 2.625958369153073e-15
0.02902199789220002 	 2.535476494948115e-15
0.03002199789220002 	 2.4510223595276704e-15
0.03102199789220002 	 2.3720130409615547e-15
0.03202199789220002 	 2.297938433719552e-15
0.03302199789220002 	 2.22835022296074e-15
0.03402199789220002 	 2.162852803345275e-15
0.03502199789220002 	 2.1010957536906445e-15
0.03602199789220002 	 2.04276756511964e-15
0.03702199789220002 	 1.987590385685382e-15
0.038021997892200024 	 1.9353155943299657e-15
0.039021997892200025 	 1.885720055401671e-15
0.040021997892200026 	 1.838602934695395e-15
0.04102199789220003 	 1.7937829811957e-15
0.04202199789220003 	 1.7510961969443943e-15
0.04302199789220003 	 1.7103938318807155e-15
0.04402199789220003 	 1.671540651978879e-15
0.04502199789220003 	 1.6344134381901914e-15
0.04602199789220003 	 1.5988996810835887e-15
0.04702199789220003 	 1.5648964420512856e-15
0.04802199789220003 	 1.532309356799636e-15
0.049021997892200034 	 1.5010517608076524e-15
0.050021997892200035 	 1.471043919685045e-15
0.051021997892200036 	 1.4422123500378915e-15
0.052021997892200036 	 1.4144892186632693e-15
0.05302199789220004 	 1.3878118097317209e-15
0.05402199789220004 	 1.3621220511478464e-15
0.05502199789220004 	 1.3373660925602277e-15
0.05602199789220004 	 1.313493928567e-15
0.05702199789220004 	 1.2904590615688517e-15
0.05802199789220004 	 1.268218199486202e-15
0.05902199789220004 	 1.2467309842056453e-15
0.060021997892200044 	 1.225959747171887e-15
0.061021997892200044 	 1.2058692890112194e-15
0.062021997892200045 	 1.1864266804742494e-15
0.06302199789220005 	 1.1676010823298943e-15
0.06402199789220005 	 1.1493635821385541e-15
0.06502199789220005 	 1.1316870460873104e-15
0.06602199789220005 	 1.1145459842901935e-15
0.06702199789220005 	 1.0979164281471777e-15
0.06802199789220005 	 1.0817758185209591e-15
0.06902199789220005 	 1.0661029036344133e-15
0.07002199789220005 	 1.0508776457169614e-15
0.07102199789220005 	 1.0360811355375472e-15
0.07202199789220005 	 1.0216955140576984e-15
0.07302199789220006 	 1.0077039005221333e-15
0.07402199789220006 	 9.940903263781322e-16
0.07502199789220006 	 9.808396744798169e-16
0.07602199789220006 	 9.67937623090707e-16
0.07702199789220006 	 9.55370594248475e-16
0.07802199789220006 	 9.431257061005254e-16
0.07902199789220006 	 9.311907288586523e-16
0.08002199789220006 	 9.195540440561932e-16
0.08102199789220006 	 9.082046068223555e-16
0.08202199789220006 	 8.97131910916218e-16
0.08302199789220006 	 8.863259562877302e-16
0.08402199789220006 	 8.757772189551755e-16
0.08502199789220007 	 8.654766230083836e-16
0.08602199789220007 	 8.554155145647092e-16
0.08702199789220007 	 8.455856375206982e-16
0.08802199789220007 	 8.359791109566347e-16
0.08902199789220007 	 8.265884080640034e-16
0.09002199789220007 	 8.174063364774452e-16
0.09102199789220007 	 8.084260199031941e-16
0.09202199789220007 	 7.996408809453733e-16
0.09302199789220007 	 7.910446250400106e-16
0.09402199789220007 	 7.826312254143044e-16
0.09502199789220007 	 7.743949089956092e-16
0.09602199789220008 	 7.663301432009091e-16
0.09702199789220008 	 7.5843162354325305e-16
0.09802199789220008 	 7.506942619968081e-16
0.09902199789220008 	 7.431131760669062e-16
0.10002199789220008 	 7.356836785157435e-16
0.10102199789220008 	 7.284012676983011e-16
0.10202199789220008 	 7.212616184666192e-16
0.10302199789220008 	 7.142605736038067e-16
0.10402199789220008 	 7.073941357521372e-16
0.10502199789220008 	 7.006584598023017e-16
0.10602199789220008 	 6.940498457133662e-16
0.10702199789220009 	 6.875647317352699e-16
0.10802199789220009 	 6.811996880077721e-16
0.10902199789220009 	 6.749514105116788e-16
0.11002199789220009 	 6.688167153499398e-16
0.11102199789220009 	 6.627925333378101e-16
0.11202199789220009 	 6.568759048827728e-16
0.11302199789220009 	 6.510639751362659e-16
0.11402199789220009 	 6.453539894005362e-16
0.11502199789220009 	 6.39743288775088e-16
0.1160219978922001 	 6.342293060282736e-16
0.1170219978922001 	 6.288095616805564e-16
0.1180219978922001 	 6.234816602868947e-16
0.1190219978922001 	 6.182432869065322e-16
0.1200219978922001 	 6.130922037492666e-16
0.1210219978922001 	 6.080262469879906e-16
0.1220219978922001 	 6.030433237279622e-16
0.1230219978922001 	 5.981414091238918e-16
0.1240219978922001 	 5.933185436364982e-16
0.1250219978922001 	 5.885728304207282e-16
0.1260219978922001 	 5.839024328383234e-16
0.1270219978922001 	 5.793055720878862e-16
0.1280219978922001 	 5.747805249460132e-16
0.1290219978922001 	 5.703256216134781e-16
0.1300219978922001 	 5.659392436608021e-16
0.1310219978922001 	 5.616198220679063e-16
0.1320219978922001 	 5.57365835352855e-16
0.1330219978922001 	 5.531758077850021e-16
0.1340219978922001 	 5.490483076781348e-16
0.1350219978922001 	 5.449819457594627e-16
0.1360219978922001 	 5.409753736105541e-16
0.1370219978922001 	 5.370272821765392e-16
0.1380219978922001 	 5.331364003401217e-16
0.1390219978922001 	 5.293014935571342e-16
0.1400219978922001 	 5.255145146053512e-16
0.1410219978922001 	 5.2157265177581635e-16
0.1420219978922001 	 5.170768991482095e-16
0.1430219978922001 	 5.116620865888848e-16
0.1440219978922001 	 5.05017041465449e-16
0.1450219978922001 	 4.968948796176813e-16
0.1460219978922001 	 4.871236082321489e-16
0.1470219978922001 	 4.756145856217663e-16
0.1480219978922001 	 4.623666517154819e-16
0.1490219978922001 	 4.474644009254427e-16
0.1500219978922001 	 4.310700549605312e-16
0.1510219978922001 	 4.1340951534172477e-16
0.1520219978922001 	 3.9475417236307174e-16
0.1530219978922001 	 3.754006824018114e-16
0.1540219978922001 	 3.556510727269598e-16
0.15502199789220011 	 3.357952138795811e-16
0.15602199789220011 	 3.1609705919110576e-16
0.15702199789220012 	 2.967852905475791e-16
0.15802199789220012 	 2.780483141787631e-16
0.15902199789220012 	 2.600330400120092e-16
0.16002199789220012 	 2.4284659467747828e-16
0.16102199789220012 	 2.265600403142606e-16
0.16202199789220012 	 2.112132427164639e-16
0.16302199789220012 	 1.9682018860730414e-16
0.16402199789220012 	 1.8337423787981704e-16
0.16502199789220012 	 1.7085297446379215e-16
0.16602199789220012 	 1.5922246822136469e-16
0.16702199789220012 	 1.484408725235899e-16
0.16802199789220013 	 1.3846135913617402e-16
0.16902199789220013 	 1.2923443939654112e-16
0.17002199789220013 	 1.207097455032117e-16
0.17102199789220013 	 1.128373548583869e-16
0.17202199789220013 	 1.0556873945924113e-16
0.17302199789220013 	 9.885741560176886e-17
0.17402199789220013 	 9.265935964304663e-17
0.17502199789220013 	 8.69332452185137e-17
0.17602199789220013 	 8.164054730309459e-17
0.17702199789220013 	 7.674554946458933e-17
0.17802199789220013 	 7.221528285180171e-17
0.17902199789220014 	 6.80194189353867e-17
0.18002199789220014 	 6.413013269966895e-17
0.18102199789220014 	 6.052194873165408e-17
0.18202199789220014 	 5.717157931093288e-17
0.18302199789220014 	 5.405776101466224e-17
0.18402199789220014 	 5.116109437236633e-17
0.18502199789220014 	 4.846388961169865e-17
0.18602199789220014 	 4.5950020424173e-17
0.18702199789220014 	 4.3604786863622965e-17
0.18802199789220014 	 4.141478790092733e-17
0.18902199789220014 	 3.9367803741731696e-17
0.19002199789220015 	 3.7452687726731456e-17
0.19102199789220015 	 3.5659267443395864e-17
0.19202199789220015 	 3.397825455830549e-17
0.19302199789220015 	 3.240116281113785e-17
0.19402199789220015 	 3.092023358006075e-17
0.19502199789220015 	 2.9528368422875937e-17
0.19602199789220015 	 2.821906801048032e-17
0.19702199789220015 	 2.6986376893043068e-17
0.19802199789220015 	 2.582483357030962e-17
0.19902199789220015 	 2.4729425372462623e-17
0.20002199789220015 	 2.3695547694732332e-17
0.20102199789220015 	 2.2718967165884503e-17
0.20202199789220016 	 2.179578836675732e-17
0.20302199789220016 	 2.0922423749481553e-17
0.20402199789220016 	 2.009556644047569e-17
0.20502199789220016 	 1.9312165640534777e-17
0.20602199789220016 	 1.856940436323551e-17
0.20702199789220016 	 1.7864679278466463e-17
0.20802199789220016 	 1.7195582451223613e-17
0.20902199789220016 	 1.6559884786999908e-17
0.21002199789220016 	 1.595552101426953e-17
0.21102199789220016 	 1.538057605187183e-17
0.21202199789220016 	 1.4756346628110406e-17
0.21302199789220017 	 1.4201103425004976e-17
0.21402199789220017 	 1.3685464213024525e-17
0.21502199789220017 	 1.320021945760767e-17
0.21602199789220017 	 1.2741192838184005e-17
0.21702199789220017 	 1.2305675684400621e-17
0.21802199789220017 	 1.1891625494920144e-17
0.21902199789220017 	 1.1497378757563111e-17
0.22002199789220017 	 1.1121520002630971e-17
0.22102199789220017 	 1.0762811995274151e-17
0.22202199789220017 	 1.0420154107667515e-17
0.22302199789220017 	 1.0092555298785863e-17
0.22402199789220018 	 9.77911537838027e-18
0.22502199789220018 	 9.47901131829734e-18
0.22602199789220018 	 9.191486825441499e-18
0.22702199789220018 	 8.9158441288146e-18
0.22802199789220018 	 8.651437333500219e-18
0.22902199789220018 	 8.397666923741969e-18
0.23002199789220018 	 8.153975134743186e-18
0.23102199789220018 	 7.919841998611937e-18
0.23202199789220018 	 7.694781925333477e-18
0.23302199789220018 	 7.47834071663753e-18
0.23402199789220018 	 7.27009293599116e-18
0.23502199789220019 	 7.069639575787132e-18
0.23602199789220019 	 6.87660597563276e-18
0.2370219978922002 	 6.6906399550748986e-18
0.2380219978922002 	 6.511410131156781e-18
0.2390219978922002 	 6.338604396582002e-18
0.2400219978922002 	 6.171928538423827e-18
0.2410219978922002 	 6.011104980588328e-18
0.2420219978922002 	 5.8558716358413215e-18
0.2430219978922002 	 5.705980855306117e-18
0.2440219978922002 	 5.5611984650460695e-18
0.2450219978922002 	 5.4213028807516154e-18
0.2460219978922002 	 5.2860842927184646e-18
0.2470219978922002 	 5.155343914281661e-18
0.2480219978922002 	 5.0288932876955474e-18
0.2490219978922002 	 4.906553642151798e-18
0.2500219978922002 	 4.788155299228297e-18
0.2510219978922002 	 4.6735371215788986e-18
0.2520219978922002 	 4.5625460011217664e-18
0.2530219978922002 	 4.4550363833735154e-18
0.2540219978922002 	 4.350869824916759e-18
0.2550219978922002 	 4.249914581287429e-18
0.2560219978922002 	 4.152045222831377e-18
0.2570219978922002 	 4.0571422763127116e-18
0.2580219978922002 	 3.965091890262547e-18
0.2590219978922002 	 3.8757855222408316e-18
0.2600219978922002 	 3.789119646347673e-18
0.2610219978922002 	 3.704995479467489e-18
0.2620219978922002 	 3.623318724860699e-18
0.2630219978922002 	 3.5439993318361805e-18
0.2640219978922002 	 3.466951270344094e-18
0.2650219978922002 	 3.392092319425011e-18
0.2660219978922002 	 3.3193438685382474e-18
0.2670219978922002 	 3.2486307308711347e-18
0.2680219978922002 	 3.1798809678024857e-18
0.2690219978922002 	 3.1130257237585455e-18
0.2700219978922002 	 3.0479990707589496e-18
0.2710219978922002 	 2.9847378620040607e-18
0.2720219978922002 	 2.9231815939044065e-18
0.2730219978922002 	 2.863272275997896e-18
0.2740219978922002 	 2.804954308241663e-18
0.2750219978922002 	 2.7481743652031728e-18
0.2760219978922002 	 2.692881286709754e-18
0.2770219978922002 	 2.639025974547515e-18
0.2780219978922002 	 2.5865612948298107e-18
0.2790219978922002 	 2.5354419856822646e-18
0.2800219978922002 	 2.485624569916028e-18
0.2810219978922002 	 2.4370672723838305e-18
0.2820219978922002 	 2.3897299417343034e-18
0.2830219978922002 	 2.343573976299518e-18
0.28402199789220023 	 2.298562253868555e-18
0.28502199789220023 	 2.25465906511653e-18
0.28602199789220023 	 2.211830050473813e-18
0.28702199789220023 	 2.170042140234352e-18
0.28802199789220023 	 2.129263497715232e-18
0.28902199789220023 	 2.0894634652917076e-18
0.29002199789220023 	 2.0506125131433454e-18
0.29102199789220023 	 2.0126821905573886e-18
0.29202199789220024 	 1.9756450796451793e-18
0.29302199789220024 	 1.939474751336618e-18
0.29402199789220024 	 1.9041457235260493e-18
0.29502199789220024 	 1.8696334212508037e-18
0.29602199789220024 	 1.8359141387909536e-18
0.29702199789220024 	 1.8029650035856784e-18
0.29802199789220024 	 1.770763941867969e-18
0.29902199789220024 	 1.739289645925322e-18
0.30002199789220024 	 1.708521542899631e-18
0.30102199789220024 	 1.6784397650446336e-18
0.30202199789220024 	 1.6490251213640997e-18
0.30302199789220025 	 1.6202590705584744e-18
0.30402199789220025 	 1.5921236952118517e-18
0.30502199789220025 	 1.5646016771552193e-18
0.30602199789220025 	 1.537676273945433e-18
0.30702199789220025 	 1.511331296403041e-18
0.30802199789220025 	 1.4855510871551282e-18
0.30902199789220025 	 1.460320500132544e-18
0.31002199789220025 	 1.435624880973609e-18
0.31102199789220025 	 1.4114500482891363e-18
0.31202199789220025 	 1.3877822757461017e-18
0.31302199789220025 	 1.3646082749296045e-18
0.31402199789220026 	 1.3419151789450376e-18
0.31502199789220026 	 1.319690526724411e-18
0.31602199789220026 	 1.2979222480027551e-18
0.31702199789220026 	 1.2765986489323463e-18
0.31802199789220026 	 1.2557083983042407e-18
0.31902199789220026 	 1.2352405143482105e-18
0.32002199789220026 	 1.2151843520837255e-18
0.32102199789220026 	 1.1955295911960444e-18
0.32202199789220026 	 1.1762662244128508e-18
0.32302199789220026 	 1.1573845463581408e-18
0.32402199789220026 	 1.1388751428612753e-18
0.32502199789220027 	 1.1207288807002522e-18
0.32602199789220027 	 1.1029368977593162e-18
0.32702199789220027 	 1.0854905935820474e-18
0.32802199789220027 	 1.0683816203020153e-18
0.32902199789220027 	 1.0516018739339848e-18
0.33002199789220027 	 1.0351434860095395e-18
0.33102199789220027 	 1.018998815541742e-18
0.33202199789220027 	 1.0031604413042688e-18
0.33302199789220027 	 9.876211544111307e-19
0.3340219978922003 	 9.72373951183798e-19
0.3350219978922003 	 9.574120262931807e-19
0.3360219978922003 	 9.427287661645315e-19
0.3370219978922003 	 9.283177426338941e-19
0.3380219978922003 	 9.141727068453102e-19
0.3390219978922003 	 9.002875833784614e-19
0.3400219978922003 	 8.866564645969438e-19
0.3410219978922003 	 8.732736052078468e-19
0.3420219978922003 	 8.601334170237086e-19
0.3430219978922003 	 8.472304639183803e-19
0.3440219978922003 	 8.345594569686954e-19
0.3450219978922003 	 8.221152497742402e-19
0.3460219978922003 	 8.098928339478531e-19
0.3470219978922003 	 7.97887334769841e-19
0.3480219978922003 	 7.860940069992128e-19
0.3490219978922003 	 7.745082308355235e-19
0.3500219978922003 	 7.631255080252434e-19
0.3510219978922003 	 7.519414581067961e-19
0.3520219978922003 	 7.409518147887231e-19
0.3530219978922003 	 7.301524224556349e-19
0.3540219978922003 	 7.195392327968749e-19
0.3550219978922003 	 7.091083015530342e-19
0.3560219978922003 	 6.9885578537567e-19
0.3570219978922003 	 6.887779387957981e-19
0.3580219978922003 	 6.788711112968916e-19
0.3590219978922003 	 6.691317444883426e-19
0.3600219978922003 	 6.595563693754874e-19
0.3610219978922003 	 6.501416037224797e-19
0.3620219978922003 	 6.408841495044531e-19
0.3630219978922003 	 6.317807904455548e-19
0.3640219978922003 	 6.228283896395987e-19
0.3650219978922003 	 6.140238872502045e-19
0.3660219978922003 	 6.053642982874287e-19
0.3670219978922003 	 5.968467104580177e-19
0.3680219978922003 	 5.884682820865418e-19
0.3690219978922003 	 5.802262401047587e-19
0.3700219978922003 	 5.721178781067019e-19
0.3710219978922003 	 5.641405544670459e-19
0.3720219978922003 	 5.562916905204527e-19
0.3730219978922003 	 5.485687687996501e-19
0.3740219978922003 	 5.409693313301149e-19
0.3750219978922003 	 5.334909779793067e-19
0.3760219978922003 	 5.261313648584878e-19
0.3770219978922003 	 5.18888202775231e-19
0.3780219978922003 	 5.117592557348145e-19
0.3790219978922003 	 5.047423394887507e-19
0.3800219978922003 	 4.978353201287828e-19
0.3810219978922003 	 4.910361127247388e-19
0.3820219978922003 	 4.843426800047065e-19
0.3830219978922003 	 4.777530310760338e-19
0.3840219978922003 	 4.712652201857469e-19
0.3850219978922003 	 4.648773455189954e-19
0.3860219978922003 	 4.585875480342288e-19
0.3870219978922003 	 4.523940103338219e-19
0.3880219978922003 	 4.46294955568942e-19
0.3890219978922003 	 4.402886463774782e-19
0.3900219978922003 	 4.343733838539162e-19
0.3910219978922003 	 4.28547506550065e-19
0.3920219978922003 	 4.2280938950560145e-19
0.3930219978922003 	 4.1715744330741883e-19
0.3940219978922003 	 4.1159011317682898e-19
0.3950219978922003 	 4.0610587808366727e-19
0.39602199789220033 	 4.0070324988642547e-19
0.39702199789220033 	 3.9538077249753537e-19
0.39802199789220033 	 3.9013702107298103e-19
0.39902199789220033 	 3.8497060122543586e-19
0.40002199789220033 	 3.7988014826015517e-19
0.40102199789220033 	 3.7486432643288155e-19
0.40202199789220033 	 3.6992182822904765e-19
0.40302199789220033 	 3.650513736635857e-19
0.40402199789220034 	 3.602517096006798e-19
0.40502199789220034 	 3.555216090928201e-19
0.40602199789220034 	 3.508598707385383e-19
0.40702199789220034 	 3.4626531805823495e-19
0.40802199789220034 	 3.4173679888751537e-19
0.40902199789220034 	 3.3727318478748427e-19
0.41002199789220034 	 3.328733704714652e-19
0.41102199789220034 	 3.285362732476253e-19
0.41202199789220034 	 3.242608324770086e-19
0.41302199789220034 	 3.200460090464988e-19
0.41402199789220034 	 3.1589078485624505e-19
0.41502199789220034 	 3.1179416232110137e-19
0.41602199789220035 	 3.077551638856538e-19
0.41702199789220035 	 3.0377283155240984e-19
0.41802199789220035 	 2.9984622642275073e-19
0.41902199789220035 	 2.9597440276802587e-19
0.42002199789220035 	 2.9215653029809146e-19
0.42102199789220035 	 2.8839166216812495e-19
0.42202199789220035 	 2.8467893977338316e-19
0.42302199789220035 	 2.8101750948719717e-19
0.42402199789220035 	 2.7740652475228586e-19
0.42502199789220035 	 2.7384515065096034e-19
0.42602199789220035 	 2.703325640230478e-19
0.42702199789220036 	 2.6686795347505536e-19
0.42802199789220036 	 2.6345051940064694e-19
0.42902199789220036 	 2.6007947398221127e-19
0.43002199789220036 	 2.5675404118256216e-19
0.43102199789220036 	 2.5347345672548657e-19
0.43202199789220036 	 2.5023696806649183e-19
0.43302199789220036 	 2.470438343543627e-19
0.43402199789220036 	 2.438933263842729e-19
0.43502199789220036 	 2.407847265431173e-19
0.43602199789220036 	 2.3771732874769633e-19
0.43702199789220036 	 2.34690438376354e-19
0.43802199789220037 	 2.31703372194623e-19
0.43902199789220037 	 2.2875545827541507e-19
0.44002199789220037 	 2.2584603591424733e-19
0.44102199789220037 	 2.229744555399716e-19
0.44202199789220037 	 2.201400786214494e-19
0.44302199789220037 	 2.1734227757058004e-19
0.44402199789220037 	 2.1458043564206818e-19
0.44502199789220037 	 2.1185394683029079e-19
0.4460219978922004 	 2.0916221576360189e-19
0.4470219978922004 	 2.0650465759638898e-19
0.4480219978922004 	 2.038806978991741e-19
0.4490219978922004 	 2.0128977254703605e-19
0.4500219978922004 	 1.9873132760660395e-19
0.4510219978922004 	 1.962048192218623e-19
0.4520219978922004 	 1.9370971349898518e-19
0.4530219978922004 	 1.9124548639040127e-19
0.4540219978922004 	 1.8881162357828072e-19
0.4550219978922004 	 1.8640762035761146e-19
0.4560219978922004 	 1.8403298151902904e-19
0.4570219978922004 	 1.816872212315413e-19
0.4580219978922004 	 1.793698629252842e-19
0.4590219978922004 	 1.7708043917442708e-19
0.4600219978922004 	 1.7481849158034049e-19
0.4610219978922004 	 1.7258357065512406e-19
0.4620219978922004 	 1.7037523570558417e-19
0.4630219978922004 	 1.6819305471774106e-19
0.4640219978922004 	 1.6603660424193694e-19
0.4650219978922004 	 1.6390546927860773e-19
0.4660219978922004 	 1.6179924316477129e-19
0.4670219978922004 	 1.597175274612798e-19
0.4680219978922004 	 1.576599318408773e-19
0.4690219978922004 	 1.5562607397709227e-19
0.4700219978922004 	 1.5361557943399387e-19
0.4710219978922004 	 1.516280815568335e-19
0.4720219978922004 	 1.4966322136358184e-19
0.4730219978922004 	 1.477206474373779e-19
0.4740219978922004 	 1.4580001581988848e-19
0.4750219978922004 	 1.4390098990558126e-19
0.4760219978922004 	 1.4202324033690788e-19
0.4770219978922004 	 1.4016644490038644e-19
0.4780219978922004 	 1.3833028842357274e-19
0.4790219978922004 	 1.3651446267290563e-19
0.4800219978922004 	 1.34718666252403e-19
0.4810219978922004 	 1.3294260450320238e-19
0.4820219978922004 	 1.3118598940387137e-19
0.4830219978922004 	 1.294485394716314e-19
0.4840219978922004 	 1.2772997966386446e-19
0.4850219978922004 	 1.26030041282042e-19
0.4860219978922004 	 1.2434846187015594e-19
0.4870219978922004 	 1.2268498503094889e-19
0.4880219978922004 	 1.2103936070925048e-19
0.4890219978922004 	 1.1941134451909378e-19
0.4900219978922004 	 1.178006980406804e-19
0.4910219978922004 	 1.1620718862287567e-19
0.4920219978922004 	 1.1463058929387065e-19
0.4930219978922004 	 1.1307067866722128e-19
0.4940219978922004 	 1.1152724084959582e-19
0.4950219978922004 	 1.10000065348528e-19
0.4960219978922004 	 1.0848894698057006e-19
0.4970219978922004 	 1.0699368577969498e-19
0.4980219978922004 	 1.0551408690594001e-19
0.4990219978922004 	 1.0404996055424463e-19
0.5000219978922004 	 1.0260112186345196e-19
0.5010219978922004 	 1.0116739082543575e-19
0.5020219978922004 	 9.97485921943214e-20
0.5030219978922004 	 9.834455539576761e-20
0.5040219978922004 	 9.695511443627885e-20
0.5050219978922004 	 9.558010781252132e-20
0.5060219978922004 	 9.421937842061273e-20
0.5070219978922004 	 9.287277346536532e-20
0.5080219978922004 	 9.154014436945738e-20
0.5090219978922004 	 9.022134668251358e-20
0.5100219978922004 	 8.891623999007828e-20
0.5110219978922004 	 8.76246878224661e-20
0.5120219978922004 	 8.634655756347723e-20
0.5130219978922004 	 8.508172035897075e-20
0.5140219978922004 	 8.383005102528687e-20
0.5150219978922004 	 8.259142795751794e-20
0.5160219978922004 	 8.136573303762606e-20
0.5170219978922004 	 8.015285154241204e-20
0.5180219978922004 	 7.895267205134188e-20
0.5190219978922004 	 7.776508635424044e-20
0.5200219978922004 	 7.658998935886533e-20
0.5210219978922004 	 7.542727899838166e-20
0.5220219978922004 	 7.427685613873987e-20
0.5230219978922004 	 7.313862448604518e-20
0.5240219978922004 	 7.201249049371527e-20
0.5250219978922004 	 7.089836327028164e-20
0.5260219978922004 	 6.979615448488608e-20
0.5270219978922004 	 6.870577824159692e-20
0.5280219978922004 	 6.762715113078727e-20
0.5290219978922004 	 6.656019191523205e-20
0.5300219978922004 	 6.5504821568454e-20
0.5310219978922004 	 6.446096322834043e-20
0.5320219978922004 	 6.342854197561508e-20
0.5330219978922004 	 6.240748483183266e-20
0.5340219978922004 	 6.139772064475798e-20
0.5350219978922004 	 6.039917999890077e-20
0.5360219978922004 	 5.941179512547384e-20
0.5370219978922004 	 5.843549981324324e-20
0.5380219978922004 	 5.747022931997185e-20
0.5390219978922004 	 5.651592028462012e-20
0.5400219978922004 	 5.55725106403496e-20
0.5410219978922004 	 5.463993952840967e-20
0.5420219978922004 	 5.371814721296668e-20
0.5430219978922004 	 5.2807074996992877e-20
0.5440219978922004 	 5.1906665139136907e-20
0.5450219978922004 	 5.101686077219746e-20
0.5460219978922004 	 5.0137605821302316e-20
0.5470219978922004 	 4.926884490332163e-20
0.5480219978922004 	 4.8410523340962625e-20
0.5490219978922004 	 4.756258653922741e-20
0.5500219978922004 	 4.672497948686364e-20
0.5510219978922004 	 4.589764761394252e-20
0.5520219978922004 	 4.50805368734427e-20
0.5530219978922004 	 4.4273593658105735e-20
0.5540219978922004 	 4.3476764720047225e-20
0.5550219978922004 	 4.268999709276263e-20
0.5560219978922004 	 4.191323801567714e-20
0.5570219978922004 	 4.11464348612546e-20
0.5580219978922004 	 4.038953506471201e-20
0.5590219978922004 	 3.964248605637573e-20
0.5600219978922004 	 3.890523519671425e-20
0.5610219978922004 	 3.817772971408102e-20
0.5620219978922004 	 3.745991664519057e-20
0.5630219978922004 	 3.6751742778372745e-20
0.5640219978922004 	 3.605315459955952e-20
0.5650219978922004 	 3.536409824126318e-20
0.5660219978922004 	 3.4684519433699597e-20
0.5670219978922004 	 3.401436345008892e-20
0.5680219978922004 	 3.3353575104127795e-20
0.5690219978922004 	 3.270209864820682e-20
0.5700219978922004 	 3.205987777873288e-20
0.5710219978922004 	 3.142685559063327e-20
0.5720219978922004 	 3.080297454641321e-20
0.5730219978922004 	 3.018817644748234e-20
0.5740219978922004 	 2.95824024084025e-20
0.5750219978922004 	 2.898559283385958e-20
0.5760219978922004 	 2.839768739837585e-20
0.5770219978922004 	 2.781862502871901e-20
0.5780219978922004 	 2.72483438889737e-20
0.5790219978922004 	 2.6686781368233212e-20
0.5800219978922004 	 2.6133874070871888e-20
0.5810219978922004 	 2.5589557809327847e-20
0.5820219978922004 	 2.5053767599422042e-20
0.5830219978922004 	 2.452643765787558e-20
0.5840219978922004 	 2.4007501399393343e-20
0.5850219978922004 	 2.3496891452020925e-20
0.5860219978922004 	 2.2994539641604362e-20
0.5870219978922004 	 2.2500377012290823e-20
0.5880219978922004 	 2.2014333831720055e-20
0.5890219978922004 	 2.1536339601793832e-20
0.5900219978922004 	 2.1066323067878498e-20
0.5910219978922004 	 2.0604212248989606e-20
0.5920219978922004 	 2.014993443014917e-20
0.5930219978922004 	 1.970341619667592e-20
0.5940219978922004 	 1.926458345080923e-20
0.5950219978922004 	 1.8833361431088177e-20
0.5960219978922005 	 1.8409674736400356e-20
0.5970219978922005 	 1.7993447349668044e-20
0.5980219978922005 	 1.758460266317909e-20
0.5990219978922005 	 1.718306350508603e-20
0.6000219978922005 	 1.678875216700461e-20
0.6010219978922005 	 1.6401590432619773e-20
0.6020219978922005 	 1.6021499607214155e-20
0.6030219978922005 	 1.5648400548032868e-20
0.6040219978922005 	 1.528221369539903e-20
0.6050219978922005 	 1.4922859104498562e-20
0.6060219978922005 	 1.4570256477741168e-20
0.6070219978922005 	 1.4224325197653504e-20
0.6080219978922005 	 1.3884984360089457e-20
0.6090219978922005 	 1.3552152806460844e-20
0.6100219978922005 	 1.322574916382783e-20
0.6110219978922005 	 1.2905691869423112e-20
0.6120219978922005 	 1.2591899211436864e-20
0.6130219978922005 	 1.228428936152396e-20
0.6140219978922005 	 1.1982780409131846e-20
0.6150219978922005 	 1.1687290395608067e-20
0.6160219978922005 	 1.1397737347490853e-20
0.6170219978922005 	 1.1114039313558744e-20
0.6180219978922005 	 1.083611439335404e-20
0.6190219978922005 	 1.0563880773862418e-20
0.6200219978922005 	 1.0297256761437977e-20
0.6210219978922005 	 1.0036160814264897e-20
0.6220219978922005 	 9.780511574304906e-21
0.6230219978922005 	 9.530227898739383e-21
0.6240219978922005 	 9.285228890850773e-21
0.6250219978922005 	 9.045433930307301e-21
0.6260219978922005 	 8.810762702813991e-21
0.6270219978922005 	 8.581135229096315e-21
0.6280219978922005 	 8.356471893185592e-21
0.6290219978922005 	 8.136693469977391e-21
0.6300219978922005 	 7.921721152038157e-21
0.6310219978922005 	 7.711476575633851e-21
0.6320219978922005 	 7.505881845969854e-21
0.6330219978922005 	 7.304859561589465e-21
0.6340219978922005 	 7.108332837637634e-21
0.6350219978922005 	 6.916225330044347e-21
0.6360219978922005 	 6.7284612549012534e-21
0.6370219978922005 	 6.544965412170352e-21
0.6380219978922005 	 6.3656632036632045e-21
0.6390219978922005 	 6.1904806535423274e-21
0.6400219978922005 	 6.019344426390589e-21
0.6410219978922005 	 5.852181844741004e-21
0.6420219978922005 	 5.688920905710611e-21
0.6430219978922005 	 5.529490296760701e-21
0.6440219978922005 	 5.3738194105822296e-21
0.6450219978922005 	 5.221838359113248e-21
0.6460219978922005 	 5.073477986694694e-21
0.6470219978922005 	 4.928669882373433e-21
0.6480219978922005 	 4.787346391360559e-21
0.6490219978922005 	 4.649440625659956e-21
0.6500219978922005 	 4.514886473865296e-21
0.6510219978922005 	 4.3836186100257016e-21
0.6520219978922005 	 4.255572502427598e-21
0.6530219978922005 	 4.130684420117505e-21
0.6540219978922005 	 4.008891440178745e-21
0.6550219978922005 	 3.890131453475438e-21
0.6560219978922005 	 3.7743431698370994e-21
0.6570219978922005 	 3.661466122521801e-21
0.6580219978922005 	 3.5514406719851585e-21
0.6590219978922005 	 3.444208008971211e-21
0.6600219978922005 	 3.339710156944503e-21
0.6610219978922005 	 3.2378899738823077e-21
0.6620219978922005 	 3.138691153446308e-21
0.6630219978922005 	 3.0420582255534704e-21
0.6640219978922005 	 2.9479365563651176e-21
0.6650219978922005 	 2.8562723477083087e-21
0.6660219978922005 	 2.767012635992278e-21
0.6670219978922005 	 2.6801052905269358e-21
0.6680219978922005 	 2.595499011416466e-21
0.6690219978922005 	 2.5131433269009486e-21
0.6700219978922005 	 2.4329885904118015e-21
0.6710219978922005 	 2.3549859768353827e-21
0.6720219978922005 	 2.2790874787122965e-21
0.6730219978922005 	 2.20524590184644e-21
0.6740219978922005 	 2.1334148605701543e-21
0.6750219978922005 	 2.063548772639556e-21
0.6760219978922005 	 1.9956028537629623e-21
0.6770219978922005 	 1.9295331119107455e-21
0.6780219978922005 	 1.86529634108071e-21
0.6790219978922005 	 1.8028501150077702e-21
0.6800219978922005 	 1.7421527804724607e-21
0.6810219978922005 	 1.6831634503758088e-21
0.6820219978922005 	 1.6258419965686451e-21
0.6830219978922005 	 1.570149042452837e-21
0.6840219978922005 	 1.5160459553695617e-21
0.6850219978922005 	 1.4634948387902108e-21
0.6860219978922005 	 1.4124585243236132e-21
0.6870219978922005 	 1.3629005635450974e-21
0.6880219978922005 	 1.3147852197268872e-21
0.6890219978922005 	 1.2680774593107427e-21
0.6900219978922005 	 1.2227429433720113e-21
0.6910219978922005 	 1.1787480188936904e-21
0.6920219978922005 	 1.1360597100218318e-21
0.6930219978922005 	 1.0946457090813472e-21
0.6940219978922005 	 1.054474367663912e-21
0.6950219978922005 	 1.0155146875682282e-21
0.6960219978922005 	 9.77736311699065e-22
0.6970219978922005 	 9.411095149172665e-22
0.6980219978922005 	 9.056051948513382e-22
0.6990219978922005 	 8.711948626797588e-22
0.7000219978922005 	 8.378506338929613e-22
0.7010219978922005 	 8.055452190435231e-22
0.7020219978922005 	 7.74251914492775e-22
0.7030219978922005 	 7.439445931615467e-22
0.7040219978922005 	 7.145976952925509e-22
0.7050219978922005 	 6.861862192314135e-22
0.7060219978922005 	 6.586857122331029e-22
0.7070219978922005 	 6.320722613001107e-22
0.7080219978922005 	 6.063224840584521e-22
0.7090219978922006 	 5.814135196771708e-22
0.7100219978922006 	 5.573230198367844e-22
0.7110219978922006 	 5.340291397517432e-22
0.7120219978922006 	 5.115105292516994e-22
0.7130219978922006 	 4.897463239261035e-22
0.7140219978922006 	 4.6871613633635685e-22
0.7150219978922006 	 4.484000472994683e-22
0.7160219978922006 	 4.287785972467228e-22
0.7170219978922006 	 4.0983277766113912e-22
0.7180219978922006 	 3.9154402259878027e-22
0.7190219978922006 	 3.7389420028889077e-22
0.7200219978922006 	 3.5686560482858033e-22
0.7210219978922006 	 3.4044094796361275e-22
0.7220219978922006 	 3.246033509624335e-22
0.7230219978922006 	 3.0933633658456525e-22
0.7240219978922006 	 2.9462382114535783e-22
0.7250219978922006 	 2.804501066787573e-22
0.7260219978922006 	 2.667998731996644e-22
0.7270219978922006 	 2.53658171067214e-22
0.7280219978922006 	 2.4101041345020384e-22
0.7290219978922006 	 2.2884236889568815e-22
0.7300219978922006 	 2.1714015400165186e-22
0.7310219978922006 	 2.0589022619448138e-22
0.7320219978922006 	 1.9507937661168213e-22
0.7330219978922006 	 1.846947230915918e-22
0.7340219978922006 	 1.7472370326709217e-22
0.7350219978922006 	 1.6515406776819229e-22
0.7360219978922006 	 1.559738735299687e-22
0.7370219978922006 	 1.4717147720768573e-22
0.7380219978922006 	 1.3873552869807982e-22
0.7390219978922006 	 1.306549647674746e-22
0.7400219978922006 	 1.2291900278587242e-22
0.7410219978922006 	 1.155171345669197e-22
0.7420219978922006 	 1.0843912031328383e-22
0.7430219978922006 	 1.016749826669534e-22
0.7440219978922006 	 9.52150008638916e-23
0.7450219978922006 	 8.904970499242698e-23
0.7460219978922006 	 8.316987035468441e-23
0.7470219978922006 	 7.756651193032068e-23
0.7480219978922006 	 7.223087894176904e-23
0.7490219978922006 	 6.715444952014596e-23
0.7500219978922006 	 6.232892547094738e-23
0.7510219978922006 	 5.774622713859642e-23
0.7520219978922006 	 5.339848836889922e-23
0.7530219978922006 	 4.9278051568408105e-23
0.7540219978922006 	 4.537746285969109e-23
0.7550219978922006 	 4.168946733145789e-23
0.7560219978922006 	 3.820700438254809e-23
0.7570219978922006 	 3.492320315861284e-23
0.7580219978922006 	 3.1831378080597093e-23
0.7590219978922006 	 2.8925024463866795e-23
0.7600219978922006 	 2.619781422702651e-23
0.7610219978922006 	 2.3643591689462845e-23
0.7620219978922006 	 2.1256369456733776e-23
0.7630219978922006 	 1.903032439304211e-23
0.7640219978922006 	 1.6959793680200142e-23
0.7650219978922006 	 1.5039270962755595e-23
0.7660219978922006 	 1.3263402579265037e-23
0.7670219978922006 	 1.1626983880314006e-23
0.7680219978922006 	 1.0124955634544161e-23
0.7690219978922006 	 8.752400525095331e-24
0.7700219978922006 	 7.504539740280966e-24
0.7710219978922006 	 6.3767296643797805e-24
0.7720219978922006 	 5.3644586761556575e-24
0.7730219978922006 	 4.463344065064904e-24
0.7740219978922006 	 3.669129069296262e-24
0.7750219978922006 	 2.9776800300149672e-24
0.7760219978922006 	 2.3849835795049625e-24
0.7770219978922006 	 1.8871436590170425e-24
0.7780219978922006 	 1.4803776055899206e-24
0.7790219978922006 	 1.161009746894884e-24
0.7800219978922006 	 9.254582689148552e-25
0.7810219978922006 	 7.702115114619564e-25
0.7820219978922006 	 6.918036224215902e-25
0.7830219978922006 	 6.868788310385807e-25
0.7840219978922006 	 7.522839804422612e-25
0.7850219978922006 	 8.850354483710772e-25
0.7860219978922006 	 1.0822445339163368e-24
0.7870219978922006 	 1.3410713206470787e-24
0.7880219978922006 	 1.6587201635121247e-24
0.7890219978922006 	 2.032461541615233e-24
0.7900219978922006 	 2.4596449664791724e-24
0.7910219978922006 	 2.9377025889278606e-24
0.7920219978922006 	 3.464148119521164e-24
0.7930219978922006 	 4.03657441094701e-24
0.7940219978922006 	 4.6526508137552525e-24
0.7950219978922006 	 5.3101206832178614e-24
0.7960219978922006 	 6.0067990768685364e-24
0.7970219978922006 	 6.740570622750315e-24
0.7980219978922006 	 7.509387520928265e-24
0.7990219978922006 	 8.31126764958176e-24
0.8000219978922006 	 9.144292754384384e-24
0.8010219978922006 	 1.000660670679924e-23
0.8020219978922006 	 1.0896413821442299e-23
0.8030219978922006 	 1.1811977225785792e-23
0.8040219978922006 	 1.2751617277474354e-23
0.8050219978922006 	 1.3713710025847478e-23
0.8060219978922006 	 1.4696685715118537e-23
0.8070219978922006 	 1.5699027327227247e-23
0.8080219978922006 	 1.6719269162771464e-23
0.8090219978922006 	 1.7755995458674734e-23
0.8100219978922006 	 1.880783904143368e-23
0.8110219978922006 	 1.9873480014912242e-23
0.8120219978922006 	 2.0951644481744983e-23
0.8130219978922006 	 2.2041103297480693e-23
0.8140219978922006 	 2.3140670856647653e-23
0.8150219978922006 	 2.4249203909966608e-23
0.8160219978922006 	 2.536560041196972e-23
0.8170219978922006 	 2.6488798398311015e-23
0.8180219978922006 	 2.761777489208009e-23
0.8190219978922006 	 2.875154483844992e-23
0.8200219978922006 	 2.9889160067009887e-23
0.8210219978922007 	 3.102970828115238e-23
0.8220219978922007 	 3.2172312073897565e-23
0.8230219978922007 	 3.331612796955527e-23
0.8240219978922007 	 3.4460345490637985e-23
0.8250219978922007 	 3.5604186249453865e-23
0.8260219978922007 	 3.6746903063818986e-23
0.8270219978922007 	 3.7887779096343726e-23
0.8280219978922007 	 3.902612701675852e-23
0.8290219978922007 	 4.016128818675719e-23
0.8300219978922007 	 4.129263186684677e-23
0.8310219978922007 	 4.2419554444705203e-23
0.8320219978922007 	 4.354147868455747e-23
0.8330219978922007 	 4.465785299709272e-23
0.8340219978922007 	 4.5768150729454924e-23
0.8350219978922007 	 4.687186947484765e-23
0.8360219978922007 	 4.7968530401307875e-23
0.8370219978922007 	 4.905767759920624e-23
0.8380219978922007 	 5.013887744704722e-23
0.8390219978922007 	 5.121171799514519e-23
0.8400219978922007 	 5.227580836676567e-23
0.8410219978922007 	 5.333077817632613e-23
0.8420219978922007 	 5.437627696425856e-23
0.8430219978922007 	 5.541197364814502e-23
0.8440219978922007 	 5.643755598974314e-23
0.8450219978922007 	 5.745273007752474e-23
0.8460219978922007 	 5.845721982435887e-23
0.8470219978922007 	 5.945076647997475e-23
0.8480219978922007 	 6.043312815784425e-23
0.8490219978922007 	 6.140407937614422e-23
0.8500219978922007 	 6.236341061241868e-23
0.8510219978922007 	 6.331092787163901e-23
0.8520219978922007 	 6.424645226729259e-23
0.8530219978922007 	 6.516981961517553e-23
0.8540219978922007 	 6.608088003955761e-23
0.8550219978922007 	 6.697949759138855e-23
0.8560219978922007 	 6.7865549878222e-23
0.8570219978922007 	 6.873892770553313e-23
0.8580219978922007 	 6.959953472911009e-23
0.8590219978922007 	 7.044728711819921e-23
0.8600219978922007 	 7.128211322908991e-23
0.8610219978922007 	 7.210395328882361e-23
0.8620219978922007 	 7.291275908871226e-23
0.8630219978922007 	 7.370849368735839e-23
0.8640219978922007 	 7.449113112286353e-23
0.8650219978922007 	 7.526065613391965e-23
0.8660219978922007 	 7.601706388947568e-23
0.8670219978922007 	 7.676035972667572e-23
0.8680219978922007 	 7.749055889676587e-23
0.8690219978922007 	 7.820768631867113e-23
0.8700219978922007 	 7.891177633994513e-23
0.8710219978922007 	 7.960287250479459e-23
0.8720219978922007 	 8.028102732892353e-23
0.8730219978922007 	 8.09463020808259e-23
0.8740219978922007 	 8.159876656936836e-23
0.8750219978922007 	 8.223849893729826e-23
0.8760219978922007 	 8.286558546045572e-23
0.8770219978922007 	 8.348012035242385e-23
0.8780219978922007 	 8.408220557437608e-23
0.8790219978922007 	 8.467195064988924e-23
0.8800219978922007 	 8.524947248450101e-23
0.8810219978922007 	 8.581489518981248e-23
0.8820219978922007 	 8.636834991194459e-23
0.8830219978922007 	 8.690997466418582e-23
0.8840219978922007 	 8.743991416367977e-23
0.8850219978922007 	 8.795831967203016e-23
0.8860219978922007 	 8.846534883972415e-23
0.8870219978922007 	 8.896116555429889e-23
0.8880219978922007 	 8.944593979220983e-23
0.8890219978922007 	 8.991984747438562e-23
0.8900219978922007 	 9.038307032549036e-23
0.8910219978922007 	 9.0835795736949e-23
0.8920219978922007 	 9.127821663382621e-23
0.8930219978922007 	 9.171053134569331e-23
0.8940219978922007 	 9.213294348164998e-23
0.8950219978922007 	 9.254566180973805e-23
0.8960219978922007 	 9.294890014089973e-23
0.8970219978922007 	 9.33428772180465e-23
0.8980219978922007 	 9.372781661023913e-23
0.8990219978922007 	 9.410394661264415e-23
0.9000219978922007 	 9.447150015261437e-23
0.9010219978922007 	 9.483071470240304e-23
0.9020219978922007 	 9.518183219905815e-23
0.9030219978922007 	 9.552509897197285e-23
0.9040219978922007 	 9.586076567974414e-23
0.9050219978922007 	 9.618908725439102e-23
0.9060219978922007 	 9.651032285739265e-23
0.9070219978922007 	 9.682473584547197e-23
0.9080219978922007 	 9.713259374831402e-23
0.9090219978922007 	 9.743416825879226e-23
0.9100219978922007 	 9.772973523685166e-23
0.9110219978922007 	 9.801957472801265e-23
0.9120219978922007 	 9.830397099775201e-23
0.9130219978922007 	 9.858321258281051e-23
0.9140219978922007 	 9.885759236086747e-23
0.9150219978922007 	 9.912740763986713e-23
0.9160219978922007 	 9.939296026847426e-23
0.9170219978922007 	 9.965455676915718e-23
0.9180219978922007 	 9.991250849564379e-23
0.9190219978922007 	 1.0016713181640386e-22
0.9200219978922007 	 1.0041874832611785e-22
0.9210219978922007 	 1.0066768508711641e-22
0.9220219978922007 	 1.0091427490297061e-22
0.9230219978922007 	 1.0115885662660241e-22
0.9240219978922007 	 1.0140177550537484e-22
0.9250219978922007 	 1.0164338356599828e-22
0.9260219978922007 	 1.0188404004217126e-22
0.9270219978922007 	 1.0212411184820897e-22
0.9280219978922007 	 1.0236397410221191e-22
0.9290219978922007 	 1.0260401070273368e-22
0.9300219978922007 	 1.0284461496294807e-22
0.9310219978922007 	 1.0308619030751788e-22
0.9320219978922007 	 1.0332915103662587e-22
0.9330219978922007 	 1.0357392316356484e-22
0.9340219978922008 	 1.0382094533178374e-22
0.9350219978922008 	 1.0407066981857342e-22
0.9360219978922008 	 1.0432356363314467e-22
0.9370219978922008 	 1.0458010971787035e-22
0.9380219978922008 	 1.0484080826220827e-22
0.9390219978922008 	 1.051061781403593e-22
0.9400219978922008 	 1.0537675848462678e-22
0.9410219978922008 	 1.0565311040813902e-22
0.9420219978922008 	 1.0593581889219427e-22
0.9430219978922008 	 1.0622549485539515e-22
0.9440219978922008 	 1.0652277742402237e-22
0.9450219978922008 	 1.0682833642532824e-22
0.9460219978922008 	 1.0714287512858724e-22
0.9470219978922008 	 1.0746713326235132e-22
0.9480219978922008 	 1.0780189034155601e-22
0.9490219978922008 	 1.0814796930997276e-22
0.9500219978922008 	 1.0850624067687734e-22
0.9510219978922008 	 1.0887762685734009e-22
0.9520219978922008 	 1.0926310728642135e-22
0.9530219978922008 	 1.0966372385633635e-22
0.9540219978922008 	 1.1008058707530308e-22
0.9550219978922008 	 1.105148829034867e-22
0.9560219978922008 	 1.1096788037313549e-22
0.9570219978922008 	 1.1144094013635184e-22
0.9580219978922008 	 1.119355240174314e-22
0.9590219978922008 	 1.1245320575578278e-22
0.9600219978922008 	 1.1299568308464528e-22
0.9610219978922008 	 1.1356479138527144e-22
0.9620219978922008 	 1.1416251908984637e-22
0.9630219978922008 	 1.1479102517431933e-22
0.9640219978922008 	 1.154526590296594e-22
0.9650219978922008 	 1.1614998311343827e-22
0.9660219978922008 	 1.1688579884098795e-22
0.9670219978922008 	 1.1766317626743876e-22
0.9680219978922008 	 1.1848548822073533e-22
0.9690219978922008 	 1.1935644967934337e-22
0.9700219978922008 	 1.202801633541345e-22
0.9710219978922008 	 1.2126117263744676e-22
0.9720219978922008 	 1.223045233374762e-22
0.9730219978922008 	 1.2341583593338328e-22
0.9740219978922008 	 1.2460139048749883e-22
0.9750219978922008 	 1.258682268580219e-22
0.9760219978922008 	 1.272242634966573e-22
0.9770219978922008 	 1.2867843890138985e-22
0.9780219978922008 	 1.3024088124058466e-22
0.9790219978922008 	 1.3192311139571866e-22
0.9800219978922008 	 1.3373829067174914e-22
0.9810219978922008 	 1.3570151987154666e-22
0.9820219978922008 	 1.378302072070587e-22
0.9830219978922008 	 1.4014452113057538e-22
0.9840219978922008 	 1.4266795253419018e-22
0.9850219978922008 	 1.4542801776457727e-22
0.9860219978922008 	 1.4845714470872316e-22
0.9870219978922008 	 1.5179379906680008e-22
0.9880219978922008 	 1.5501765429167862e-22
0.9890219978922008 	 1.575616433748222e-22
0.9900219978922008 	 1.5965952762293623e-22
0.9910219978922008 	 1.6129882103483613e-22
0.9920219978922008 	 1.6241197769786202e-22
0.9930219978922008 	 1.6290021664760358e-22
0.9940219978922008 	 1.6264131204725116e-22
0.9950219978922008 	 1.6149540599546612e-22
0.9960219978922008 	 1.5816473089770358e-22
0.9970219978922008 	 1.5201533967037665e-22
0.9980219978922008 	 1.436944278832758e-22
0.9990219978922008 	 1.3356367567946954e-22
1.0000219978922007 	 1.2203672367141956e-22
1.0010219978922006 	 1.0958805637349713e-22
1.0020219978922005 	 9.671842911048514e-23
1.0030219978922004 	 8.390855189192317e-23
1.0040219978922003 	 7.157698240139536e-23
1.0050219978922001 	 6.005171829749545e-23
1.0060219978922 	 4.955880254116072e-23
1.0070219978922 	 4.022610256840811e-23
1.0080219978921998 	 3.2097479594493675e-23
1.0090219978921997 	 2.5151951558961235e-23
1.0100219978921996 	 1.932342768546472e-23
1.0110219978921995 	 1.451819487516307e-23
1.0120219978921994 	 1.0628848343979655e-23
1.0130219978921993 	 7.544456702022667e-24
1.0140219978921992 	 5.157368245962748e-24
1.015021997892199 	 3.367345633616405e-24
1.016021997892199 	 2.083709944717966e-24
1.0170219978921988 	 1.2261466370048366e-24
1.0180219978921987 	 7.245799460531309e-25
1.0190219978921986 	 5.18510645394612e-25
1.0200219978921985 	 5.55646048722383e-25
1.0210219978921984 	 7.926306218956671e-25
1.0220219978921983 	 1.1924994506193628e-24
1.0230219978921982 	 1.7242298483846957e-24
1.024021997892198 	 2.361532356624158e-24
1.025021997892198 	 3.0825159186882623e-24
1.0260219978921978 	 3.868859972277834e-24
1.0270219978921977 	 4.705322974046237e-24
1.0280219978921976 	 5.579211394089009e-24
1.0290219978921975 	 6.4799844809671846e-24
1.0300219978921974 	 7.398898639652713e-24
1.0310219978921973 	 8.328717863147848e-24
1.0320219978921972 	 9.263467291532232e-24
1.033021997892197 	 1.0198228056175009e-23
1.034021997892197 	 1.1128965067567411e-23
1.0350219978921968 	 1.2052383055813023e-23
1.0360219978921967 	 1.2965806042759207e-23
1.0370219978921966 	 1.386707647029797e-23
1.0380219978921965 	 1.475447072198761e-23
1.0390219978921964 	 1.5626628339612508e-23
1.0400219978921963 	 1.6482492672535457e-23
1.0410219978921962 	 1.7321261077392478e-23
1.042021997892196 	 1.8142343099343595e-23
1.043021997892196 	 1.8945325328999694e-23
1.0440219978921959 	 1.9729941847600333e-23
1.0450219978921957 	 2.049604935469378e-23
1.0460219978921956 	 2.1243606222373768e-23
1.0470219978921955 	 2.1972654851389125e-23
1.0480219978921954 	 2.2683306792853586e-23
1.0490219978921953 	 2.3375730208118433e-23
1.0500219978921952 	 2.405013929251375e-23
1.051021997892195 	 2.4706785356224272e-23
1.052021997892195 	 2.5345949302351293e-23
1.0530219978921949 	 2.596793529377418e-23
1.0540219978921948 	 2.6573065410581793e-23
1.0550219978921946 	 2.7161675161597156e-23
1.0560219978921945 	 2.7734109709706514e-23
1.0570219978921944 	 2.8290720705832406e-23
1.0580219978921943 	 2.8831863638533664e-23
1.0590219978921942 	 2.9357895621311146e-23
1.060021997892194 	 2.986917355147681e-23
1.061021997892194 	 3.036605258460507e-23
1.0620219978921939 	 3.0848881572617614e-23
1.0630219978921938 	 3.131796742189726e-23
1.0640219978921936 	 3.177365322188328e-23
1.0650219978921935 	 3.221627775458293e-23
1.0660219978921934 	 3.2646171402483833e-23
1.0670219978921933 	 3.3063657466030967e-23
1.0680219978921932 	 3.346905223333892e-23
1.069021997892193 	 3.3862664869717843e-23
1.070021997892193 	 3.4244797352511317e-23
1.0710219978921929 	 3.4615744365215133e-23
1.0720219978921928 	 3.497579330347862e-23
1.0730219978921927 	 3.5325224258142346e-23
1.0740219978921925 	 3.566431005481812e-23
1.0750219978921924 	 3.5993316314831744e-23
1.0760219978921923 	 3.631250153535729e-23
1.0770219978921922 	 3.662211720291517e-23
1.078021997892192 	 3.692240789191911e-23
1.079021997892192 	 3.721361140522057e-23
1.0800219978921919 	 3.749595890597182e-23
1.0810219978921918 	 3.7769675075954184e-23
1.0820219978921917 	 3.803497824674456e-23
1.0830219978921916 	 3.829208056401249e-23
1.0840219978921914 	 3.8541188155002365e-23
1.0850219978921913 	 3.878250125876877e-23
1.0860219978921912 	 3.901621442452477e-23
1.0870219978921911 	 3.924251663657616e-23
1.088021997892191 	 3.946159147544184e-23
1.089021997892191 	 3.967361728763258e-23
1.0900219978921908 	 3.9878767339583666e-23
1.0910219978921907 	 4.0077209952531915e-23
1.0920219978921906 	 4.026910865392183e-23
1.0930219978921905 	 4.0454622318439035e-23
1.0940219978921903 	 4.0633905353231556e-23
1.0950219978921902 	 4.080710775995562e-23
1.0960219978921901 	 4.0974375324973107e-23
1.09702199789219 	 4.113584974576854e-23
1.09802199789219 	 4.129166873054899e-23
1.0990219978921898 	 4.144196615411964e-23
1.1000219978921897 	 4.158687208616747e-23
1.1010219978921896 	 4.172651338335485e-23
1.1020219978921895 	 4.186103150086701e-23
1.1030219978921894 	 4.1990538994392773e-23
1.1040219978921892 	 4.2115140395126527e-23
1.1050219978921891 	 4.2234940535992684e-23
1.106021997892189 	 4.235004453940828e-23
1.107021997892189 	 4.246055786380376e-23
1.1080219978921888 	 4.25665862721017e-23
1.1090219978921887 	 4.2668235843792224e-23
1.1100219978921886 	 4.27656129792878e-23
1.1110219978921885 	 4.285882435458985e-23
1.1120219978921884 	 4.294797233155597e-23
1.1130219978921883 	 4.303314207102085e-23
1.1140219978921881 	 4.311441450004606e-23
1.115021997892188 	 4.3191870282046926e-23
1.116021997892188 	 4.326558989349462e-23
1.1170219978921878 	 4.333565354898797e-23
1.1180219978921877 	 4.340214127100706e-23
1.1190219978921876 	 4.3465132882758266e-23
1.1200219978921875 	 4.3524707974359854e-23
1.1210219978921874 	 4.35809459649408e-23
1.1220219978921873 	 4.3633923403470657e-23
1.1230219978921872 	 4.368370687240629e-23
1.124021997892187 	 4.373036022536811e-23
1.125021997892187 	 4.377394697647934e-23
1.1260219978921868 	 4.381453021498599e-23
1.1270219978921867 	 4.3852172677392044e-23
1.1280219978921866 	 4.388693670261288e-23
1.1290219978921865 	 4.39188843022623e-23
1.1300219978921864 	 4.394807706675747e-23
1.1310219978921863 	 4.397457628398798e-23
1.1320219978921862 	 4.3998441127845535e-23
1.133021997892186 	 4.401972411180729e-23
1.134021997892186 	 4.403847580297607e-23
1.1350219978921858 	 4.405428606088011e-23
1.1360219978921857 	 4.406814520786948e-23
1.1370219978921856 	 4.4079621751195426e-23
1.1380219978921855 	 4.4088764629016947e-23
1.1390219978921854 	 4.409562236566295e-23
1.1400219978921853 	 4.410024313436187e-23
1.1410219978921852 	 4.41026746602656e-23
1.142021997892185 	 4.4102963270801405e-23
1.143021997892185 	 4.410115086070321e-23
1.1440219978921848 	 4.4097278016256054e-23
1.1450219978921847 	 4.4091384903371295e-23
1.1460219978921846 	 4.4083511341990236e-23
1.1470219978921845 	 4.4073696711804635e-23
1.1480219978921844 	 4.406198006173603e-23
1.1490219978921843 	 4.404840006807371e-23
1.1500219978921842 	 4.403299498983126e-23
1.151021997892184 	 4.4015802778658446e-23
1.152021997892184 	 4.399686028685904e-23
1.1530219978921838 	 4.397620143355549e-23
1.1540219978921837 	 4.3953859148050024e-23
1.1550219978921836 	 4.3929866041724603e-23
1.1560219978921835 	 4.390425436588265e-23
1.1570219978921834 	 4.3877056015042065e-23
1.1580219978921833 	 4.3848302590609246e-23
1.1590219978921832 	 4.381802530346754e-23
1.160021997892183 	 4.3786255094101684e-23
1.161021997892183 	 4.375302253559877e-23
1.1620219978921829 	 4.3718357453564447e-23
1.1630219978921827 	 4.368228772055841e-23
1.1640219978921826 	 4.3644840476568673e-23
1.1650219978921825 	 4.360604260567502e-23
1.1660219978921824 	 4.3565920633604064e-23
1.1670219978921823 	 4.352450083711137e-23
1.1680219978921822 	 4.3481809200359543e-23
1.169021997892182 	 4.343787136984879e-23
1.170021997892182 	 4.339271276374537e-23
1.1710219978921819 	 4.3346358474065204e-23
1.1720219978921818 	 4.3298833072796635e-23
1.1730219978921816 	 4.3250159835149754e-23
1.1740219978921815 	 4.320036156186214e-23
1.1750219978921814 	 4.3149460795135443e-23
1.1760219978921813 	 4.309747976866928e-23
1.1770219978921812 	 4.3044440515644367e-23
1.178021997892181 	 4.29903647719989e-23
1.179021997892181 	 4.293527403650775e-23
1.1800219978921809 	 4.287918957332267e-23
1.1810219978921808 	 4.282213236205508e-23
1.1820219978921807 	 4.2764123039318194e-23
1.1830219978921805 	 4.270518148080583e-23
1.1840219978921804 	 4.2645325626116245e-23
1.1850219978921803 	 4.258457640538838e-23
1.1860219978921802 	 4.2522950523464014e-23
1.18702199789218 	 4.2460468136757053e-23
1.18802199789218 	 4.239714895504374e-23
1.1890219978921799 	 4.23330113236954e-23
1.1900219978921798 	 4.226807339241895e-23
1.1910219978921797 	 4.220235306506314e-23
1.1920219978921796 	 4.2135868025101396e-23
1.1930219978921794 	 4.206863564051408e-23
1.1940219978921793 	 4.200067299548981e-23
1.1950219978921792 	 4.193199700929922e-23
1.1960219978921791 	 4.1862624387120504e-23
1.197021997892179 	 4.1792571600808575e-23
1.198021997892179 	 4.1721854942238326e-23
1.1990219978921788 	 4.16504904736282e-23
1.2000219978921787 	 4.1578494085069326e-23
1.2010219978921786 	 4.150588145090408e-23
1.2020219978921785 	 4.1432668094681875e-23
1.2030219978921783 	 4.13588696062232e-23
1.2040219978921782 	 4.1284501436696084e-23
1.2050219978921781 	 4.1209578793047324e-23
1.206021997892178 	 4.11341167399906e-23
1.207021997892178 	 4.105813010115572e-23
1.2080219978921778 	 4.0981633540263845e-23
1.2090219978921777 	 4.0904641512952976e-23
1.2100219978921776 	 4.082716826764294e-23
1.2110219978921775 	 4.074922788694489e-23
1.2120219978921773 	 4.067083441901867e-23
1.2130219978921772 	 4.0592002237285954e-23
1.2140219978921771 	 4.051274569459581e-23
1.215021997892177 	 4.043307894306654e-23
1.216021997892177 	 4.035301591514396e-23
1.2170219978921768 	 4.027257037449539e-23
1.2180219978921767 	 4.019175586774074e-23
1.2190219978921766 	 4.011058577455777e-23
1.2200219978921765 	 4.002907328944681e-23
1.2210219978921764 	 3.9947231374096006e-23
1.2220219978921762 	 3.986507307803728e-23
1.2230219978921761 	 3.978261212800373e-23
1.224021997892176 	 3.969986222988821e-23
1.225021997892176 	 3.9616836902670346e-23
1.2260219978921758 	 3.953354947881312e-23
1.2270219978921757 	 3.945001305661325e-23
1.2280219978921756 	 3.936624056472055e-23
1.2290219978921755 	 3.928224473494924e-23
1.2300219978921754 	 3.919803807474814e-23
1.2310219978921753 	 3.911363293475346e-23
1.2320219978921751 	 3.9029041749334176e-23
1.233021997892175 	 3.894427796416965e-23
1.234021997892175 	 3.8859355079003075e-23
1.2350219978921748 	 3.877428637917354e-23
1.2360219978921747 	 3.8689084936418426e-23
1.2370219978921746 	 3.860376360888869e-23
1.2380219978921745 	 3.851833504393613e-23
1.2390219978921744 	 3.8432811679949414e-23
1.2400219978921743 	 3.8347205747798284e-23
1.2410219978921742 	 3.8261529271757027e-23
1.242021997892174 	 3.8175794465578215e-23
1.243021997892174 	 3.8090014811485237e-23
1.2440219978921738 	 3.8004203907194623e-23
1.2450219978921737 	 3.791837511788387e-23
1.2460219978921736 	 3.7832541577247665e-23
1.2470219978921735 	 3.774671618751005e-23
1.2480219978921734 	 3.7660911623103314e-23
1.2490219978921733 	 3.75751403330832e-23
1.2500219978921732 	 3.748941454302154e-23
1.251021997892173 	 3.740374625619689e-23
1.252021997892173 	 3.7318147720663763e-23
1.2530219978921728 	 3.7232632695783297e-23
1.2540219978921727 	 3.7147215116593385e-23
1.2550219978921726 	 3.706190864713177e-23
1.2560219978921725 	 3.697672670625194e-23
1.2570219978921724 	 3.689168246169345e-23
1.2580219978921723 	 3.6806788835062574e-23
1.2590219978921722 	 3.672205850512699e-23
1.260021997892172 	 3.663750391040696e-23
1.261021997892172 	 3.655313725082382e-23
1.2620219978921718 	 3.6468971006491326e-23
1.2630219978921717 	 3.638501935199694e-23
1.2640219978921716 	 3.63012966464617e-23
1.2650219978921715 	 3.621781697864739e-23
1.2660219978921714 	 3.613459416913232e-23
1.2670219978921713 	 3.6051641770582865e-23
1.2680219978921712 	 3.59689730745639e-23
1.269021997892171 	 3.58866011160509e-23
1.270021997892171 	 3.5804538676972703e-23
1.2710219978921709 	 3.572279828846575e-23
1.2720219978921707 	 3.5641392764991003e-23
1.2730219978921706 	 3.5560336662348587e-23
1.2740219978921705 	 3.547964472476162e-23
1.2750219978921704 	 3.5399331417680574e-23
1.2760219978921703 	 3.53194109307289e-23
1.2770219978921702 	 3.5239897178036893e-23
1.27802199789217 	 3.5160803807426663e-23
1.27902199789217 	 3.508214420645496e-23
1.2800219978921699 	 3.500393150711811e-23
1.2810219978921698 	 3.4926178588772334e-23
1.2820219978921696 	 3.484889858248777e-23
1.2830219978921695 	 3.4772106153685607e-23
1.2840219978921694 	 3.469581616812541e-23
1.2850219978921693 	 3.4620043206995007e-23
1.2860219978921692 	 3.454480158506002e-23
1.287021997892169 	 3.447010535067383e-23
1.288021997892169 	 3.4395968297948474e-23
1.2890219978921689 	 3.4322403974574904e-23
1.2900219978921688 	 3.424942557527298e-23
1.2910219978921686 	 3.4177045719969245e-23
1.2920219978921685 	 3.4105277550733746e-23
1.2930219978921684 	 3.4034135363727087e-23
1.2940219978921683 	 3.396363352707635e-23
1.2950219978921682 	 3.389378617323723e-23
1.296021997892168 	 3.38246072016484e-23
1.297021997892168 	 3.3756110278000817e-23
1.2980219978921679 	 3.3688308850270445e-23
1.2990219978921678 	 3.3621216047428367e-23
1.3000219978921677 	 3.355484398034832e-23
1.3010219978921675 	 3.3489205277123784e-23
1.3020219978921674 	 3.3424312684212936e-23
1.3030219978921673 	 3.336017917580511e-23
1.3040219978921672 	 3.329681764280269e-23
1.305021997892167 	 3.323424080289963e-23
1.306021997892167 	 3.317246120476349e-23
1.3070219978921669 	 3.3111491221913016e-23
1.3080219978921668 	 3.305134307473283e-23
1.3090219978921667 	 3.299202884093159e-23
1.3100219978921666 	 3.293356046284973e-23
1.3110219978921664 	 3.2875949750617795e-23
1.3120219978921663 	 3.281920810419598e-23
1.3130219978921662 	 3.2763345798577205e-23
1.3140219978921661 	 3.270837278183212e-23
1.315021997892166 	 3.265429892129364e-23
1.316021997892166 	 3.260113400327051e-23
1.3170219978921658 	 3.2548887723256636e-23
1.3180219978921657 	 3.2497569711329767e-23
1.3190219978921656 	 3.244718954521605e-23
1.3200219978921655 	 3.239775675773524e-23
1.3210219978921653 	 3.2349280835086515e-23
1.3220219978921652 	 3.230177042630471e-23
1.3230219978921651 	 3.225523125309881e-23
1.324021997892165 	 3.2209668373101254e-23
1.325021997892165 	 3.2165086870741966e-23
1.3260219978921648 	 3.21214918513141e-23
1.3270219978921647 	 3.207888841975692e-23
1.3280219978921646 	 3.2037281704235e-23
1.3290219978921645 	 3.1996676913647043e-23
1.3300219978921644 	 3.195707927740546e-23
1.3310219978921642 	 3.19184001460683e-23
1.3320219978921641 	 3.188044087775813e-23
1.333021997892164 	 3.1843320972187507e-23
1.334021997892164 	 3.1807072416793574e-23
1.3350219978921638 	 3.177170867874207e-23
1.3360219978921637 	 3.1737236499310676e-23
1.3370219978921636 	 3.170365936406866e-23
1.3380219978921635 	 3.167097886325807e-23
1.3390219978921634 	 3.1639195426628884e-23
1.3400219978921633 	 3.160830872135597e-23
1.3410219978921631 	 3.157831787788628e-23
1.342021997892163 	 3.154921969515442e-23
1.343021997892163 	 3.152100361511405e-23
1.3440219978921628 	 3.149365728712411e-23
1.3450219978921627 	 3.146716829370031e-23
1.3460219978921626 	 3.144152416692755e-23
1.3470219978921625 	 3.1416712350397056e-23
1.3480219978921624 	 3.139272030526605e-23
1.3490219978921623 	 3.136953555742199e-23
1.3500219978921622 	 3.1347145721731216e-23
1.351021997892162 	 3.132553848996681e-23
1.352021997892162 	 3.1304699313909497e-23
1.3530219978921618 	 3.1284605352845324e-23
1.3540219978921617 	 3.126523199209564e-23
1.3550219978921616 	 3.124655483742198e-23
1.3560219978921615 	 3.1228549687522413e-23
1.3570219978921614 	 3.121119244055903e-23
1.3580219978921613 	 3.11944592393386e-23
1.3590219978921612 	 3.1178326539793043e-23
1.360021997892161 	 3.1162771136558923e-23
1.361021997892161 	 3.1147770144140036e-23
1.3620219978921608 	 3.113329862164589e-23
1.3630219978921607 	 3.111932358671554e-23
1.3640219978921606 	 3.1105810577495863e-23
1.3650219978921605 	 3.109272567840552e-23
1.3660219978921604 	 3.108003549594057e-23
1.3670219978921603 	 3.106770702753614e-23
1.3680219978921602 	 3.105570791356968e-23
1.36902199789216 	 3.104400656447451e-23
1.37002199789216 	 3.103257222423944e-23
1.3710219978921598 	 3.1021374967691933e-23
1.3720219978921597 	 3.1010383726798934e-23
1.3730219978921596 	 3.099956157245807e-23
1.3740219978921595 	 3.098887111893695e-23
1.3750219978921594 	 3.0978276217292464e-23
1.3760219978921593 	 3.0967741968469707e-23
1.3770219978921592 	 3.0957234609438504e-23
1.378021997892159 	 3.0946721823630407e-23
1.379021997892159 	 3.093617289720967e-23
1.3800219978921588 	 3.0925558813395894e-23
1.3810219978921587 	 3.091485228871767e-23
1.3820219978921586 	 3.0904026698387195e-23
1.3830219978921585 	 3.0893053461560917e-23
1.3840219978921584 	 3.088190513180858e-23
1.3850219978921583 	 3.08705562088226e-23
1.3860219978921582 	 3.0858983384153504e-23
1.387021997892158 	 3.084716542568717e-23
1.388021997892158 	 3.083508319526914e-23
1.3890219978921579 	 3.082271960857764e-23
1.3900219978921577 	 3.0810059569426595e-23
1.3910219978921576 	 3.079708991980393e-23
1.3920219978921575 	 3.078379939511868e-23
1.3930219978921574 	 3.077017819927254e-23
1.3940219978921573 	 3.0756217853195255e-23
1.3950219978921572 	 3.074191096606835e-23
1.396021997892157 	 3.0727250983561436e-23
1.397021997892157 	 3.0712231998510914e-23
1.3980219978921569 	 3.0696848172533524e-23
1.3990219978921568 	 3.068109323540985e-23
1.4000219978921566 	 3.0664960004369256e-23
1.4010219978921565 	 3.0648439908694824e-23
1.4020219978921564 	 3.063152344780112e-23
1.4030219978921563 	 3.061420190324422e-23
1.4040219978921562 	 3.0596464224752114e-23
1.405021997892156 	 3.057829570958388e-23
1.406021997892156 	 3.0559677481352647e-23
1.4070219978921559 	 3.0540586042224185e-23
1.4080219978921558 	 3.0520992767341725e-23
1.4090219978921557 	 3.05008635013511e-23
1.4100219978921555 	 3.048015824977591e-23
1.4110219978921554 	 3.0458830924798804e-23
1.4120219978921553 	 3.043683080054254e-23
1.4130219978921552 	 3.0414106494346173e-23
1.414021997892155 	 3.039060183764149e-23
1.415021997892155 	 3.0366254748567194e-23
1.4160219978921549 	 3.0340997537743505e-23
1.4170219978921548 	 3.031475730668151e-23
1.4180219978921547 	 3.028745651599467e-23
1.4190219978921546 	 3.025901361779937e-23
1.4200219978921544 	 3.0229343753075717e-23
1.4210219978921543 	 3.0198359466752124e-23
1.4220219978921542 	 3.0165973164416504e-23
1.4230219978921541 	 3.013210281981646e-23
1.424021997892154 	 3.009666776223353e-23
1.425021997892154 	 3.0059587942790333e-23
1.4260219978921538 	 3.002078466840598e-23
1.4270219978921537 	 2.9980181243601357e-23
1.4280219978921536 	 2.993770373863087e-23
1.4290219978921535 	 2.9893281623724014e-23
1.4300219978921533 	 2.9846848306095096e-23
1.4310219978921532 	 2.9798341546083664e-23
1.4320219978921531 	 2.97477054459093e-23
1.433021997892153 	 2.9694895186411255e-23
1.434021997892153 	 2.963987272764106e-23
1.4350219978921528 	 2.958260526834769e-23
1.4360219978921527 	 2.952306530648463e-23
1.4370219978921526 	 2.946123051128156e-23
1.4380219978921525 	 2.939708378584599e-23
1.4390219978921523 	 2.933061318399035e-23
1.4400219978921522 	 2.9261811753115564e-23
1.4410219978921521 	 2.9190677296547875e-23
1.442021997892152 	 2.911721339503161e-23
1.443021997892152 	 2.904143299113326e-23
1.4440219978921518 	 2.8963354168148534e-23
1.4450219978921517 	 2.8882998662401177e-23
1.4460219978921516 	 2.880039153753629e-23
1.4470219978921515 	 2.871556077544044e-23
1.4480219978921514 	 2.862853712843318e-23
1.4490219978921512 	 2.853935389092885e-23
1.4500219978921511 	 2.844804663124142e-23
1.451021997892151 	 2.835465289518077e-23
1.452021997892151 	 2.825921283550294e-23
1.4530219978921508 	 2.8161771797644434e-23
1.4540219978921507 	 2.8062377217218213e-23
1.4550219978921506 	 2.79610775343272e-23
1.4560219978921505 	 2.7857921950185565e-23
1.4570219978921504 	 2.775296012084294e-23
1.4580219978921503 	 2.7646242143771624e-23
1.4590219978921501 	 2.753781845391738e-23
1.46002199789215 	 2.7427739694621847e-23
1.46102199789215 	 2.7316056554341934e-23
1.4620219978921498 	 2.7202820223355854e-23
1.4630219978921497 	 2.708808419174129e-23
1.4640219978921496 	 2.6971902220565804e-23
1.4650219978921495 	 2.685432767269684e-23
1.4660219978921494 	 2.67354133695954e-23
1.4670219978921493 	 2.6615211338484117e-23
1.4680219978921492 	 2.649377297037244e-23
1.469021997892149 	 2.637114903343306e-23
1.470021997892149 	 2.624738963210248e-23
1.4710219978921488 	 2.612254415349596e-23
1.4720219978921487 	 2.5996661621694188e-23
1.4730219978921486 	 2.586979188437481e-23
1.4740219978921485 	 2.5741984315122237e-23
1.4750219978921484 	 2.5613287409389646e-23
1.4760219978921483 	 2.5483748701988385e-23
1.4770219978921482 	 2.5353414574070054e-23
1.478021997892148 	 2.5222330450321133e-23
1.479021997892148 	 2.509054091014161e-23
1.4800219978921478 	 2.4958089463520335e-23
1.4810219978921477 	 2.4825018852123252e-23
1.4820219978921476 	 2.469137105605081e-23
1.4830219978921475 	 2.4557188260673175e-23
1.4840219978921474 	 2.4422511966350588e-23
1.4850219978921473 	 2.4287382719297376e-23
1.4860219978921472 	 2.4151840061566213e-23
1.487021997892147 	 2.401592238819871e-23
1.488021997892147 	 2.3879667126500437e-23
1.4890219978921468 	 2.374311079609134e-23
1.4900219978921467 	 2.3606289018878908e-23
1.4910219978921466 	 2.3469236509546605e-23
1.4920219978921465 	 2.3331987302243398e-23
1.4930219978921464 	 2.319457553764762e-23
1.4940219978921463 	 2.3057034683003767e-23
1.4950219978921462 	 2.2919397303952866e-23
1.496021997892146 	 2.27816950330389e-23
1.497021997892146 	 2.2643958464891912e-23
1.4980219978921459 	 2.2506217304518377e-23
1.4990219978921457 	 2.2368500420866947e-23
1.5000219978921456 	 2.223083586052026e-23
1.5010219978921455 	 2.2093250839384647e-23
1.5020219978921454 	 2.195577198917738e-23
1.5030219978921453 	 2.1818426210800054e-23
1.5040219978921452 	 2.1681239802964413e-23
1.505021997892145 	 2.154423831927767e-23
1.506021997892145 	 2.1407446407760393e-23
1.5070219978921449 	 2.1270887875024956e-23
1.5080219978921447 	 2.1134585738351684e-23
1.5090219978921446 	 2.099856225803439e-23
1.5100219978921445 	 2.0862838954378295e-23
1.5110219978921444 	 2.0727436611381485e-23
1.5120219978921443 	 2.0592375612010454e-23
1.5130219978921442 	 2.045767690212534e-23
1.514021997892144 	 2.032336096525693e-23
1.515021997892144 	 2.0189447528067511e-23
1.5160219978921439 	 2.0055955576651286e-23
1.5170219978921438 	 1.9922903371855455e-23
1.5180219978921436 	 1.9790308467899646e-23
1.5190219978921435 	 1.9658187729708085e-23
1.5200219978921434 	 1.9526557349678206e-23
1.5210219978921433 	 1.9395432781670426e-23
1.5220219978921432 	 1.926482912699591e-23
1.523021997892143 	 1.913476262526668e-23
1.524021997892143 	 1.9005249176206422e-23
1.5250219978921429 	 1.887630392590321e-23
1.5260219978921428 	 1.8747933078142505e-23
1.5270219978921427 	 1.862014530468183e-23
1.5280219978921425 	 1.8492953957647486e-23
1.5290219978921424 	 1.8366371752408436e-23
1.5300219978921423 	 1.8240410554061427e-23
1.5310219978921422 	 1.8115081786171815e-23
1.532021997892142 	 1.7990397023090813e-23
1.533021997892142 	 1.7866368987365703e-23
1.5340219978921419 	 1.7743010138264836e-23
1.5350219978921418 	 1.762033226224182e-23
1.5360219978921417 	 1.7498346567678925e-23
1.5370219978921416 	 1.7377063839658948e-23
1.5380219978921414 	 1.7256494308519342e-23
1.5390219978921413 	 1.7136647617491413e-23
1.5400219978921412 	 1.7017532849198634e-23
1.5410219978921411 	 1.6899158623205676e-23
1.542021997892141 	 1.678153380098397e-23
1.543021997892141 	 1.666466857817166e-23
1.5440219978921408 	 1.6548572964512356e-23
1.5450219978921407 	 1.6433256376148578e-23
1.5460219978921406 	 1.6318727757536733e-23
1.5470219978921405 	 1.6204995852829282e-23
1.5480219978921403 	 1.6092068961205832e-23
1.5490219978921402 	 1.597995488823497e-23
1.5500219978921401 	 1.5868660979439857e-23
1.55102199789214 	 1.575819426405908e-23
1.55202199789214 	 1.564856224128477e-23
1.5530219978921398 	 1.5539773803410758e-23
1.5540219978921397 	 1.5431837775480432e-23
1.5550219978921396 	 1.5324762528781358e-23
1.5560219978921395 	 1.5218556157616373e-23
1.5570219978921394 	 1.5113226854033203e-23
1.5580219978921392 	 1.5008782568757418e-23
1.5590219978921391 	 1.4905230926751542e-23
1.560021997892139 	 1.4802579276516948e-23
1.561021997892139 	 1.47008348685469e-23
1.5620219978921388 	 1.460000566075831e-23
1.5630219978921387 	 1.4500100896494085e-23
1.5640219978921386 	 1.4401129865508692e-23
1.5650219978921385 	 1.4303101584206757e-23
1.5660219978921384 	 1.4206024974916908e-23
1.5670219978921383 	 1.4109909271870488e-23
1.5680219978921381 	 1.4014624398558952e-23
1.569021997892138 	 1.3920068648867604e-23
1.570021997892138 	 1.382635821398323e-23
1.5710219978921378 	 1.373353082571767e-23
1.5720219978921377 	 1.3641610057500595e-23
1.5730219978921376 	 1.3550613479374864e-23
1.5740219978921375 	 1.346055417191201e-23
1.5750219978921374 	 1.337144114649617e-23
1.5760219978921373 	 1.3283279418927207e-23
1.5770219978921372 	 1.3196069900411095e-23
1.578021997892137 	 1.3109807869639344e-23
1.579021997892137 	 1.3024481488379551e-23
1.5800219978921368 	 1.294007009898487e-23
1.5810219978921367 	 1.2856542386704642e-23
1.5820219978921366 	 1.2773854601834511e-23
1.5830219978921365 	 1.269194767349319e-23
1.5840219978921364 	 1.2610744847551576e-23
1.5850219978921363 	 1.2530150127775169e-23
1.5860219978921362 	 1.2450048204922181e-23
1.587021997892136 	 1.2370306755897406e-23
1.588021997892136 	 1.229078068655808e-23
1.5890219978921358 	 1.2211320429675841e-23
1.5900219978921357 	 1.2131784217739587e-23
1.5910219978921356 	 1.2052053706497592e-23
1.5920219978921355 	 1.1972050879396205e-23
1.5930219978921354 	 1.1891751994102823e-23
1.5940219978921353 	 1.1811197913122335e-23
1.5950219978921352 	 1.1730495911500535e-23
1.596021997892135 	 1.1649811881960904e-23
1.597021997892135 	 1.1569354386998539e-23
1.5980219978921348 	 1.1489352808855795e-23
1.5990219978921347 	 1.1410035019529112e-23
1.6000219978921346 	 1.1331608489370111e-23
1.6010219978921345 	 1.1254247337684859e-23
1.6020219978921344 	 1.1178085769477979e-23
1.6030219978921343 	 1.1103215985219912e-23
1.6040219978921342 	 1.1029693165627008e-23
1.605021997892134 	 1.0957541950608315e-23
1.606021997892134 	 1.0886763469673235e-23
1.6070219978921338 	 1.0817342211215212e-23
1.6080219978921337 	 1.074925165652278e-23
1.6090219978921336 	 1.0682458969294386e-23
1.6100219978921335 	 1.0616928528916353e-23
1.6110219978921334 	 1.0552624573723328e-23
1.6120219978921333 	 1.0489512432575359e-23
1.6130219978921332 	 1.0427557910149635e-23
1.614021997892133 	 1.0366729768112961e-23
1.615021997892133 	 1.0307000576180353e-23
1.6160219978921329 	 1.024834679993196e-23
1.6170219978921327 	 1.0190748628638648e-23
1.6180219978921326 	 1.0134189995945096e-23
1.6190219978921325 	 1.007865832736353e-23
1.6200219978921324 	 1.002414433657498e-23
1.6210219978921323 	 9.970641780430926e-24
1.6220219978921322 	 9.918146425590342e-24
1.623021997892132 	 9.866654270717498e-24
1.624021997892132 	 9.816163398344107e-24
1.6250219978921319 	 9.766674431232629e-24
1.6260219978921318 	 9.718190278104844e-24
1.6270219978921316 	 9.670715777797796e-24
1.6280219978921315 	 9.624257859890686e-24
1.6290219978921314 	 9.578825522177519e-24
1.6300219978921313 	 9.534429757003168e-24
1.6310219978921312 	 9.491083333158067e-24
1.632021997892131 	 9.448799805695125e-24
1.633021997892131 	 9.407592177578126e-24
1.6340219978921309 	 9.36747475726106e-24
1.6350219978921308 	 9.328463605273002e-24
1.6360219978921307 	 9.290576335612686e-24
1.6370219978921305 	 9.25383164561347e-24
1.6380219978921304 	 9.218249670730366e-24
1.6390219978921303 	 9.183852058022258e-24
1.6400219978921302 	 9.15066186880508e-24
1.64102199789213 	 9.118703360993757e-24
1.64202199789213 	 9.088001011875593e-24
1.6430219978921299 	 9.058578708450578e-24
1.6440219978921298 	 9.030461102848903e-24
1.6450219978921297 	 9.003673898377688e-24
1.6460219978921296 	 8.978243598713358e-24
1.6470219978921294 	 8.954196940774298e-24
1.6480219978921293 	 8.931561270350196e-24
1.6490219978921292 	 8.910364556905259e-24
1.650021997892129 	 8.890635262244502e-24
1.651021997892129 	 8.872402077095003e-24
1.652021997892129 	 8.855693111098805e-24
1.6530219978921288 	 8.840535571528657e-24
1.6540219978921287 	 8.826956446190928e-24
1.6550219978921286 	 8.814982592940486e-24
1.6560219978921285 	 8.804640449730461e-24
1.6570219978921283 	 8.795955501600601e-24
1.6580219978921282 	 8.7889525627661e-24
1.6590219978921281 	 8.783655740108621e-24
1.660021997892128 	 8.780088307202212e-24
1.661021997892128 	 8.77827246191865e-24
1.6620219978921278 	 8.778228738521148e-24
1.6630219978921277 	 8.779976264607544e-24
1.6640219978921276 	 8.783532749622788e-24
1.6650219978921275 	 8.788914416293209e-24
1.6660219978921273 	 8.796135789704434e-24
1.6670219978921272 	 8.805209322469276e-24
1.6680219978921271 	 8.816145576289488e-24
1.669021997892127 	 8.828953219675459e-24
1.670021997892127 	 8.843638950794714e-24
1.6710219978921268 	 8.860207358962028e-24
1.6720219978921267 	 8.878660813705064e-24
1.6730219978921266 	 8.899000030682516e-24
1.6740219978921265 	 8.9212237001093e-24
1.6750219978921264 	 8.945328346622727e-24
1.6760219978921262 	 8.971308280529763e-24
1.6770219978921261 	 8.999155476962502e-24
1.678021997892126 	 9.028859730078175e-24
1.679021997892126 	 9.060408728877059e-24
1.6800219978921258 	 9.093788096621666e-24
1.6810219978921257 	 9.128981430736378e-24
1.6820219978921256 	 9.165970577620508e-24
1.6830219978921255 	 9.204736553655128e-24
1.6840219978921254 	 9.245258878419631e-24
1.6850219978921253 	 9.287515425330945e-24
1.6860219978921251 	 9.331482517986299e-24
1.687021997892125 	 9.377135030872548e-24
1.688021997892125 	 9.42444648934108e-24
1.6890219978921248 	 9.473389171548816e-24
1.6900219978921247 	 9.523934210664575e-24
1.6910219978921246 	 9.576051716966245e-24
1.6920219978921245 	 9.629711300534545e-24
1.6930219978921244 	 9.6848831427174e-24
1.6940219978921243 	 9.74153708613404e-24
1.6950219978921242 	 9.799642417820173e-24
1.696021997892124 	 9.85916799761873e-24
1.697021997892124 	 9.920082452264191e-24
1.6980219978921238 	 9.982354147191465e-24
1.6990219978921237 	 1.004595122411782e-23
1.7000219978921236 	 1.0110841664922709e-23
1.7010219978921235 	 1.0176993402101268e-23
1.7020219978921234 	 1.024437492188516e-23
1.7030219978921233 	 1.0312956305043994e-23
1.7040219978921232 	 1.0382708144431118e-23
1.705021997892123 	 1.0453601239980311e-23
1.706021997892123 	 1.0525606722898714e-23
1.7070219978921228 	 1.0598696149494569e-23
1.7080219978921227 	 1.0672841512997108e-23
1.7090219978921226 	 1.0748015090042741e-23
1.7100219978921225 	 1.08241894714415e-23
1.7110219978921224 	 1.0901337637514661e-23
1.7120219978921223 	 1.0979433558087645e-23
1.7130219978921222 	 1.1058453112626837e-23
1.714021997892122 	 1.1138372965196624e-23
1.715021997892122 	 1.1219170219251764e-23
1.7160219978921218 	 1.1300822483142473e-23
1.7170219978921217 	 1.1383308079772558e-23
1.7180219978921216 	 1.1466605814158137e-23
1.7190219978921215 	 1.1550694883871333e-23
1.7200219978921214 	 1.1635554854611917e-23
1.7210219978921213 	 1.1721165697892678e-23
1.7220219978921212 	 1.1807508421558078e-23
1.723021997892121 	 1.1894565724783076e-23
1.724021997892121 	 1.1982321028442462e-23
1.7250219978921209 	 1.2070758130397019e-23
1.7260219978921207 	 1.215986126015837e-23
1.7270219978921206 	 1.2249615286523772e-23
1.7280219978921205 	 1.2340005469639583e-23
1.7290219978921204 	 1.243101735060326e-23
1.7300219978921203 	 1.2522636737805005e-23
1.7310219978921202 	 1.2614849747712622e-23
1.73202199789212 	 1.2707643300191095e-23
1.73302199789212 	 1.2801005701032392e-23
1.7340219978921199 	 1.2894925770657961e-23
1.7350219978921197 	 1.2989392571666549e-23
1.7360219978921196 	 1.3084395460486687e-23
1.7370219978921195 	 1.3128192260428324e-23
1.7380219978921194 	 1.3120831280057086e-23
1.7390219978921193 	 1.3113478663009485e-23
1.7400219978921192 	 1.3106134394784271e-23
1.741021997892119 	 1.3098798460914637e-23
1.742021997892119 	 1.3091470846968091e-23
1.7430219978921189 	 1.3084151538546367e-23
1.7440219978921188 	 1.3076840521285302e-23
1.7450219978921186 	 1.3069537780854743e-23
1.7460219978921185 	 1.3062243302958438e-23
1.7470219978921184 	 1.3054957073333944e-23
1.7480219978921183 	 1.304767907775249e-23
1.7490219978921182 	 1.3040409302018931e-23
1.750021997892118 	 1.303314773197157e-23
1.751021997892118 	 1.3025894353482127e-23
1.7520219978921179 	 1.3018649152455588e-23
1.7530219978921178 	 1.3011412114830128e-23
1.7540219978921177 	 1.3004183226577001e-23
1.7550219978921175 	 1.2996962473700441e-23
1.7560219978921174 	 1.2989749842237556e-23
1.7570219978921173 	 1.2982545318258242e-23
1.7580219978921172 	 1.2975348887865055e-23
1.759021997892117 	 1.2968160537193149e-23
1.760021997892117 	 1.2960980252410157e-23
1.7610219978921169 	 1.2953808019716077e-23
1.7620219978921168 	 1.29466438253432e-23
1.7630219978921167 	 1.293948765555601e-23
1.7640219978921166 	 1.2932339496651063e-23
1.7650219978921164 	 1.2925199334956911e-23
1.7660219978921163 	 1.2918067156834007e-23
1.7670219978921162 	 1.2910942948674591e-23
1.7680219978921161 	 1.2903826696902606e-23
1.769021997892116 	 1.2896718387973603e-23
1.770021997892116 	 1.2889618008374636e-23
1.7710219978921158 	 1.2882525544624185e-23
1.7720219978921157 	 1.2875440983272036e-23
1.7730219978921156 	 1.2868364310899204e-23
1.7740219978921155 	 1.2861295514117855e-23
1.7750219978921153 	 1.2854234579571171e-23
1.7760219978921152 	 1.2847181493933282e-23
1.7770219978921151 	 1.2840136243909169e-23
1.778021997892115 	 1.2833098816234588e-23
1.779021997892115 	 1.282606919767594e-23
1.7800219978921148 	 1.2819047375030223e-23
1.7810219978921147 	 1.2812033335124904e-23
1.7820219978921146 	 1.2805027064817854e-23
1.7830219978921145 	 1.2798028550997233e-23
1.7840219978921144 	 1.2791037780581424e-23
1.7850219978921142 	 1.2784054740518923e-23
1.7860219978921141 	 1.2777079417788267e-23
1.787021997892114 	 1.2770111799397931e-23
1.788021997892114 	 1.2763151872386242e-23
1.7890219978921138 	 1.2756199623821289e-23
1.7900219978921137 	 1.2749255040800848e-23
1.7910219978921136 	 1.2742318110452273e-23
1.7920219978921135 	 1.2735388819932424e-23
1.7930219978921134 	 1.2728467156427556e-23
1.7940219978921133 	 1.2721553107153287e-23
1.7950219978921131 	 1.2714646659354435e-23
1.796021997892113 	 1.2707747800304998e-23
1.797021997892113 	 1.2700856517308022e-23
1.7980219978921128 	 1.2693972797695541e-23
1.7990219978921127 	 1.2687096628828484e-23
1.8000219978921126 	 1.2680227998096592e-23
1.8010219978921125 	 1.2673366892918326e-23
1.8020219978921124 	 1.2666513300740793e-23
1.8030219978921123 	 1.2659667209039647e-23
1.8040219978921122 	 1.2652828605319025e-23
1.805021997892112 	 1.2645997477111437e-23
1.806021997892112 	 1.2639173811977717e-23
1.8070219978921118 	 1.2632357597506917e-23
1.8080219978921117 	 1.2625548821316205e-23
1.8090219978921116 	 1.2618747471050844e-23
1.8100219978921115 	 1.2611953534384037e-23
1.8110219978921114 	 1.2605166999016906e-23
1.8120219978921113 	 1.2598387852678367e-23
1.8130219978921112 	 1.2591616083125071e-23
1.814021997892111 	 1.2584851678141335e-23
1.815021997892111 	 1.2578094625539013e-23
1.8160219978921108 	 1.2571344913157477e-23
1.8170219978921107 	 1.2564602528863487e-23
1.8180219978921106 	 1.2557867460551144e-23
1.8190219978921105 	 1.25511396961418e-23
1.8200219978921104 	 1.2544419223583957e-23
1.8210219978921103 	 1.2537706030853232e-23
1.8220219978921102 	 1.2531000105952248e-23
1.82302199789211 	 1.252430143691055e-23
1.82402199789211 	 1.251761001178456e-23
1.8250219978921098 	 1.2510925818657456e-23
1.8260219978921097 	 1.2504248845639143e-23
1.8270219978921096 	 1.2497579080866123e-23
1.8280219978921095 	 1.249091651250146e-23
1.8290219978921094 	 1.2484261128734698e-23
1.8300219978921093 	 1.2477612917781756e-23
1.8310219978921092 	 1.247097186788487e-23
1.832021997892109 	 1.246433796731254e-23
1.833021997892109 	 1.245771120435942e-23
1.8340219978921088 	 1.2451091567346249e-23
1.8350219978921087 	 1.2444479044619793e-23
1.8360219978921086 	 1.2437873624552751e-23
1.8370219978921085 	 1.2431275295543701e-23
1.8380219978921084 	 1.242468404601701e-23
1.8390219978921083 	 1.2418099864422762e-23
1.8400219978921082 	 1.241152273923668e-23
1.841021997892108 	 1.2404952658960077e-23
1.842021997892108 	 1.2398389612119747e-23
1.8430219978921079 	 1.2391833587267929e-23
1.8440219978921077 	 1.2385284572982194e-23
1.8450219978921076 	 1.237874255786542e-23
1.8460219978921075 	 1.2372207530545667e-23
1.8470219978921074 	 1.2365679479676154e-23
1.8480219978921073 	 1.235915839393517e-23
1.8490219978921072 	 1.2352644262025966e-23
1.850021997892107 	 1.2346137072676756e-23
1.851021997892107 	 1.2339636814640584e-23
1.8520219978921069 	 1.2333143476695276e-23
1.8530219978921068 	 1.2326657047643393e-23
1.8540219978921066 	 1.2320177516312108e-23
1.8550219978921065 	 1.2313704871553187e-23
1.8560219978921064 	 1.230723910224289e-23
1.8570219978921063 	 1.2300780197281908e-23
1.8580219978921062 	 1.2294328145595308e-23
1.859021997892106 	 1.2287882936132444e-23
1.860021997892106 	 1.2281444557866896e-23
1.8610219978921059 	 1.227501299979641e-23
1.8620219978921058 	 1.2268588250942816e-23
1.8630219978921057 	 1.2262170300351968e-23
1.8640219978921055 	 1.2255759137093679e-23
1.8650219978921054 	 1.2249354750261645e-23
1.8660219978921053 	 1.2242957128973387e-23
1.8670219978921052 	 1.2236566262370174e-23
1.868021997892105 	 1.223018213961697e-23
1.869021997892105 	 1.2223804749902352e-23
1.8700219978921049 	 1.2217434082438461e-23
1.8710219978921048 	 1.2211070126460909e-23
1.8720219978921047 	 1.2204712871228753e-23
1.8730219978921046 	 1.2198362306024396e-23
1.8740219978921044 	 1.2192018420153526e-23
1.8750219978921043 	 1.2185681202945068e-23
1.8760219978921042 	 1.217935064375111e-23
1.877021997892104 	 1.2173026731946831e-23
1.878021997892104 	 1.2166709456930449e-23
1.879021997892104 	 1.2160398808123143e-23
1.8800219978921038 	 1.215409477496901e-23
1.8810219978921037 	 1.214779734693497e-23
1.8820219978921036 	 1.2141506513510742e-23
1.8830219978921034 	 1.213522226420874e-23
1.8840219978921033 	 1.2128944588564044e-23
1.8850219978921032 	 1.2122673476134315e-23
1.8860219978921031 	 1.211640891649974e-23
1.887021997892103 	 1.2110150899262973e-23
1.888021997892103 	 1.2103899414049072e-23
1.8890219978921028 	 1.2097654450505423e-23
1.8900219978921027 	 1.2091415998301701e-23
1.8910219978921026 	 1.20851840471298e-23
1.8920219978921025 	 1.2078958586703748e-23
1.8930219978921023 	 1.2072739606759692e-23
1.8940219978921022 	 1.20665270970558e-23
1.8950219978921021 	 1.2060321047372208e-23
1.896021997892102 	 1.2054121447510972e-23
1.897021997892102 	 1.2047928287295998e-23
1.8980219978921018 	 1.2041741556572977e-23
1.8990219978921017 	 1.2035561245209337e-23
1.9000219978921016 	 1.2029387343094175e-23
1.9010219978921015 	 1.2023219840138206e-23
1.9020219978921014 	 1.2017058726273691e-23
1.9030219978921012 	 1.2010903991454384e-23
1.9040219978921011 	 1.2004755625655482e-23
1.905021997892101 	 1.1998613618873558e-23
1.906021997892101 	 1.1992477961126483e-23
1.9070219978921008 	 1.198634864245342e-23
1.9080219978921007 	 1.1980225652914709e-23
1.9090219978921006 	 1.1974108982591841e-23
1.9100219978921005 	 1.1967998621587394e-23
1.9110219978921004 	 1.1961894560024981e-23
1.9120219978921003 	 1.1955796788049166e-23
1.9130219978921001 	 1.1949705295825461e-23
1.9140219978921 	 1.1943620073540197e-23
1.9150219978921 	 1.193754111140053e-23
1.9160219978920998 	 1.1931468399634356e-23
1.9170219978920997 	 1.1925401928490256e-23
1.9180219978920996 	 1.191934168823744e-23
1.9190219978920995 	 1.1913287669165699e-23
1.9200219978920994 	 1.1907239861585338e-23
1.9210219978920993 	 1.1901198255827142e-23
1.9220219978920992 	 1.1895162842242279e-23
1.923021997892099 	 1.1889133611202297e-23
1.924021997892099 	 1.188311055309902e-23
1.9250219978920988 	 1.1877093658344535e-23
1.9260219978920987 	 1.1871082917371104e-23
1.9270219978920986 	 1.1865078320631139e-23
1.9280219978920985 	 1.185907985859712e-23
1.9290219978920984 	 1.185308752176155e-23
1.9300219978920983 	 1.1847101300636921e-23
1.9310219978920982 	 1.184112118575563e-23
1.932021997892098 	 1.1835147167669947e-23
1.933021997892098 	 1.1829179236951949e-23
1.9340219978920978 	 1.1823217384193477e-23
1.9350219978920977 	 1.1817261600006069e-23
1.9360219978920976 	 1.1811311875020925e-23
1.9370219978920975 	 1.1805368199888844e-23
1.9380219978920974 	 1.1799430565280168e-23
1.9390219978920973 	 1.1793498961884731e-23
1.9400219978920972 	 1.178757338041183e-23
1.941021997892097 	 1.1781653811590129e-23
1.942021997892097 	 1.1775740246167644e-23
1.9430219978920968 	 1.1769832674911676e-23
1.9440219978920967 	 1.1763931088608771e-23
1.9450219978920966 	 1.1758035478064645e-23
1.9460219978920965 	 1.1752145834104154e-23
1.9470219978920964 	 1.1746262147571243e-23
1.9480219978920963 	 1.1740384409328885e-23
1.9490219978920962 	 1.1734512610259036e-23
1.950021997892096 	 1.1728646741262574e-23
1.951021997892096 	 1.1722786793259271e-23
1.9520219978920959 	 1.1716932757187735e-23
1.9530219978920957 	 1.1711084624005329e-23
1.9540219978920956 	 1.1705242384688167e-23
1.9550219978920955 	 1.1699406030231046e-23
1.9560219978920954 	 1.1693575551647385e-23
1.9570219978920953 	 1.1687750939969192e-23
1.9580219978920952 	 1.168193218624701e-23
1.959021997892095 	 1.1676119281549852e-23
1.960021997892095 	 1.1670312216965188e-23
1.9610219978920949 	 1.1664510983598861e-23
1.9620219978920947 	 1.1658715572575061e-23
1.9630219978920946 	 1.1652925975036267e-23
1.9640219978920945 	 1.1647142182143187e-23
1.9650219978920944 	 1.1641364185074747e-23
1.9660219978920943 	 1.1635591975027996e-23
1.9670219978920942 	 1.1629825543218094e-23
1.968021997892094 	 1.1624064880878256e-23
1.969021997892094 	 1.1618309979259682e-23
1.9700219978920939 	 1.1612560829631554e-23
1.9710219978920938 	 1.1606817423280942e-23
1.9720219978920936 	 1.1601079751512789e-23
1.9730219978920935 	 1.159534780564985e-23
1.9740219978920934 	 1.158962157703265e-23
1.9750219978920933 	 1.158390105701944e-23
1.9760219978920932 	 1.1578186236986134e-23
1.977021997892093 	 1.157247710832629e-23
1.978021997892093 	 1.1566773662451053e-23
1.9790219978920929 	 1.1561075890789091e-23
1.9800219978920928 	 1.1555383784786566e-23
1.9810219978920927 	 1.154969733590711e-23
1.9820219978920925 	 1.1544016535631716e-23
1.9830219978920924 	 1.1538341375458767e-23
1.9840219978920923 	 1.1532671846903943e-23
1.9850219978920922 	 1.1527007941500195e-23
1.986021997892092 	 1.152134965079769e-23
1.987021997892092 	 1.1515696966363769e-23
1.9880219978920919 	 1.1510049879782916e-23
1.9890219978920918 	 1.1504408382656686e-23
1.9900219978920917 	 1.149877246660369e-23
1.9910219978920916 	 1.1493142123259535e-23
1.9920219978920914 	 1.148751734427678e-23
1.9930219978920913 	 1.1481898121324895e-23
1.9940219978920912 	 1.1476284446090213e-23
1.9950219978920911 	 1.1470676310275908e-23
1.996021997892091 	 1.1465073705601914e-23
1.997021997892091 	 1.1459476623804903e-23
1.9980219978920908 	 1.1453885056638257e-23
1.9990219978920907 	 1.1448298995871999e-23
