0.0010219978922 	 0
0.0020219978922 	 0.0
0.0030219978922 	 0.0
0.0040219978922 	 0.0
0.0050219978922 	 0.0
0.0060219978922 	 0.0
0.0070219978922 	 0.0
0.0080219978922 	 0.0
0.009021997892200002 	 0.0
0.010021997892200003 	 0.0
0.011021997892200004 	 0.0
0.012021997892200004 	 0.0
0.013021997892200005 	 0.0
0.014021997892200006 	 0.0
0.015021997892200007 	 0.0
0.016021997892200008 	 0.0
0.01702199789220001 	 0.0
0.01802199789220001 	 0.0
0.01902199789220001 	 0.0
0.02002199789220001 	 0.0
0.021021997892200012 	 0.0
0.022021997892200013 	 0.0
0.023021997892200014 	 0.0
0.024021997892200015 	 0.0
0.025021997892200016 	 0.0
0.026021997892200017 	 0.0
0.027021997892200018 	 0.0
0.02802199789220002 	 0.0
0.02902199789220002 	 0.0
0.03002199789220002 	 0.0
0.03102199789220002 	 0.0
0.03202199789220002 	 0.0
0.03302199789220002 	 0.0
0.03402199789220002 	 0.0
0.03502199789220002 	 0.0
0.03602199789220002 	 0.0
0.03702199789220002 	 0.0
0.038021997892200024 	 0.0
0.039021997892200025 	 0.0
0.040021997892200026 	 0.0
0.04102199789220003 	 0.0
0.04202199789220003 	 0.0
0.04302199789220003 	 0.0
0.04402199789220003 	 0.0
0.04502199789220003 	 0.0
0.04602199789220003 	 0.0
0.04702199789220003 	 0.0
0.04802199789220003 	 0.0
0.049021997892200034 	 0.0
0.050021997892200035 	 0.0
0.051021997892200036 	 0.0
0.052021997892200036 	 0.0
0.05302199789220004 	 0.0
0.05402199789220004 	 0.0
0.05502199789220004 	 0.0
0.05602199789220004 	 0.0
0.05702199789220004 	 0.0
0.05802199789220004 	 0.0
0.05902199789220004 	 0.0
0.060021997892200044 	 0.0
0.061021997892200044 	 0.0
0.062021997892200045 	 0.0
0.06302199789220005 	 0.0
0.06402199789220005 	 0.0
0.06502199789220005 	 0.0
0.06602199789220005 	 0.0
0.06702199789220005 	 0.0
0.06802199789220005 	 0.0
0.06902199789220005 	 0.0
0.07002199789220005 	 0.0
0.07102199789220005 	 0.0
0.07202199789220005 	 0.0
0.07302199789220006 	 0.0
0.07402199789220006 	 0.0
0.07502199789220006 	 0.0
0.07602199789220006 	 0.0
0.07702199789220006 	 0.0
0.07802199789220006 	 0.0
0.07902199789220006 	 0.0
0.08002199789220006 	 0.0
0.08102199789220006 	 0.0
0.08202199789220006 	 0.0
0.08302199789220006 	 0.0
0.08402199789220006 	 0.0
0.08502199789220007 	 0.0
0.08602199789220007 	 0.0
0.08702199789220007 	 0.0
0.08802199789220007 	 0.0
0.08902199789220007 	 0.0
0.09002199789220007 	 0.0
0.09102199789220007 	 0.0
0.09202199789220007 	 0.0
0.09302199789220007 	 0.0
0.09402199789220007 	 0.0
0.09502199789220007 	 0.0
0.09602199789220008 	 0.0
0.09702199789220008 	 0.0
0.09802199789220008 	 0.0
0.09902199789220008 	 0.0
0.10002199789220008 	 0.0
0.10102199789220008 	 0.0
0.10202199789220008 	 0.0
0.10302199789220008 	 0.0
0.10402199789220008 	 0.0
0.10502199789220008 	 0.0
0.10602199789220008 	 0.0
0.10702199789220009 	 0.0
0.10802199789220009 	 0.0
0.10902199789220009 	 0.0
0.11002199789220009 	 0.0
0.11102199789220009 	 0.0
0.11202199789220009 	 0.0
0.11302199789220009 	 0.0
0.11402199789220009 	 0.0
0.11502199789220009 	 0.0
0.1160219978922001 	 0.0
0.1170219978922001 	 0.0
0.1180219978922001 	 0.0
0.1190219978922001 	 0.0
0.1200219978922001 	 0.0
0.1210219978922001 	 0.0
0.1220219978922001 	 0.0
0.1230219978922001 	 0.0
0.1240219978922001 	 0.0
0.1250219978922001 	 0.0
0.1260219978922001 	 0.0
0.1270219978922001 	 0.0
0.1280219978922001 	 0.0
0.1290219978922001 	 0.0
0.1300219978922001 	 0.0
0.1310219978922001 	 0.0
0.1320219978922001 	 0.0
0.1330219978922001 	 0.0
0.1340219978922001 	 0.0
0.1350219978922001 	 0.0
0.1360219978922001 	 0.0
0.1370219978922001 	 0.0
0.1380219978922001 	 0.0
0.1390219978922001 	 0.0
0.1400219978922001 	 1.303076467668253e-05
0.1410219978922001 	 0.00042581924233559644
0.1420219978922001 	 0.0020147820685524113
0.1430219978922001 	 0.005512260892051991
0.1440219978922001 	 0.011564762123371673
0.1450219978922001 	 0.02070900619188484
0.1460219978922001 	 0.03334651874369818
0.1470219978922001 	 0.04972163919910288
0.1480219978922001 	 0.06990754826849477
0.1490219978922001 	 0.09380382141579481
0.1500219978922001 	 0.12114717138960855
0.1510219978922001 	 0.15153479878371204
0.1520219978922001 	 0.18445764683032229
0.1530219978922001 	 0.21933936436854345
0.1540219978922001 	 0.25557623225106685
0.15502199789220011 	 0.2925737241729035
0.15602199789220011 	 0.3297765091848363
0.15702199789220012 	 0.36669017373712975
0.15802199789220012 	 0.40289436482734065
0.15902199789220012 	 0.43804816460493334
0.16002199789220012 	 0.4718891847871035
0.16102199789220012 	 0.5042281321878362
0.16202199789220012 	 0.5349405403478404
0.16302199789220012 	 0.5639571092062631
0.16402199789220012 	 0.5912537561691605
0.16502199789220012 	 0.6168421390441166
0.16602199789220012 	 0.6407611122821378
0.16702199789220012 	 0.663069343578819
0.16802199789220013 	 0.6838391503128091
0.16902199789220013 	 0.7031515063515434
0.17002199789220013 	 0.7210921070372599
0.17102199789220013 	 0.7377483509444874
0.17202199789220013 	 0.753207090193083
0.17302199789220013 	 0.7675530080148417
0.17402199789220013 	 0.7808674965984743
0.17502199789220013 	 0.7932279257058175
0.17602199789220013 	 0.8047072104691751
0.17702199789220013 	 0.8153736035935293
0.17802199789220013 	 0.8252906521204381
0.17902199789220014 	 0.8345172716806151
0.18002199789220014 	 0.8431079017829506
0.18102199789220014 	 0.8511127143325502
0.18202199789220014 	 0.858577854485445
0.18302199789220014 	 0.8655456983986162
0.18402199789220014 	 0.8720551166760001
0.18502199789220014 	 0.8781417355736613
0.18602199789220014 	 0.8838381905081715
0.18702199789220014 	 0.8891743682770817
0.18802199789220014 	 0.8941776357849696
0.18902199789220014 	 0.8988730540823097
0.19002199789220015 	 0.9032835772543716
0.19102199789220015 	 0.9074302362119847
0.19202199789220015 	 0.9113323077887258
0.19302199789220015 	 0.9150074697811986
0.19402199789220015 	 0.9184719427122882
0.19502199789220015 	 0.9217406191758195
0.19602199789220015 	 0.924827181653226
0.19702199789220015 	 0.9277442096924686
0.19802199789220015 	 0.9305032773168231
0.19902199789220015 	 0.9331150414939021
0.20002199789220015 	 0.9355893224490137
0.20102199789220015 	 0.937935176555719
0.20202199789220016 	 0.9401609624831406
0.20302199789220016 	 0.9422744012262211
0.20402199789220016 	 0.9442826305931221
0.20502199789220016 	 0.946192254674189
0.20602199789220016 	 0.9480093887699451
0.20702199789220016 	 0.9497397002117361
0.20802199789220016 	 0.9513884454680335
0.20902199789220016 	 0.9529605038920367
0.21002199789220016 	 0.9544604084320087
0.21102199789220016 	 0.9558923735945761
0.21202199789220016 	 0.9522959272906332
0.21302199789220017 	 0.9511430939364434
0.21402199789220017 	 0.9508116794760102
0.21502199789220017 	 0.9508545570284459
0.21602199789220017 	 0.9511165721626773
0.21702199789220017 	 0.951520944958325
0.21802199789220017 	 0.9520228562898194
0.21902199789220017 	 0.9525934834083417
0.22002199789220017 	 0.9532130818919186
0.22102199789220017 	 0.9538675195674766
0.22202199789220017 	 0.9545463553844715
0.22302199789220017 	 0.955241691990337
0.22402199789220018 	 0.9559474497845704
0.22502199789220018 	 0.9566588861466702
0.22602199789220018 	 0.9573722649991301
0.22702199789220018 	 0.9580846226302286
0.22802199789220018 	 0.958793597422962
0.22902199789220018 	 0.9594973033321593
0.23002199789220018 	 0.9601942341083234
0.23102199789220018 	 0.9608831896282288
0.23202199789220018 	 0.9615632184391202
0.23302199789220018 	 0.9622335724037202
0.23402199789220018 	 0.9628936705169232
0.23502199789220019 	 0.9635430697699743
0.23602199789220019 	 0.9641814414965162
0.2370219978922002 	 0.9648085520296212
0.2380219978922002 	 0.9654242467825451
0.2390219978922002 	 0.9660284370727542
0.2400219978922002 	 0.9666210891617071
0.2410219978922002 	 0.9672022150973365
0.2420219978922002 	 0.96777186503287
0.2430219978922002 	 0.9683301207619703
0.2440219978922002 	 0.9688770902614422
0.2450219978922002 	 0.9694129030727316
0.2460219978922002 	 0.9699377063848801
0.2470219978922002 	 0.970451661706504
0.2480219978922002 	 0.9709549420342528
0.2490219978922002 	 0.9714477294411737
0.2500219978922002 	 0.9719302130213269
0.2510219978922002 	 0.9724025871375026
0.2520219978922002 	 0.9728650499274791
0.2530219978922002 	 0.9733178020313173
0.2540219978922002 	 0.9737610455080267
0.2550219978922002 	 0.9741949829147624
0.2560219978922002 	 0.9746198165257544
0.2570219978922002 	 0.9750357476715243
0.2580219978922002 	 0.9754429761817881
0.2590219978922002 	 0.9758416999178129
0.2600219978922002 	 0.9762321143820182
0.2610219978922002 	 0.9766144123943113
0.2620219978922002 	 0.9769887838261033
0.2630219978922002 	 0.9773554153841812
0.2640219978922002 	 0.9777144904376788
0.2650219978922002 	 0.9780661888822824
0.2660219978922002 	 0.9784106870365964
0.2670219978922002 	 0.9787481575662523
0.2680219978922002 	 0.9790787694319297
0.2690219978922002 	 0.979402687857951
0.2700219978922002 	 0.9797200743185439
0.2710219978922002 	 0.9800310865392409
0.2720219978922002 	 0.980335878511207
0.2730219978922002 	 0.9806346005165704
0.2740219978922002 	 0.9809273991630769
0.2750219978922002 	 0.9812144174265995
0.2760219978922002 	 0.981495794700228
0.2770219978922002 	 0.9817716668488152
0.2780219978922002 	 0.982042166268017
0.2790219978922002 	 0.982307421946965
0.2800219978922002 	 0.9825675595338416
0.2810219978922002 	 0.9828227014037114
0.2820219978922002 	 0.9830729667280456
0.2830219978922002 	 0.9833184715454606
0.28402199789220023 	 0.9835593288332436
0.28502199789220023 	 0.9837956485793045
0.28602199789220023 	 0.9840275378542394
0.28702199789220023 	 0.9842551008832359
0.28802199789220023 	 0.9844784391175865
0.28902199789220023 	 0.9846976513056156
0.29002199789220023 	 0.9849128335628509
0.29102199789220023 	 0.985124079441296
0.29202199789220024 	 0.985331479997688
0.29302199789220024 	 0.9855351238606409
0.29402199789220024 	 0.9857350972965917
0.29502199789220024 	 0.9859314842744872
0.29602199789220024 	 0.9861243665291584
0.29702199789220024 	 0.9863138236233402
0.29802199789220024 	 0.9864999330083108
0.29902199789220024 	 0.9866827700831277
0.30002199789220024 	 0.9868624082524474
0.30102199789220024 	 0.9870389189829242
0.30202199789220024 	 0.9872123718581871
0.30302199789220025 	 0.9873828346323995
0.30402199789220025 	 0.9875503732824126
0.30502199789220025 	 0.9877150520585226
0.30602199789220025 	 0.9878769335338524
0.30702199789220025 	 0.9880360786523713
0.30802199789220025 	 0.9881925467755782
0.30902199789220025 	 0.9883463957278702
0.31002199789220025 	 0.9884976818406187
0.31102199789220025 	 0.9886464599949827
0.31202199789220025 	 0.9887927836634823
0.31302199789220025 	 0.9889367049503632
0.31402199789220026 	 0.9890782746307769
0.31502199789220026 	 0.989217542188808
0.31602199789220026 	 0.9893545558543742
0.31702199789220026 	 0.9894893626390312
0.31802199789220026 	 0.9896220083707072
0.31902199789220026 	 0.9897525377273992
0.32002199789220026 	 0.9898809942698558
0.32102199789220026 	 0.9900074204732783
0.32202199789220026 	 0.990131857758064
0.32302199789220026 	 0.9902543465196222
0.32402199789220026 	 0.990374926157288
0.32502199789220027 	 0.9904936351023592
0.32602199789220027 	 0.9906105108452852
0.32702199789220027 	 0.9907255899620304
0.32802199789220027 	 0.9908389081396383
0.32902199789220027 	 0.9909505002010197
0.33002199789220027 	 0.9910604001289897
0.33102199789220027 	 0.9911686410895741
0.33202199789220027 	 0.9912752554546116
0.33302199789220027 	 0.9913802748236694
0.3340219978922003 	 0.9914837300452967
0.3350219978922003 	 0.9915856512376341
0.3360219978922003 	 0.9916860678084023
0.3370219978922003 	 0.9917850084742861
0.3380219978922003 	 0.9918825012797345
0.3390219978922003 	 0.9919785736151957
0.3400219978922003 	 0.9920732522348041
0.3410219978922003 	 0.9921665632735363
0.3420219978922003 	 0.992258532263853
0.3430219978922003 	 0.9923491841518451
0.3440219978922003 	 0.9924385433128966
0.3450219978922003 	 0.9925266335668812
0.3460219978922003 	 0.9926134781929076
0.3470219978922003 	 0.9926990999436283
0.3480219978922003 	 0.992783521059123
0.3490219978922003 	 0.9928667632803747
0.3500219978922003 	 0.9929488478623464
0.3510219978922003 	 0.9930297955866748
0.3520219978922003 	 0.9931096267739923
0.3530219978922003 	 0.9931883612958867
0.3540219978922003 	 0.993266018586514
0.3550219978922003 	 0.9933426176538724
0.3560219978922003 	 0.9934181770907486
0.3570219978922003 	 0.993492715085348
0.3580219978922003 	 0.9935662494316174
0.3590219978922003 	 0.9936387975392709
0.3600219978922003 	 0.993710376443527
0.3610219978922003 	 0.9937810028145675
0.3620219978922003 	 0.993850692966727
0.3630219978922003 	 0.993919462867418
0.3640219978922003 	 0.993987328145805
0.3650219978922003 	 0.994054304101233
0.3660219978922003 	 0.9941204057114152
0.3670219978922003 	 0.9941856476403932
0.3680219978922003 	 0.9942500442462721
0.3690219978922003 	 0.9943136095887387
0.3700219978922003 	 0.9943763574363715
0.3710219978922003 	 0.9944383012737457
0.3720219978922003 	 0.9944994543083402
0.3730219978922003 	 0.994559829477257
0.3740219978922003 	 0.9946194394537512
0.3750219978922003 	 0.9946782966535834
0.3760219978922003 	 0.9947364132411984
0.3770219978922003 	 0.9947938011357333
0.3780219978922003 	 0.9948504720168632
0.3790219978922003 	 0.9949064373304869
0.3800219978922003 	 0.9949617082942606
0.3810219978922003 	 0.9950162959029791
0.3820219978922003 	 0.9950702109338153
0.3830219978922003 	 0.9951234639514163
0.3840219978922003 	 0.9951760653128647
0.3850219978922003 	 0.9952280251725075
0.3860219978922003 	 0.9952793534866562
0.3870219978922003 	 0.9953300600181616
0.3880219978922003 	 0.9953801543408696
0.3890219978922003 	 0.9954296458439571
0.3900219978922003 	 0.9954785437361562
0.3910219978922003 	 0.9955268570498665
0.3920219978922003 	 0.9955745946451607
0.3930219978922003 	 0.995621765213685
0.3940219978922003 	 0.9956683772824595
0.3950219978922003 	 0.9957144392175798
0.39602199789220033 	 0.9957599592278232
0.39702199789220033 	 0.9958049453681617
0.39802199789220033 	 0.9958494055431856
0.39902199789220033 	 0.9958933475104398
0.40002199789220033 	 0.9959367788836748
0.40102199789220033 	 0.9959797071360148
0.40202199789220033 	 0.9960221396030464
0.40302199789220033 	 0.9960640834858294
0.40402199789220034 	 0.9961055458538304
0.40502199789220034 	 0.9961465336477853
0.40602199789220034 	 0.9961870536824879
0.40702199789220034 	 0.9962271126495109
0.40802199789220034 	 0.9962667171198578
0.40902199789220034 	 0.9963058735465505
0.41002199789220034 	 0.9963445882671518
0.41102199789220034 	 0.9963828675062264
0.41202199789220034 	 0.9964207173777422
0.41302199789220034 	 0.9964581438874115
0.41402199789220034 	 0.9964951529349764
0.41502199789220034 	 0.9965317503164371
0.41602199789220035 	 0.996567941726229
0.41702199789220035 	 0.9966037327593433
0.41802199789220035 	 0.9966391289134005
0.41902199789220035 	 0.9966741358770149
0.42002199789220035 	 0.9967087581530858
0.42102199789220035 	 0.9967430016622274
0.42202199789220035 	 0.9967768714403331
0.42302199789220035 	 0.9968103725708758
0.42402199789220035 	 0.9968435101601617
0.42502199789220035 	 0.9968762892839633
0.42602199789220035 	 0.9969087149842932
0.42702199789220036 	 0.9969407922674148
0.42802199789220036 	 0.9969725261017276
0.42902199789220036 	 0.9970039214158747
0.43002199789220036 	 0.9970349830969704
0.43102199789220036 	 0.9970657159889665
0.43202199789220036 	 0.9970961248911399
0.43302199789220036 	 0.9971262145567011
0.43402199789220036 	 0.9971559896915123
0.43502199789220036 	 0.9971854549529109
0.43602199789220036 	 0.9972146149486323
0.43702199789220036 	 0.9972434742358247
0.43802199789220037 	 0.9972720373201535
0.43902199789220037 	 0.9973003086549856
0.44002199789220037 	 0.9973282926406537
0.44102199789220037 	 0.997355993623791
0.44202199789220037 	 0.9973834158967358
0.44302199789220037 	 0.9974105636969995
0.44402199789220037 	 0.9974374412067941
0.44502199789220037 	 0.9974640525526167
0.4460219978922004 	 0.9974904018048862
0.4470219978922004 	 0.9975164929776286
0.4480219978922004 	 0.9975423300282089
0.4490219978922004 	 0.9975679168571053
0.4500219978922004 	 0.9975932573077241
0.4510219978922004 	 0.9976183551662505
0.4520219978922004 	 0.9976432141615353
0.4530219978922004 	 0.997667837965014
0.4540219978922004 	 0.9976922301906541
0.4550219978922004 	 0.9977163943949328
0.4560219978922004 	 0.9977403340768389
0.4570219978922004 	 0.9977640526778996
0.4580219978922004 	 0.9977875535822289
0.4590219978922004 	 0.9978108401165986
0.4600219978922004 	 0.9978339155505253
0.4610219978922004 	 0.9978567830963792
0.4620219978922004 	 0.9978794459095063
0.4630219978922004 	 0.997901907088368
0.4640219978922004 	 0.9979241696746949
0.4650219978922004 	 0.9979462366536523
0.4660219978922004 	 0.997968110954021
0.4670219978922004 	 0.997989795448387
0.4680219978922004 	 0.9980112929533445
0.4690219978922004 	 0.9980326062297078
0.4700219978922004 	 0.9980537379827333
0.4710219978922004 	 0.9980746908623516
0.4720219978922004 	 0.9980954674634067
0.4730219978922004 	 0.9981160703259058
0.4740219978922004 	 0.9981365019352755
0.4750219978922004 	 0.9981567647226265
0.4760219978922004 	 0.9981768610650276
0.4770219978922004 	 0.9981967932857839
0.4780219978922004 	 0.9982165636547269
0.4790219978922004 	 0.9982361743885078
0.4800219978922004 	 0.9982556276509016
0.4810219978922004 	 0.9982749255531179
0.4820219978922004 	 0.9982940701541182
0.4830219978922004 	 0.9983130634609417
0.4840219978922004 	 0.9983319074290442
0.4850219978922004 	 0.998350603962623
0.4860219978922004 	 0.9983691549150311
0.4870219978922004 	 0.9983875620902908
0.4880219978922004 	 0.9984058272384857
0.4890219978922004 	 0.9984239520637289
0.4900219978922004 	 0.9984419382194157
0.4910219978922004 	 0.9984597873099823
0.4920219978922004 	 0.9984775008912614
0.4930219978922004 	 0.9984950804709161
0.4940219978922004 	 0.9985125275088662
0.4950219978922004 	 0.998529843417733
0.4960219978922004 	 0.9985470295632922
0.4970219978922004 	 0.9985640872649425
0.4980219978922004 	 0.9985810177961849
0.4990219978922004 	 0.9985978223851171
0.5000219978922004 	 0.9986145022149401
0.5010219978922004 	 0.9986310584244806
0.5020219978922004 	 0.9986474921087273
0.5030219978922004 	 0.9986638043193812
0.5040219978922004 	 0.9986799960654243
0.5050219978922004 	 0.9986960683137005
0.5060219978922004 	 0.9987120219895145
0.5070219978922004 	 0.9987278579772476
0.5080219978922004 	 0.9987435771209889
0.5090219978922004 	 0.9987591802251837
0.5100219978922004 	 0.9987746680553002
0.5110219978922004 	 0.9987900413385125
0.5120219978922004 	 0.9988053007644009
0.5130219978922004 	 0.9988204469856714
0.5140219978922004 	 0.9988354806188917
0.5150219978922004 	 0.9988504022452456
0.5160219978922004 	 0.998865212411304
0.5170219978922004 	 0.9988799116298168
0.5180219978922004 	 0.998894500380519
0.5190219978922004 	 0.9989089791109563
0.5200219978922004 	 0.9989233482373278
0.5210219978922004 	 0.9989376081453457
0.5220219978922004 	 0.9989517591911129
0.5230219978922004 	 0.998965801702015
0.5240219978922004 	 0.9989797359776319
0.5250219978922004 	 0.9989935622906566
0.5260219978922004 	 0.9990072808878612
0.5270219978922004 	 0.9990208919915239
0.5280219978922004 	 0.9990343957983491
0.5290219978922004 	 0.9990477924836049
0.5300219978922004 	 0.9990610822002636
0.5310219978922004 	 0.9990742650793533
0.5320219978922004 	 0.9990873412328375
0.5330219978922004 	 0.9991003107533672
0.5340219978922004 	 0.9991131737156593
0.5350219978922004 	 0.9991259301775315
0.5360219978922004 	 0.9991385801809595
0.5370219978922004 	 0.9991511237531369
0.5380219978922004 	 0.9991635609075417
0.5390219978922004 	 0.9991758916450055
0.5400219978922004 	 0.9991881159547876
0.5410219978922004 	 0.9992002338156487
0.5420219978922004 	 0.9992122451969264
0.5430219978922004 	 0.9992241500596097
0.5440219978922004 	 0.999235948357412
0.5450219978922004 	 0.999247640037835
0.5460219978922004 	 0.999259225043251
0.5470219978922004 	 0.9992707033122759
0.5480219978922004 	 0.9992820747794587
0.5490219978922004 	 0.9992933393844425
0.5500219978922004 	 0.9993044970793676
0.5510219978922004 	 0.9993155478161349
0.5520219978922004 	 0.9993264915451199
0.5530219978922004 	 0.9993373282163394
0.5540219978922004 	 0.9993480577805912
0.5550219978922004 	 0.999358680190571
0.5560219978922004 	 0.9993691954019628
0.5570219978922004 	 0.9993796033745052
0.5580219978922004 	 0.9993899040730296
0.5590219978922004 	 0.9994000974684696
0.5600219978922004 	 0.999410183538842
0.5610219978922004 	 0.9994201622701967
0.5620219978922004 	 0.999430033657536
0.5630219978922004 	 0.9994397977057015
0.5640219978922004 	 0.999449454430227
0.5650219978922004 	 0.9994590038581579
0.5660219978922004 	 0.9994684460288432
0.5670219978922004 	 0.999477780994826
0.5680219978922004 	 0.9994870088219415
0.5690219978922004 	 0.9994961295909438
0.5700219978922004 	 0.9995051433974963
0.5710219978922004 	 0.9995140503529479
0.5720219978922004 	 0.9995228505848912
0.5730219978922004 	 0.9995315442376888
0.5740219978922004 	 0.999540131472962
0.5750219978922004 	 0.9995486124700389
0.5760219978922004 	 0.999556987426365
0.5770219978922004 	 0.9995652565578744
0.5780219978922004 	 0.9995734200993224
0.5790219978922004 	 0.999581478304579
0.5800219978922004 	 0.9995894314468854
0.5810219978922004 	 0.9995972798190711
0.5820219978922004 	 0.999605023733733
0.5830219978922004 	 0.9996126635233799
0.5840219978922004 	 0.9996201995405858
0.5850219978922004 	 0.9996276321578523
0.5860219978922004 	 0.9996349617679603
0.5870219978922004 	 0.9996421887837504
0.5880219978922004 	 0.9996493136381442
0.5890219978922004 	 0.9996563367840761
0.5900219978922004 	 0.999663258694447
0.5910219978922004 	 0.9996700798617434
0.5920219978922004 	 0.9996768007982539
0.5930219978922004 	 0.9996834220356181
0.5940219978922004 	 0.9996899441246507
0.5950219978922004 	 0.9996963676351203
0.5960219978922005 	 0.9997026931554479
0.5970219978922005 	 0.9997089212924101
0.5980219978922005 	 0.999715052670809
0.5990219978922005 	 0.9997210879331205
0.6000219978922005 	 0.9997270277391199
0.6010219978922005 	 0.9997328727654871
0.6020219978922005 	 0.9997386237053909
0.6030219978922005 	 0.9997442812680569
0.6040219978922005 	 0.9997498461783153
0.6050219978922005 	 0.9997553191761356
0.6060219978922005 	 0.9997607010161441
0.6070219978922005 	 0.9997659924671295
0.6080219978922005 	 0.9997711943115359
0.6090219978922005 	 0.9997763073449686
0.6100219978922005 	 0.9997813323755624
0.6110219978922005 	 0.9997862702236032
0.6120219978922005 	 0.999791121720875
0.6130219978922005 	 0.9997958877101374
0.6140219978922005 	 0.9998005690445678
0.6150219978922005 	 0.9998051665872022
0.6160219978922005 	 0.9998096812103833
0.6170219978922005 	 0.9998141137951404
0.6180219978922005 	 0.9998184652307067
0.6190219978922005 	 0.9998227364138944
0.6200219978922005 	 0.9998269282485437
0.6210219978922005 	 0.9998310416449588
0.6220219978922005 	 0.9998350775193449
0.6230219978922005 	 0.9998390367932509
0.6240219978922005 	 0.9998429203930154
0.6250219978922005 	 0.9998467292492172
0.6260219978922005 	 0.9998504642961334
0.6270219978922005 	 0.9998541264712012
0.6280219978922005 	 0.9998577167144905
0.6290219978922005 	 0.9998612359681806
0.6300219978922005 	 0.9998646851760477
0.6310219978922005 	 0.9998680652829608
0.6320219978922005 	 0.9998713772343869
0.6330219978922005 	 0.9998746219759049
0.6340219978922005 	 0.9998778004527381
0.6350219978922005 	 0.9998809136092646
0.6360219978922005 	 0.9998839623886076
0.6370219978922005 	 0.9998869477321475
0.6380219978922005 	 0.9998898705791299
0.6390219978922005 	 0.9998927318662257
0.6400219978922005 	 0.9998955325271316
0.6410219978922005 	 0.9998982734921754
0.6420219978922005 	 0.999900955687936
0.6430219978922005 	 0.9999035800368737
0.6440219978922005 	 0.9999061474569757
0.6450219978922005 	 0.9999086588614113
0.6460219978922005 	 0.9999111151582041
0.6470219978922005 	 0.9999135172499122
0.6480219978922005 	 0.999915866033325
0.6490219978922005 	 0.9999181623991718
0.6500219978922005 	 0.9999204072318413
0.6510219978922005 	 0.9999226014091198
0.6520219978922005 	 0.9999247458019259
0.6530219978922005 	 0.9999268412740854
0.6540219978922005 	 0.9999288886820921
0.6550219978922005 	 0.9999308888748932
0.6560219978922005 	 0.9999328426936864
0.6570219978922005 	 0.9999347509717256
0.6580219978922005 	 0.9999366145341408
0.6590219978922005 	 0.9999384341977688
0.6600219978922005 	 0.999940210770995
0.6610219978922005 	 0.9999419450536067
0.6620219978922005 	 0.9999436378366569
0.6630219978922005 	 0.9999452899023383
0.6640219978922005 	 0.9999469020238698
0.6650219978922005 	 0.9999484749653902
0.6660219978922005 	 0.9999500094818637
0.6670219978922005 	 0.9999515063189949
0.6680219978922005 	 0.9999529662131529
0.6690219978922005 	 0.9999543898913041
0.6700219978922005 	 0.9999557780709536
0.6710219978922005 	 0.9999571314600979
0.6720219978922005 	 0.9999584507571823
0.6730219978922005 	 0.9999597366510681
0.6740219978922005 	 0.9999609898210076
0.6750219978922005 	 0.9999622109366266
0.6760219978922005 	 0.9999634006579141
0.6770219978922005 	 0.999964559635217
0.6780219978922005 	 0.9999656885092465
0.6790219978922005 	 0.9999667879110851
0.6800219978922005 	 0.9999678584622036
0.6810219978922005 	 0.999968900774483
0.6820219978922005 	 0.9999699154502414
0.6830219978922005 	 0.9999709030822674
0.6840219978922005 	 0.999971864253858
0.6850219978922005 	 0.9999727995388613
0.6860219978922005 	 0.9999737095017248
0.6870219978922005 	 0.9999745946975475
0.6880219978922005 	 0.999975455672135
0.6890219978922005 	 0.9999762929620626
0.6900219978922005 	 0.9999771070947372
0.6910219978922005 	 0.9999778985884659
0.6920219978922005 	 0.9999786679525273
0.6930219978922005 	 0.9999794156872457
0.6940219978922005 	 0.9999801422840691
0.6950219978922005 	 0.999980848225648
0.6960219978922005 	 0.9999815339859197
0.6970219978922005 	 0.999982200030192
0.6980219978922005 	 0.9999828468152319
0.6990219978922005 	 0.9999834747893541
0.7000219978922005 	 0.9999840843925129
0.7010219978922005 	 0.9999846760563949
0.7020219978922005 	 0.9999852502045145
0.7030219978922005 	 0.9999858072523092
0.7040219978922005 	 0.9999863476072375
0.7050219978922005 	 0.9999868716688779
0.7060219978922005 	 0.9999873798290275
0.7070219978922005 	 0.9999878724718039
0.7080219978922005 	 0.9999883499737456
0.7090219978922006 	 0.9999888127039148
0.7100219978922006 	 0.999989261023999
0.7110219978922006 	 0.9999896952884149
0.7120219978922006 	 0.9999901158444119
0.7130219978922006 	 0.9999905230321746
0.7140219978922006 	 0.9999909171849278
0.7150219978922006 	 0.99999129862904
0.7160219978922006 	 0.9999916676841266
0.7170219978922006 	 0.9999920246631545
0.7180219978922006 	 0.9999923698725446
0.7190219978922006 	 0.9999927036122762
0.7200219978922006 	 0.9999930261759895
0.7210219978922006 	 0.9999933378510873
0.7220219978922006 	 0.9999936389188386
0.7230219978922006 	 0.9999939296544788
0.7240219978922006 	 0.9999942103273114
0.7250219978922006 	 0.9999944812008086
0.7260219978922006 	 0.9999947425327101
0.7270219978922006 	 0.9999949945751229
0.7280219978922006 	 0.9999952375746193
0.7290219978922006 	 0.9999954717723342
0.7300219978922006 	 0.9999956974040614
0.7310219978922006 	 0.9999959147003499
0.7320219978922006 	 0.9999961238865988
0.7330219978922006 	 0.9999963251831498
0.7340219978922006 	 0.9999965188053821
0.7350219978922006 	 0.9999967049638028
0.7360219978922006 	 0.9999968838641378
0.7370219978922006 	 0.999997055707423
0.7380219978922006 	 0.9999972206900914
0.7390219978922006 	 0.9999973790040622
0.7400219978922006 	 0.9999975308368267
0.7410219978922006 	 0.9999976763715338
0.7420219978922006 	 0.999997815787075
0.7430219978922006 	 0.9999979492581671
0.7440219978922006 	 0.9999980769554349
0.7450219978922006 	 0.9999981990454915
0.7460219978922006 	 0.9999983156910194
0.7470219978922006 	 0.999998427050848
0.7480219978922006 	 0.9999985332800319
0.7490219978922006 	 0.9999986345299272
0.7500219978922006 	 0.999998730948267
0.7510219978922006 	 0.9999988226792349
0.7520219978922006 	 0.9999989098635386
0.7530219978922006 	 0.9999989926384815
0.7540219978922006 	 0.9999990711380332
0.7550219978922006 	 0.9999991454928998
0.7560219978922006 	 0.9999992158305909
0.7570219978922006 	 0.9999992822754882
0.7580219978922006 	 0.9999993449489105
0.7590219978922006 	 0.9999994039691796
0.7600219978922006 	 0.9999994594516838
0.7610219978922006 	 0.9999995115089401
0.7620219978922006 	 0.9999995602506563
0.7630219978922006 	 0.9999996057837913
0.7640219978922006 	 0.9999996482126148
0.7650219978922006 	 0.9999996876387642
0.7660219978922006 	 0.9999997241613038
0.7670219978922006 	 0.9999997578767782
0.7680219978922006 	 0.9999997888792683
0.7690219978922006 	 0.9999998172604451
0.7700219978922006 	 0.9999998431096195
0.7710219978922006 	 0.9999998665137949
0.7720219978922006 	 0.9999998875577145
0.7730219978922006 	 0.9999999063239087
0.7740219978922006 	 0.9999999228927391
0.7750219978922006 	 0.999999937342442
0.7760219978922006 	 0.9999999497491697
0.7770219978922006 	 0.9999999601870384
0.7780219978922006 	 0.9999999687281935
0.7790219978922006 	 0.9999999754429307
0.7800219978922006 	 0.9999999803999587
0.7810219978922006 	 0.9999999836668895
0.7820219978922006 	 0.9999999853107459
0.7830219978922006 	 0.9999999853965879
0.7840219978922006 	 0.9999999839855291
0.7850219978922006 	 0.9999999811354132
0.7860219978922006 	 0.9999999769023837
0.7870219978922006 	 0.9999999713418567
0.7880219978922006 	 0.9999999645086111
0.7890219978922006 	 0.9999999564563138
0.7900219978922006 	 0.9999999472372342
0.7910219978922006 	 0.9999999369021565
0.7920219978922006 	 0.9999999255003901
0.7930219978922006 	 0.9999999130798122
0.7940219978922006 	 0.9999998996869127
0.7950219978922006 	 0.9999998853668387
0.7960219978922006 	 0.999999870163433
0.7970219978922006 	 0.9999998541192714
0.7980219978922006 	 0.9999998372756964
0.7990219978922006 	 0.9999998196728485
0.8000219978922006 	 0.9999998013496968
0.8010219978922006 	 0.9999997823440692
0.8020219978922006 	 0.9999997626926783
0.8030219978922006 	 0.9999997424311511
0.8040219978922006 	 0.9999997215940543
0.8050219978922006 	 0.9999997002149201
0.8060219978922006 	 0.9999996783262719
0.8070219978922006 	 0.9999996559596482
0.8080219978922006 	 0.9999996331456271
0.8090219978922006 	 0.9999996099138496
0.8100219978922006 	 0.9999995862930419
0.8110219978922006 	 0.9999995623110383
0.8120219978922006 	 0.9999995379948025
0.8130219978922006 	 0.9999995133704492
0.8140219978922006 	 0.9999994884632647
0.8150219978922006 	 0.9999994632977268
0.8160219978922006 	 0.9999994378975253
0.8170219978922006 	 0.9999994122855803
0.8180219978922006 	 0.999999386484062
0.8190219978922006 	 0.9999993605144083
0.8200219978922006 	 0.9999993343973436
0.8210219978922007 	 0.9999993081528954
0.8220219978922007 	 0.9999992818004118
0.8230219978922007 	 0.9999992553585783
0.8240219978922007 	 0.9999992288454338
0.8250219978922007 	 0.9999992022783865
0.8260219978922007 	 0.9999991756742295
0.8270219978922007 	 0.9999991490491558
0.8280219978922007 	 0.9999991224187728
0.8290219978922007 	 0.9999990957981172
0.8300219978922007 	 0.9999990692016683
0.8310219978922007 	 0.9999990426433616
0.8320219978922007 	 0.9999990161366031
0.8330219978922007 	 0.9999989896942811
0.8340219978922007 	 0.999998963328779
0.8350219978922007 	 0.999998937051988
0.8360219978922007 	 0.9999989108753186
0.8370219978922007 	 0.9999988848097124
0.8380219978922007 	 0.9999988588656535
0.8390219978922007 	 0.9999988330531795
0.8400219978922007 	 0.999998807381892
0.8410219978922007 	 0.9999987818609666
0.8420219978922007 	 0.9999987564991646
0.8430219978922007 	 0.999998731304841
0.8440219978922007 	 0.9999987062859551
0.8450219978922007 	 0.9999986814500799
0.8460219978922007 	 0.9999986568044104
0.8470219978922007 	 0.999998632355773
0.8480219978922007 	 0.999998608110634
0.8490219978922007 	 0.9999985840751076
0.8500219978922007 	 0.999998560254964
0.8510219978922007 	 0.9999985366556378
0.8520219978922007 	 0.9999985132822344
0.8530219978922007 	 0.9999984901395386
0.8540219978922007 	 0.9999984672320209
0.8550219978922007 	 0.9999984445638445
0.8560219978922007 	 0.9999984221388727
0.8570219978922007 	 0.9999983999606746
0.8580219978922007 	 0.9999983780325318
0.8590219978922007 	 0.999998356357444
0.8600219978922007 	 0.9999983349381362
0.8610219978922007 	 0.9999983137770627
0.8620219978922007 	 0.9999982928764142
0.8630219978922007 	 0.9999982722381218
0.8640219978922007 	 0.9999982518638636
0.8650219978922007 	 0.9999982317550686
0.8660219978922007 	 0.9999982119129226
0.8670219978922007 	 0.9999981923383722
0.8680219978922007 	 0.9999981730321292
0.8690219978922007 	 0.9999981539946765
0.8700219978922007 	 0.9999981352262706
0.8710219978922007 	 0.9999981167269469
0.8720219978922007 	 0.9999980984965238
0.8730219978922007 	 0.9999980805346058
0.8740219978922007 	 0.999998062840589
0.8750219978922007 	 0.9999980454136626
0.8760219978922007 	 0.9999980282528145
0.8770219978922007 	 0.9999980113568337
0.8780219978922007 	 0.9999979947243147
0.8790219978922007 	 0.9999979783536596
0.8800219978922007 	 0.9999979622430824
0.8810219978922007 	 0.9999979463906121
0.8820219978922007 	 0.9999979307940956
0.8830219978922007 	 0.9999979154512002
0.8840219978922007 	 0.9999979003594179
0.8850219978922007 	 0.9999978855160674
0.8860219978922007 	 0.9999978709182968
0.8870219978922007 	 0.999997856563087
0.8880219978922007 	 0.9999978424472544
0.8890219978922007 	 0.9999978285674528
0.8900219978922007 	 0.9999978149201769
0.8910219978922007 	 0.9999978015017643
0.8920219978922007 	 0.9999977883083979
0.8930219978922007 	 0.999997775336109
0.8940219978922007 	 0.9999977625807784
0.8950219978922007 	 0.9999977500381401
0.8960219978922007 	 0.9999977377037815
0.8970219978922007 	 0.9999977255731477
0.8980219978922007 	 0.9999977136415416
0.8990219978922007 	 0.9999977019041261
0.9000219978922007 	 0.9999976903559267
0.9010219978922007 	 0.9999976789918315
0.9020219978922007 	 0.999997667806594
0.9030219978922007 	 0.9999976567948332
0.9040219978922007 	 0.9999976459510351
0.9050219978922007 	 0.9999976352695531
0.9060219978922007 	 0.9999976247446091
0.9070219978922007 	 0.9999976143702931
0.9080219978922007 	 0.9999976041405636
0.9090219978922007 	 0.9999975940492473
0.9100219978922007 	 0.9999975840900379
0.9110219978922007 	 0.9999975742564959
0.9120219978922007 	 0.9999975645420465
0.9130219978922007 	 0.999997554939978
0.9140219978922007 	 0.9999975454434397
0.9150219978922007 	 0.9999975360454383
0.9160219978922007 	 0.999997526738836
0.9170219978922007 	 0.9999975175163452
0.9180219978922007 	 0.9999975083705244
0.9190219978922007 	 0.9999974992937729
0.9200219978922007 	 0.9999974902783253
0.9210219978922007 	 0.9999974813162442
0.9220219978922007 	 0.9999974723994126
0.9230219978922007 	 0.9999974635195258
0.9240219978922007 	 0.9999974546680818
0.9250219978922007 	 0.9999974458363701
0.9260219978922007 	 0.9999974370154613
0.9270219978922007 	 0.9999974281961929
0.9280219978922007 	 0.9999974193691558
0.9290219978922007 	 0.9999974105246785
0.9300219978922007 	 0.99999740165281
0.9310219978922007 	 0.9999973927433004
0.9320219978922007 	 0.9999973837855807
0.9330219978922007 	 0.9999973747687397
0.9340219978922008 	 0.9999973656814998
0.9350219978922008 	 0.9999973565121889
0.9360219978922008 	 0.999997347248711
0.9370219978922008 	 0.9999973378785143
0.9380219978922008 	 0.9999973283885542
0.9390219978922008 	 0.9999973187652551
0.9400219978922008 	 0.9999973089944681
0.9410219978922008 	 0.9999972990614233
0.9420219978922008 	 0.9999972889506789
0.9430219978922008 	 0.9999972786460647
0.9440219978922008 	 0.9999972681306212
0.9450219978922008 	 0.9999972573865307
0.9460219978922008 	 0.9999972463950431
0.9470219978922008 	 0.9999972351363937
0.9480219978922008 	 0.9999972235897131
0.9490219978922008 	 0.9999972117329265
0.9500219978922008 	 0.9999971995426429
0.9510219978922008 	 0.9999971869940346
0.9520219978922008 	 0.9999971740606989
0.9530219978922008 	 0.9999971607145098
0.9540219978922008 	 0.9999971469254494
0.9550219978922008 	 0.999997132661421
0.9560219978922008 	 0.9999971178880412
0.9570219978922008 	 0.9999971025684071
0.9580219978922008 	 0.9999970866628334
0.9590219978922008 	 0.9999970701285605
0.9600219978922008 	 0.9999970529194235
0.9610219978922008 	 0.9999970349854789
0.9620219978922008 	 0.999997016272583
0.9630219978922008 	 0.9999969967219142
0.9640219978922008 	 0.9999969762694284
0.9650219978922008 	 0.99999695484524
0.9660219978922008 	 0.9999969323729132
0.9670219978922008 	 0.9999969087686491
0.9680219978922008 	 0.9999968839403526
0.9690219978922008 	 0.9999968577865536
0.9700219978922008 	 0.9999968301951593
0.9710219978922008 	 0.9999968010420053
0.9720219978922008 	 0.9999967701891644
0.9730219978922008 	 0.9999967374829694
0.9740219978922008 	 0.9999967027516861
0.9750219978922008 	 0.9999966658027707
0.9760219978922008 	 0.999996626419616
0.9770219978922008 	 0.9999965843576758
0.9780219978922008 	 0.9999965393398208
0.9790219978922008 	 0.9999964910507748
0.9800219978922008 	 0.9999964391303306
0.9810219978922008 	 0.9999963831651552
0.9820219978922008 	 0.9999963226787094
0.9830219978922008 	 0.9999962571188415
0.9840219978922008 	 0.9999961858423805
0.9850219978922008 	 0.9999961080958704
0.9860219978922008 	 0.9999960229912848
0.9870219978922008 	 0.9999959294751576
0.9880219978922008 	 0.9999958388053605
0.9890219978922008 	 0.9999957662285186
0.9900219978922008 	 0.9999957055124734
0.9910219978922008 	 0.9999956570298302
0.9920219978922008 	 0.9999956226385387
0.9930219978922008 	 0.999995605046604
0.9940219978922008 	 0.9999956076059496
0.9950219978922008 	 0.9999956341584656
0.9960219978922008 	 0.9999957198955213
0.9970219978922008 	 0.9999958821679954
0.9980219978922008 	 0.9999961036569714
0.9990219978922008 	 0.9999963747227436
1.0000219978922007 	 0.9999966842744774
1.0010219978922006 	 0.9999970195215363
1.0020219978922005 	 0.9999973669064335
1.0030219978922004 	 0.999997713363444
1.0040219978922003 	 0.9999980474699585
1.0050219978922001 	 0.9999983602306387
1.0060219978922 	 0.9999986454011921
1.0070219978922 	 0.9999988993988427
1.0080219978921998 	 0.9999991209276256
1.0090219978921997 	 0.9999993104644681
1.0100219978921996 	 0.9999994697264557
1.0110219978921995 	 0.9999996011966307
1.0120219978921994 	 0.9999997077447088
1.0130219978921993 	 0.9999997923491609
1.0140219978921992 	 0.9999998579101737
1.015021997892199 	 0.9999999071351774
1.016021997892199 	 0.9999999424786494
1.0170219978921988 	 0.9999999661185438
1.0180219978921987 	 0.9999999799583538
1.0190219978921986 	 0.9999999856440559
1.0200219978921985 	 0.9999999846007739
1.0210219978921984 	 0.9999999780113952
1.0220219978921983 	 0.9999999668860677
1.0230219978921982 	 0.999999952073794
1.024021997892198 	 0.9999999342952606
1.025021997892198 	 0.9999999141515195
1.0260219978921978 	 0.9999998921464691
1.0270219978921977 	 0.9999998687000831
1.0280219978921976 	 0.9999998441628235
1.0290219978921975 	 0.9999998188263444
1.0300219978921974 	 0.9999997929331511
1.0310219978921973 	 0.9999997666844685
1.0320219978921972 	 0.9999997402469454
1.033021997892197 	 0.9999997137582415
1.034021997892197 	 0.9999996873317216
1.0350219978921968 	 0.9999996610603853
1.0360219978921967 	 0.9999996350201571
1.0370219978921966 	 0.9999996092726458
1.0380219978921965 	 0.9999995838674562
1.0390219978921964 	 0.9999995588441283
1.0400219978921963 	 0.9999995342337652
1.0410219978921962 	 0.9999995100603998
1.042021997892196 	 0.9999994863421453
1.043021997892196 	 0.9999994630921611
1.0440219978921959 	 0.9999994403194686
1.0450219978921957 	 0.9999994180296357
1.0460219978921956 	 0.999999396225356
1.0470219978921955 	 0.999999374906938
1.0480219978921954 	 0.9999993540727158
1.0490219978921953 	 0.9999993337193981
1.0500219978921952 	 0.9999993138423615
1.051021997892195 	 0.9999992944358999
1.052021997892195 	 0.9999992754934336
1.0530219978921949 	 0.9999992570076869
1.0540219978921948 	 0.999999238970838
1.0550219978921946 	 0.9999992213746447
1.0560219978921945 	 0.9999992042105517
1.0570219978921944 	 0.9999991874697794
1.0580219978921943 	 0.9999991711434001
1.0590219978921942 	 0.9999991552224002
1.060021997892194 	 0.9999991396977337
1.061021997892194 	 0.9999991245603658
1.0620219978921939 	 0.9999991098014048
1.0630219978921938 	 0.9999990954131334
1.0640219978921936 	 0.9999990813867535
1.0650219978921935 	 0.9999990677135556
1.0660219978921934 	 0.9999990543850359
1.0670219978921933 	 0.9999990413928598
1.0680219978921932 	 0.9999990287288617
1.069021997892193 	 0.999999016385048
1.070021997892193 	 0.9999990043536003
1.0710219978921929 	 0.9999989926268802
1.0720219978921928 	 0.9999989811974287
1.0730219978921927 	 0.9999989700579693
1.0740219978921925 	 0.9999989592014068
1.0750219978921924 	 0.9999989486208262
1.0760219978921923 	 0.9999989383094926
1.0770219978921922 	 0.9999989282608479
1.078021997892192 	 0.9999989184685087
1.079021997892192 	 0.9999989089262644
1.0800219978921919 	 0.9999988996280723
1.0810219978921918 	 0.9999988905680557
1.0820219978921917 	 0.9999988817404999
1.0830219978921916 	 0.9999988731398486
1.0840219978921914 	 0.9999988647606992
1.0850219978921913 	 0.9999988565978012
1.0860219978921912 	 0.9999988486460492
1.0870219978921911 	 0.9999988409004815
1.088021997892191 	 0.9999988333562757
1.089021997892191 	 0.9999988260087442
1.0900219978921908 	 0.9999988188533302
1.0910219978921907 	 0.9999988118856049
1.0920219978921906 	 0.9999988051012634
1.0930219978921905 	 0.9999987984961209
1.0940219978921903 	 0.9999987920661089
1.0950219978921902 	 0.9999987858072722
1.0960219978921901 	 0.9999987797157658
1.09702199789219 	 0.9999987737878494
1.09802199789219 	 0.9999987680198876
1.0990219978921898 	 0.9999987624083443
1.1000219978921897 	 0.9999987569497816
1.1010219978921896 	 0.9999987516408445
1.1020219978921895 	 0.9999987464777268
1.1030219978921894 	 0.9999987414574729
1.1040219978921892 	 0.9999987365773562
1.1050219978921891 	 0.999998731834629
1.106021997892189 	 0.9999987272265238
1.107021997892189 	 0.9999987227502517
1.1080219978921888 	 0.9999987184030028
1.1090219978921887 	 0.9999987141819465
1.1100219978921886 	 0.9999987100842308
1.1110219978921885 	 0.9999987061069837
1.1120219978921884 	 0.9999987022474524
1.1130219978921883 	 0.9999986985033924
1.1140219978921881 	 0.999998694872679
1.115021997892188 	 0.999998691353186
1.116021997892188 	 0.9999986879427843
1.1170219978921878 	 0.9999986846393443
1.1180219978921877 	 0.999998681440733
1.1190219978921876 	 0.9999986783448152
1.1200219978921875 	 0.9999986753494535
1.1210219978921874 	 0.9999986724525077
1.1220219978921873 	 0.9999986696519164
1.1230219978921872 	 0.9999986669459136
1.124021997892187 	 0.9999986643328095
1.125021997892187 	 0.999998661810918
1.1260219978921868 	 0.9999986593785589
1.1270219978921867 	 0.9999986570340562
1.1280219978921866 	 0.9999986547757387
1.1290219978921865 	 0.999998652601939
1.1300219978921864 	 0.9999986505109956
1.1310219978921863 	 0.9999986485012498
1.1320219978921862 	 0.9999986465711008
1.133021997892186 	 0.9999986447191471
1.134021997892186 	 0.999998642944041
1.1350219978921858 	 0.9999986412586388
1.1360219978921857 	 0.9999986396326096
1.1370219978921856 	 0.9999986380794443
1.1380219978921855 	 0.9999986365978241
1.1390219978921854 	 0.9999986351864372
1.1400219978921853 	 0.9999986338439779
1.1410219978921852 	 0.999998632569149
1.142021997892185 	 0.9999986313606916
1.143021997892185 	 0.9999986302174788
1.1440219978921848 	 0.9999986291384206
1.1450219978921847 	 0.9999986281224356
1.1460219978921846 	 0.9999986271684481
1.1470219978921845 	 0.9999986262753926
1.1480219978921844 	 0.9999986254422092
1.1490219978921843 	 0.9999986246678454
1.1500219978921842 	 0.9999986239512577
1.151021997892184 	 0.9999986232914079
1.152021997892184 	 0.9999986226872881
1.1530219978921838 	 0.9999986221379785
1.1540219978921837 	 0.9999986216425865
1.1550219978921836 	 0.9999986212002256
1.1560219978921835 	 0.9999986208100177
1.1570219978921834 	 0.9999986204710918
1.1580219978921833 	 0.9999986201825829
1.1590219978921832 	 0.9999986199436353
1.160021997892183 	 0.9999986197533973
1.161021997892183 	 0.9999986196110267
1.1620219978921829 	 0.9999986195157007
1.1630219978921827 	 0.9999986194666555
1.1640219978921826 	 0.9999986194631469
1.1650219978921825 	 0.9999986195044365
1.1660219978921824 	 0.9999986195897937
1.1670219978921823 	 0.9999986197184936
1.1680219978921822 	 0.999998619889817
1.169021997892182 	 0.999998620103053
1.170021997892182 	 0.9999986203574951
1.1710219978921819 	 0.9999986206524445
1.1720219978921818 	 0.999998620987216
1.1730219978921816 	 0.9999986213611634
1.1740219978921815 	 0.999998621773653
1.1750219978921814 	 0.9999986222240562
1.1760219978921813 	 0.9999986227117531
1.1770219978921812 	 0.9999986232361268
1.178021997892181 	 0.9999986237965677
1.179021997892181 	 0.9999986243924718
1.1800219978921809 	 0.9999986250232398
1.1810219978921808 	 0.9999986256882796
1.1820219978921807 	 0.9999986263870075
1.1830219978921805 	 0.9999986271188623
1.1840219978921804 	 0.9999986278833429
1.1850219978921803 	 0.9999986286798499
1.1860219978921802 	 0.9999986295079177
1.18702199789218 	 0.9999986303669676
1.18802199789218 	 0.9999986312564332
1.1890219978921799 	 0.9999986321757899
1.1900219978921798 	 0.9999986331245175
1.1910219978921797 	 0.9999986341021021
1.1920219978921796 	 0.9999986351080344
1.1930219978921794 	 0.9999986361418137
1.1940219978921793 	 0.9999986372029469
1.1950219978921792 	 0.9999986382909439
1.1960219978921791 	 0.9999986394053201
1.197021997892179 	 0.9999986405455962
1.198021997892179 	 0.9999986417112975
1.1990219978921788 	 0.9999986429019546
1.2000219978921787 	 0.9999986441171025
1.2010219978921786 	 0.999998645356281
1.2020219978921785 	 0.9999986466190331
1.2030219978921783 	 0.9999986479048985
1.2040219978921782 	 0.999998649213419
1.2050219978921781 	 0.999998650544143
1.206021997892178 	 0.9999986518966226
1.207021997892178 	 0.999998653270415
1.2080219978921778 	 0.9999986546650819
1.2090219978921777 	 0.9999986560801898
1.2100219978921776 	 0.9999986575153107
1.2110219978921775 	 0.99999865897002
1.2120219978921773 	 0.9999986604438936
1.2130219978921772 	 0.9999986619364948
1.2140219978921771 	 0.9999986634473851
1.215021997892177 	 0.9999986649761323
1.216021997892177 	 0.9999986665223094
1.2170219978921768 	 0.9999986680854934
1.2180219978921767 	 0.9999986696652674
1.2190219978921766 	 0.9999986712612179
1.2200219978921765 	 0.9999986728729364
1.2210219978921764 	 0.9999986745000213
1.2220219978921762 	 0.9999986761420655
1.2230219978921761 	 0.9999986777986388
1.224021997892176 	 0.9999986794693099
1.225021997892176 	 0.9999986811536523
1.2260219978921758 	 0.9999986828512445
1.2270219978921757 	 0.9999986845616707
1.2280219978921756 	 0.9999986862845202
1.2290219978921755 	 0.9999986880193865
1.2300219978921754 	 0.9999986897658703
1.2310219978921753 	 0.9999986915235751
1.2320219978921751 	 0.9999986932921012
1.233021997892175 	 0.9999986950710129
1.234021997892175 	 0.9999986968598715
1.2350219978921748 	 0.9999986986582445
1.2360219978921747 	 0.9999987004657044
1.2370219978921746 	 0.9999987022818297
1.2380219978921745 	 0.9999987041062048
1.2390219978921744 	 0.9999987059384196
1.2400219978921743 	 0.9999987077780698
1.2410219978921742 	 0.9999987096247561
1.242021997892174 	 0.9999987114780727
1.243021997892174 	 0.9999987133375685
1.2440219978921738 	 0.9999987152027874
1.2450219978921737 	 0.9999987170732799
1.2460219978921736 	 0.9999987189486026
1.2470219978921735 	 0.9999987208283189
1.2480219978921734 	 0.9999987227119979
1.2490219978921733 	 0.9999987245992155
1.2500219978921732 	 0.9999987264895537
1.251021997892173 	 0.9999987283826007
1.252021997892173 	 0.999998730277935
1.2530219978921728 	 0.9999987321750823
1.2540219978921727 	 0.9999987340735611
1.2550219978921726 	 0.9999987359728972
1.2560219978921725 	 0.9999987378726236
1.2570219978921724 	 0.9999987397722803
1.2580219978921723 	 0.9999987416714141
1.2590219978921722 	 0.9999987435695794
1.260021997892172 	 0.9999987454663364
1.261021997892172 	 0.999998747361253
1.2620219978921718 	 0.9999987492538858
1.2630219978921717 	 0.9999987511437317
1.2640219978921716 	 0.99999875303028
1.2650219978921715 	 0.999998754913028
1.2660219978921714 	 0.99999875679148
1.2670219978921713 	 0.9999987586651484
1.2680219978921712 	 0.9999987605335533
1.269021997892171 	 0.9999987623962219
1.270021997892171 	 0.999998764252689
1.2710219978921709 	 0.9999987661024959
1.2720219978921707 	 0.9999987679451742
1.2730219978921706 	 0.9999987697801925
1.2740219978921705 	 0.9999987716070119
1.2750219978921704 	 0.9999987734251014
1.2760219978921703 	 0.9999987752339381
1.2770219978921702 	 0.999998777033007
1.27802199789217 	 0.999998778821801
1.27902199789217 	 0.9999987805998205
1.2800219978921699 	 0.9999987823665731
1.2810219978921698 	 0.9999987841215743
1.2820219978921696 	 0.9999987858643287
1.2830219978921695 	 0.9999987875942866
1.2840219978921694 	 0.9999987893108894
1.2850219978921693 	 0.999998791013587
1.2860219978921692 	 0.9999987927018369
1.287021997892169 	 0.9999987943751043
1.288021997892169 	 0.9999987960328619
1.2890219978921689 	 0.9999987976745895
1.2900219978921688 	 0.9999987992997778
1.2910219978921686 	 0.9999988009079361
1.2920219978921685 	 0.9999988024985544
1.2930219978921684 	 0.9999988040710804
1.2940219978921683 	 0.9999988056249576
1.2950219978921682 	 0.9999988071596363
1.296021997892168 	 0.9999988086745737
1.297021997892168 	 0.9999988101692334
1.2980219978921679 	 0.9999988116430858
1.2990219978921678 	 0.9999988130956105
1.3000219978921677 	 0.9999988145263213
1.3010219978921675 	 0.9999988159347135
1.3020219978921674 	 0.9999988173202763
1.3030219978921673 	 0.9999988186824889
1.3040219978921672 	 0.9999988200208328
1.305021997892167 	 0.9999988213347943
1.306021997892167 	 0.9999988226238634
1.3070219978921669 	 0.999998823887536
1.3080219978921668 	 0.9999988251253115
1.3090219978921667 	 0.9999988263366931
1.3100219978921666 	 0.9999988275211877
1.3110219978921664 	 0.9999988286783057
1.3120219978921663 	 0.9999988298075703
1.3130219978921662 	 0.9999988309085442
1.3140219978921661 	 0.9999988319808004
1.315021997892166 	 0.9999988330239135
1.316021997892166 	 0.9999988340374605
1.3170219978921658 	 0.9999988350210199
1.3180219978921657 	 0.9999988359741719
1.3190219978921656 	 0.9999988368964977
1.3200219978921655 	 0.9999988377875787
1.3210219978921653 	 0.9999988386469968
1.3220219978921652 	 0.9999988394743633
1.3230219978921651 	 0.9999988402693941
1.324021997892165 	 0.9999988410318276
1.325021997892165 	 0.9999988417614009
1.3260219978921648 	 0.9999988424578504
1.3270219978921647 	 0.9999988431209114
1.3280219978921646 	 0.9999988437503179
1.3290219978921645 	 0.9999988443458002
1.3300219978921644 	 0.999998844907088
1.3310219978921642 	 0.9999988454373056
1.3320219978921641 	 0.9999988459435687
1.333021997892164 	 0.9999988464214894
1.334021997892164 	 0.9999988468698401
1.3350219978921638 	 0.9999988472880605
1.3360219978921637 	 0.9999988476758341
1.3370219978921636 	 0.9999988480329611
1.3380219978921635 	 0.9999988483593112
1.3390219978921634 	 0.9999988486547953
1.3400219978921633 	 0.9999988489193521
1.3410219978921631 	 0.9999988491529406
1.342021997892163 	 0.9999988493556041
1.343021997892163 	 0.9999988495276554
1.3440219978921628 	 0.9999988496694736
1.3450219978921627 	 0.9999988497814416
1.3460219978921626 	 0.9999988498639454
1.3470219978921625 	 0.9999988499173762
1.3480219978921624 	 0.9999988499421248
1.3490219978921623 	 0.9999988499385822
1.3500219978921622 	 0.9999988499071367
1.351021997892162 	 0.9999988498481756
1.352021997892162 	 0.9999988497621691
1.3530219978921618 	 0.9999988496498949
1.3540219978921617 	 0.9999988495121978
1.3550219978921616 	 0.9999988493499175
1.3560219978921615 	 0.9999988491638886
1.3570219978921614 	 0.9999988489549456
1.3580219978921613 	 0.9999988487239159
1.3590219978921612 	 0.9999988484716184
1.360021997892161 	 0.9999988481988615
1.361021997892161 	 0.9999988479064449
1.3620219978921608 	 0.9999988475952464
1.3630219978921607 	 0.9999988472664445
1.3640219978921606 	 0.9999988469212763
1.3650219978921605 	 0.9999988465609623
1.3660219978921604 	 0.9999988461867071
1.3670219978921603 	 0.9999988457997047
1.3680219978921602 	 0.9999988454011286
1.36902199789216 	 0.9999988449921273
1.37002199789216 	 0.9999988445738217
1.3710219978921598 	 0.9999988441473048
1.3720219978921597 	 0.999998843713716
1.3730219978921596 	 0.9999988432744162
1.3740219978921595 	 0.999998842830788
1.3750219978921594 	 0.999998842384171
1.3760219978921593 	 0.9999988419358629
1.3770219978921592 	 0.9999988414871219
1.378021997892159 	 0.9999988410391565
1.379021997892159 	 0.9999988405931178
1.3800219978921588 	 0.9999988401500972
1.3810219978921587 	 0.9999988397111241
1.3820219978921586 	 0.9999988392772059
1.3830219978921585 	 0.9999988388494265
1.3840219978921584 	 0.9999988384288305
1.3850219978921583 	 0.9999988380163918
1.3860219978921582 	 0.9999988376130048
1.387021997892158 	 0.9999988372194882
1.388021997892158 	 0.9999988368365837
1.3890219978921579 	 0.9999988364649581
1.3900219978921577 	 0.9999988361052043
1.3910219978921576 	 0.9999988357578442
1.3920219978921575 	 0.999998835423329
1.3930219978921574 	 0.9999988351020557
1.3940219978921573 	 0.9999988347943726
1.3950219978921572 	 0.9999988345005876
1.396021997892157 	 0.9999988342209774
1.397021997892157 	 0.9999988339557953
1.3980219978921569 	 0.9999988337052923
1.3990219978921568 	 0.9999988334697366
1.4000219978921566 	 0.9999988332494318
1.4010219978921565 	 0.9999988330447349
1.4020219978921564 	 0.9999988328560397
1.4030219978921563 	 0.999998832683711
1.4040219978921562 	 0.9999988325282031
1.405021997892156 	 0.9999988323901116
1.406021997892156 	 0.9999988322701928
1.4070219978921559 	 0.9999988321693821
1.4080219978921558 	 0.9999988320888133
1.4090219978921557 	 0.9999988320298354
1.4100219978921555 	 0.9999988319940245
1.4110219978921554 	 0.9999988319831952
1.4120219978921553 	 0.9999988319993444
1.4130219978921552 	 0.9999988320445005
1.414021997892155 	 0.9999988321208809
1.415021997892155 	 0.9999988322309369
1.4160219978921549 	 0.9999988323773418
1.4170219978921548 	 0.9999988325629774
1.4180219978921547 	 0.9999988327909118
1.4190219978921546 	 0.9999988330643768
1.4200219978921544 	 0.9999988333867401
1.4210219978921543 	 0.9999988337614794
1.4220219978921542 	 0.999998834192087
1.4230219978921541 	 0.9999988346818495
1.424021997892154 	 0.9999988352340101
1.425021997892154 	 0.9999988358517964
1.4260219978921538 	 0.9999988365383923
1.4270219978921537 	 0.999998837296913
1.4280219978921536 	 0.9999988381303743
1.4290219978921535 	 0.9999988390416682
1.4300219978921533 	 0.9999988400335417
1.4310219978921532 	 0.9999988411085788
1.4320219978921531 	 0.9999988422691244
1.433021997892153 	 0.9999988435170978
1.434021997892153 	 0.9999988448541586
1.4350219978921528 	 0.9999988462817666
1.4360219978921527 	 0.9999988478011781
1.4370219978921526 	 0.9999988494134506
1.4380219978921525 	 0.9999988511194396
1.4390219978921523 	 0.9999988529198007
1.4400219978921522 	 0.9999988548149954
1.4410219978921521 	 0.9999988568053001
1.442021997892152 	 0.9999988588907646
1.443021997892152 	 0.9999988610710714
1.4440219978921518 	 0.9999988633456995
1.4450219978921517 	 0.999998865713983
1.4460219978921516 	 0.9999988681751225
1.4470219978921515 	 0.9999988707282013
1.4480219978921514 	 0.9999988733721904
1.4490219978921512 	 0.9999988761059575
1.4500219978921511 	 0.9999988789282773
1.451021997892151 	 0.9999988818378422
1.452021997892151 	 0.9999988848332378
1.4530219978921508 	 0.9999988879128408
1.4540219978921507 	 0.999998891074939
1.4550219978921506 	 0.9999988943177771
1.4560219978921505 	 0.9999988976395632
1.4570219978921504 	 0.9999989010384823
1.4580219978921503 	 0.9999989045126968
1.4590219978921501 	 0.9999989080603499
1.46002199789215 	 0.9999989116795712
1.46102199789215 	 0.999998915368483
1.4620219978921498 	 0.9999989191251821
1.4630219978921497 	 0.9999989229476686
1.4640219978921496 	 0.9999989268339255
1.4650219978921495 	 0.9999989307819462
1.4660219978921494 	 0.9999989347897397
1.4670219978921493 	 0.9999989388553407
1.4680219978921492 	 0.9999989429768044
1.469021997892149 	 0.9999989471522042
1.470021997892149 	 0.9999989513796351
1.4710219978921488 	 0.9999989556572157
1.4720219978921487 	 0.9999989599830729
1.4730219978921486 	 0.999998964355296
1.4740219978921485 	 0.9999989687719874
1.4750219978921484 	 0.9999989732312796
1.4760219978921483 	 0.9999989777313382
1.4770219978921482 	 0.9999989822703702
1.478021997892148 	 0.9999989868466156
1.479021997892148 	 0.9999989914583439
1.4800219978921478 	 0.9999989961038622
1.4810219978921477 	 0.9999990007815045
1.4820219978921476 	 0.99999900548963
1.4830219978921475 	 0.9999990102265858
1.4840219978921474 	 0.9999990149907415
1.4850219978921473 	 0.9999990197805011
1.4860219978921472 	 0.9999990245943046
1.487021997892147 	 0.9999990294306338
1.488021997892147 	 0.9999990342880059
1.4890219978921468 	 0.9999990391649706
1.4900219978921467 	 0.9999990440601095
1.4910219978921466 	 0.9999990489720382
1.4920219978921465 	 0.9999990538993949
1.4930219978921464 	 0.9999990588408104
1.4940219978921463 	 0.9999990637949394
1.4950219978921462 	 0.9999990687604687
1.496021997892146 	 0.9999990737361206
1.497021997892146 	 0.9999990787206553
1.4980219978921459 	 0.9999990837128663
1.4990219978921457 	 0.9999990887115777
1.5000219978921456 	 0.9999990937156443
1.5010219978921455 	 0.9999990987239517
1.5020219978921454 	 0.9999991037354059
1.5030219978921453 	 0.9999991087488997
1.5040219978921452 	 0.9999991137633472
1.505021997892145 	 0.9999991187776899
1.506021997892145 	 0.9999991237909042
1.5070219978921449 	 0.9999991288019978
1.5080219978921447 	 0.9999991338100084
1.5090219978921446 	 0.9999991388140019
1.5100219978921445 	 0.9999991438130728
1.5110219978921444 	 0.9999991488063428
1.5120219978921443 	 0.999999153792948
1.5130219978921442 	 0.9999991587719996
1.514021997892144 	 0.9999991637426252
1.515021997892144 	 0.9999991687039808
1.5160219978921439 	 0.999999173655252
1.5170219978921438 	 0.9999991785956511
1.5180219978921436 	 0.9999991835244181
1.5190219978921435 	 0.9999991884408195
1.5200219978921434 	 0.9999991933441476
1.5210219978921433 	 0.9999991982337237
1.5220219978921432 	 0.9999992031088818
1.523021997892143 	 0.9999992079689071
1.524021997892143 	 0.9999992128130976
1.5250219978921429 	 0.9999992176407801
1.5260219978921428 	 0.9999992224516508
1.5270219978921427 	 0.9999992272453037
1.5280219978921425 	 0.9999992320211358
1.5290219978921424 	 0.9999992367785708
1.5300219978921423 	 0.9999992415170653
1.5310219978921422 	 0.9999992462360935
1.532021997892142 	 0.9999992509351215
1.533021997892142 	 0.9999992556135672
1.5340219978921419 	 0.9999992602708572
1.5350219978921418 	 0.9999992649064453
1.5360219978921417 	 0.9999992695198083
1.5370219978921416 	 0.9999992741104389
1.5380219978921414 	 0.9999992786778524
1.5390219978921413 	 0.999999283221587
1.5400219978921412 	 0.9999992877412038
1.5410219978921411 	 0.9999992922362821
1.542021997892141 	 0.9999992967063901
1.543021997892141 	 0.999999301151039
1.5440219978921408 	 0.9999993055697469
1.5450219978921407 	 0.9999993099620557
1.5460219978921406 	 0.9999993143275258
1.5470219978921405 	 0.9999993186657256
1.5480219978921403 	 0.9999993229762407
1.5490219978921402 	 0.9999993272586769
1.5500219978921401 	 0.9999993315126586
1.55102199789214 	 0.9999993357378225
1.55202199789214 	 0.9999993399337849
1.5530219978921398 	 0.9999993441001023
1.5540219978921397 	 0.9999993482363331
1.5550219978921396 	 0.9999993523420541
1.5560219978921395 	 0.9999993564168527
1.5570219978921394 	 0.9999993604603115
1.5580219978921392 	 0.9999993644720222
1.5590219978921391 	 0.9999993684515898
1.560021997892139 	 0.9999993723986295
1.561021997892139 	 0.9999993763127606
1.5620219978921388 	 0.999999380193571
1.5630219978921387 	 0.999999384040594
1.5640219978921386 	 0.9999993878533585
1.5650219978921385 	 0.9999993916314054
1.5660219978921384 	 0.9999993953742778
1.5670219978921383 	 0.9999993990815053
1.5680219978921381 	 0.9999994027585521
1.569021997892138 	 0.999999406409688
1.570021997892138 	 0.9999994100298953
1.5710219978921378 	 0.9999994136174943
1.5720219978921377 	 0.9999994171714057
1.5730219978921376 	 0.9999994206908044
1.5740219978921375 	 0.9999994241750556
1.5750219978921374 	 0.9999994276236969
1.5760219978921373 	 0.9999994310364362
1.5770219978921372 	 0.9999994344131573
1.578021997892137 	 0.9999994377539847
1.579021997892137 	 0.9999994410593491
1.5800219978921368 	 0.9999994443300615
1.5810219978921367 	 0.9999994475673928
1.5820219978921366 	 0.9999994507731517
1.5830219978921365 	 0.9999994539498115
1.5840219978921364 	 0.9999994571006126
1.5850219978921363 	 0.9999994602296329
1.5860219978921362 	 0.9999994633417935
1.587021997892136 	 0.999999466442761
1.588021997892136 	 0.9999994695387687
1.5890219978921358 	 0.999999472636258
1.5900219978921357 	 0.99999947574135
1.5910219978921356 	 0.999999478859168
1.5920219978921355 	 0.9999994819931036
1.5930219978921354 	 0.9999994851442069
1.5940219978921353 	 0.9999994883107318
1.5950219978921352 	 0.9999994914880487
1.596021997892135 	 0.9999994946689739
1.597021997892135 	 0.9999994978444533
1.5980219978921348 	 0.9999995010045065
1.5990219978921347 	 0.9999995041391929
1.6000219978921346 	 0.999999507239435
1.6010219978921345 	 0.9999995102975838
1.6020219978921344 	 0.9999995133077091
1.6030219978921343 	 0.9999995162656959
1.6040219978921342 	 0.9999995191690337
1.605021997892134 	 0.9999995220165375
1.606021997892134 	 0.9999995248080464
1.6070219978921338 	 0.9999995275441257
1.6080219978921337 	 0.9999995302258239
1.6090219978921336 	 0.9999995328544681
1.6100219978921335 	 0.9999995354315113
1.6110219978921334 	 0.9999995379584163
1.6120219978921333 	 0.9999995404366022
1.6130219978921332 	 0.9999995428674707
1.614021997892133 	 0.999999545252298
1.615021997892133 	 0.999999547592196
1.6160219978921329 	 0.9999995498881087
1.6170219978921327 	 0.999999552140819
1.6180219978921326 	 0.9999995543509475
1.6190219978921325 	 0.9999995565189628
1.6200219978921324 	 0.9999995586451896
1.6210219978921323 	 0.9999995607298202
1.6220219978921322 	 0.9999995627729588
1.623021997892132 	 0.9999995647746998
1.624021997892132 	 0.9999995667350459
1.6250219978921319 	 0.999999568653888
1.6260219978921318 	 0.9999995705310156
1.6270219978921316 	 0.9999995723661332
1.6280219978921315 	 0.9999995741588514
1.6290219978921314 	 0.9999995759086895
1.6300219978921313 	 0.9999995776150763
1.6310219978921312 	 0.9999995792773616
1.632021997892131 	 0.9999995808948584
1.633021997892131 	 0.999999582466903
1.6340219978921309 	 0.9999995839927722
1.6350219978921308 	 0.9999995854716636
1.6360219978921307 	 0.9999995869027034
1.6370219978921305 	 0.9999995882849684
1.6380219978921304 	 0.999999589617469
1.6390219978921303 	 0.9999995908991457
1.6400219978921302 	 0.9999995921288747
1.64102199789213 	 0.9999995933054748
1.64202199789213 	 0.999999594427754
1.6430219978921299 	 0.9999995954945425
1.6440219978921298 	 0.9999995965046351
1.6450219978921297 	 0.9999995974567756
1.6460219978921296 	 0.9999995983496703
1.6470219978921294 	 0.9999995991820114
1.6480219978921293 	 0.9999995999524616
1.6490219978921292 	 0.9999996006596517
1.650021997892129 	 0.9999996013021887
1.651021997892129 	 0.9999996018786649
1.652021997892129 	 0.9999996023876965
1.6530219978921288 	 0.999999602827937
1.6540219978921287 	 0.9999996031980465
1.6550219978921286 	 0.9999996034966883
1.6560219978921285 	 0.9999996037225414
1.6570219978921283 	 0.999999603874325
1.6580219978921282 	 0.999999603950786
1.6590219978921281 	 0.9999996039507001
1.660021997892128 	 0.9999996038728782
1.661021997892128 	 0.9999996037161774
1.6620219978921278 	 0.9999996034795269
1.6630219978921277 	 0.9999996031619178
1.6640219978921276 	 0.9999996027624032
1.6650219978921275 	 0.9999996022801013
1.6660219978921273 	 0.9999996017142058
1.6670219978921272 	 0.9999996010640021
1.6680219978921271 	 0.9999996003288607
1.669021997892127 	 0.9999995995082364
1.670021997892127 	 0.9999995986016725
1.6710219978921268 	 0.9999995976088075
1.6720219978921267 	 0.9999995965293801
1.6730219978921266 	 0.999999595363204
1.6740219978921265 	 0.9999995941101851
1.6750219978921264 	 0.999999592770328
1.6760219978921262 	 0.9999995913437384
1.6770219978921261 	 0.9999995898306291
1.678021997892126 	 0.9999995882313133
1.679021997892126 	 0.9999995865462012
1.6800219978921258 	 0.9999995847757991
1.6810219978921257 	 0.999999582920707
1.6820219978921256 	 0.9999995809816066
1.6830219978921255 	 0.9999995789592203
1.6840219978921254 	 0.99999957685434
1.6850219978921253 	 0.9999995746678364
1.6860219978921251 	 0.9999995724006524
1.687021997892125 	 0.9999995700538009
1.688021997892125 	 0.9999995676283588
1.6890219978921248 	 0.9999995651254637
1.6900219978921247 	 0.9999995625463085
1.6910219978921246 	 0.9999995598921356
1.6920219978921245 	 0.999999557164215
1.6930219978921244 	 0.9999995543637928
1.6940219978921243 	 0.999999551492134
1.6950219978921242 	 0.9999995485505326
1.696021997892124 	 0.9999995455403059
1.697021997892124 	 0.9999995424627849
1.6980219978921238 	 0.9999995393193164
1.6990219978921237 	 0.9999995361112607
1.7000219978921236 	 0.999999532839989
1.7010219978921235 	 0.9999995295068785
1.7020219978921234 	 0.9999995261132844
1.7030219978921233 	 0.9999995226604904
1.7040219978921232 	 0.9999995191497613
1.705021997892123 	 0.9999995155823546
1.706021997892123 	 0.9999995119595158
1.7070219978921228 	 0.9999995082824735
1.7080219978921227 	 0.9999995045524399
1.7090219978921226 	 0.9999995007706163
1.7100219978921225 	 0.9999994969381928
1.7110219978921224 	 0.9999994930563442
1.7120219978921223 	 0.9999994891262023
1.7130219978921222 	 0.999999485148813
1.714021997892122 	 0.9999994811251879
1.715021997892122 	 0.9999994770563208
1.7160219978921218 	 0.9999994729431845
1.7170219978921217 	 0.9999994687867209
1.7180219978921216 	 0.9999994645878515
1.7190219978921215 	 0.9999994603474822
1.7200219978921214 	 0.9999994560665038
1.7210219978921213 	 0.9999994517457901
1.7220219978921212 	 0.9999994473861686
1.723021997892121 	 0.9999994429883903
1.724021997892121 	 0.9999994385531731
1.7250219978921209 	 0.9999994340812202
1.7260219978921207 	 0.9999994295732154
1.7270219978921206 	 0.9999994250298151
1.7280219978921205 	 0.9999994204516581
1.7290219978921204 	 0.9999994158393721
1.7300219978921203 	 0.9999994111935736
1.7310219978921202 	 0.9999994065148665
1.73202199789212 	 0.9999994018038179
1.73302199789212 	 0.9999993970609312
1.7340219978921199 	 0.9999993922866869
1.7350219978921197 	 0.9999993874815556
1.7360219978921196 	 0.9999993826459945
1.7370219978921195 	 0.99999938022269
1.7380219978921194 	 0.999999380213536
1.7390219978921193 	 0.9999993802043867
1.7400219978921192 	 0.9999993801952426
1.741021997892119 	 0.9999993801861035
1.742021997892119 	 0.9999993801769692
1.7430219978921189 	 0.9999993801678402
1.7440219978921188 	 0.9999993801587161
1.7450219978921186 	 0.9999993801495971
1.7460219978921185 	 0.9999993801404831
1.7470219978921184 	 0.999999380131374
1.7480219978921183 	 0.9999993801222701
1.7490219978921182 	 0.9999993801131711
1.750021997892118 	 0.9999993801040772
1.751021997892118 	 0.9999993800949883
1.7520219978921179 	 0.9999993800859046
1.7530219978921178 	 0.9999993800768258
1.7540219978921177 	 0.9999993800677521
1.7550219978921175 	 0.9999993800586835
1.7560219978921174 	 0.9999993800496197
1.7570219978921173 	 0.9999993800405613
1.7580219978921172 	 0.9999993800315078
1.759021997892117 	 0.9999993800224592
1.760021997892117 	 0.999999380013416
1.7610219978921169 	 0.9999993800043777
1.7620219978921168 	 0.9999993799953445
1.7630219978921167 	 0.9999993799863163
1.7640219978921166 	 0.9999993799772932
1.7650219978921164 	 0.9999993799682751
1.7660219978921163 	 0.9999993799592622
1.7670219978921162 	 0.9999993799502545
1.7680219978921161 	 0.9999993799412517
1.769021997892116 	 0.9999993799322539
1.770021997892116 	 0.9999993799232613
1.7710219978921158 	 0.9999993799142737
1.7720219978921157 	 0.9999993799052913
1.7730219978921156 	 0.9999993798963139
1.7740219978921155 	 0.9999993798873417
1.7750219978921153 	 0.9999993798783746
1.7760219978921152 	 0.9999993798694126
1.7770219978921151 	 0.9999993798604556
1.778021997892115 	 0.9999993798515038
1.779021997892115 	 0.9999993798425569
1.7800219978921148 	 0.9999993798336153
1.7810219978921147 	 0.9999993798246787
1.7820219978921146 	 0.9999993798157472
1.7830219978921145 	 0.9999993798068209
1.7840219978921144 	 0.9999993797978997
1.7850219978921142 	 0.9999993797889836
1.7860219978921141 	 0.9999993797800726
1.787021997892114 	 0.9999993797711666
1.788021997892114 	 0.9999993797622657
1.7890219978921138 	 0.9999993797533702
1.7900219978921137 	 0.9999993797444795
1.7910219978921136 	 0.999999379735594
1.7920219978921135 	 0.9999993797267138
1.7930219978921134 	 0.9999993797178385
1.7940219978921133 	 0.9999993797089685
1.7950219978921131 	 0.9999993797001036
1.796021997892113 	 0.9999993796912436
1.797021997892113 	 0.999999379682389
1.7980219978921128 	 0.9999993796735392
1.7990219978921127 	 0.9999993796646948
1.8000219978921126 	 0.9999993796558555
1.8010219978921125 	 0.9999993796470212
1.8020219978921124 	 0.9999993796381921
1.8030219978921123 	 0.999999379629368
1.8040219978921122 	 0.9999993796205493
1.805021997892112 	 0.9999993796117356
1.806021997892112 	 0.9999993796029271
1.8070219978921118 	 0.9999993795941235
1.8080219978921117 	 0.9999993795853251
1.8090219978921116 	 0.999999379576532
1.8100219978921115 	 0.9999993795677439
1.8110219978921114 	 0.999999379558961
1.8120219978921113 	 0.999999379550183
1.8130219978921112 	 0.9999993795414105
1.814021997892111 	 0.9999993795326428
1.815021997892111 	 0.9999993795238805
1.8160219978921108 	 0.9999993795151232
1.8170219978921107 	 0.9999993795063711
1.8180219978921106 	 0.9999993794976241
1.8190219978921105 	 0.9999993794888822
1.8200219978921104 	 0.9999993794801455
1.8210219978921103 	 0.9999993794714138
1.8220219978921102 	 0.9999993794626874
1.82302199789211 	 0.999999379453966
1.82402199789211 	 0.9999993794452497
1.8250219978921098 	 0.9999993794365387
1.8260219978921097 	 0.9999993794278328
1.8270219978921096 	 0.999999379419132
1.8280219978921095 	 0.9999993794104363
1.8290219978921094 	 0.9999993794017458
1.8300219978921093 	 0.9999993793930605
1.8310219978921092 	 0.9999993793843802
1.832021997892109 	 0.999999379375705
1.833021997892109 	 0.9999993793670351
1.8340219978921088 	 0.9999993793583702
1.8350219978921087 	 0.9999993793497105
1.8360219978921086 	 0.9999993793410559
1.8370219978921085 	 0.9999993793324063
1.8380219978921084 	 0.999999379323762
1.8390219978921083 	 0.999999379315123
1.8400219978921082 	 0.9999993793064889
1.841021997892108 	 0.99999937929786
1.842021997892108 	 0.9999993792892361
1.8430219978921079 	 0.9999993792806174
1.8440219978921077 	 0.9999993792720039
1.8450219978921076 	 0.9999993792633954
1.8460219978921075 	 0.9999993792547921
1.8470219978921074 	 0.999999379246194
1.8480219978921073 	 0.9999993792376011
1.8490219978921072 	 0.9999993792290132
1.850021997892107 	 0.9999993792204305
1.851021997892107 	 0.9999993792118528
1.8520219978921069 	 0.9999993792032802
1.8530219978921068 	 0.9999993791947128
1.8540219978921066 	 0.9999993791861506
1.8550219978921065 	 0.9999993791775935
1.8560219978921064 	 0.9999993791690415
1.8570219978921063 	 0.9999993791604945
1.8580219978921062 	 0.9999993791519528
1.859021997892106 	 0.9999993791434161
1.860021997892106 	 0.9999993791348846
1.8610219978921059 	 0.9999993791263582
1.8620219978921058 	 0.9999993791178369
1.8630219978921057 	 0.9999993791093207
1.8640219978921055 	 0.9999993791008096
1.8650219978921054 	 0.9999993790923037
1.8660219978921053 	 0.9999993790838029
1.8670219978921052 	 0.999999379075307
1.868021997892105 	 0.9999993790668166
1.869021997892105 	 0.999999379058331
1.8700219978921049 	 0.9999993790498506
1.8710219978921048 	 0.9999993790413754
1.8720219978921047 	 0.9999993790329051
1.8730219978921046 	 0.9999993790244401
1.8740219978921044 	 0.9999993790159801
1.8750219978921043 	 0.9999993790075253
1.8760219978921042 	 0.9999993789990755
1.877021997892104 	 0.999999378990631
1.878021997892104 	 0.9999993789821914
1.879021997892104 	 0.9999993789737569
1.8800219978921038 	 0.9999993789653276
1.8810219978921037 	 0.9999993789569033
1.8820219978921036 	 0.9999993789484841
1.8830219978921034 	 0.9999993789400701
1.8840219978921033 	 0.9999993789316611
1.8850219978921032 	 0.9999993789232573
1.8860219978921031 	 0.9999993789148585
1.887021997892103 	 0.9999993789064648
1.888021997892103 	 0.9999993788980762
1.8890219978921028 	 0.9999993788896928
1.8900219978921027 	 0.9999993788813143
1.8910219978921026 	 0.9999993788729409
1.8920219978921025 	 0.9999993788645727
1.8930219978921023 	 0.9999993788562095
1.8940219978921022 	 0.9999993788478514
1.8950219978921021 	 0.9999993788394983
1.896021997892102 	 0.9999993788311504
1.897021997892102 	 0.9999993788228075
1.8980219978921018 	 0.9999993788144698
1.8990219978921017 	 0.999999378806137
1.9000219978921016 	 0.9999993787978093
1.9010219978921015 	 0.9999993787894867
1.9020219978921014 	 0.9999993787811692
1.9030219978921012 	 0.9999993787728568
1.9040219978921011 	 0.9999993787645494
1.905021997892101 	 0.9999993787562471
1.906021997892101 	 0.9999993787479498
1.9070219978921008 	 0.9999993787396576
1.9080219978921007 	 0.9999993787313705
1.9090219978921006 	 0.9999993787230883
1.9100219978921005 	 0.9999993787148114
1.9110219978921004 	 0.9999993787065393
1.9120219978921003 	 0.9999993786982723
1.9130219978921001 	 0.9999993786900104
1.9140219978921 	 0.9999993786817537
1.9150219978921 	 0.9999993786735017
1.9160219978920998 	 0.999999378665255
1.9170219978920997 	 0.9999993786570134
1.9180219978920996 	 0.9999993786487766
1.9190219978920995 	 0.9999993786405449
1.9200219978920994 	 0.9999993786323185
1.9210219978920993 	 0.9999993786240968
1.9220219978920992 	 0.9999993786158803
1.923021997892099 	 0.9999993786076687
1.924021997892099 	 0.9999993785994622
1.9250219978920988 	 0.9999993785912608
1.9260219978920987 	 0.9999993785830643
1.9270219978920986 	 0.999999378574873
1.9280219978920985 	 0.9999993785666864
1.9290219978920984 	 0.9999993785585051
1.9300219978920983 	 0.9999993785503287
1.9310219978920982 	 0.9999993785421574
1.932021997892098 	 0.999999378533991
1.933021997892098 	 0.9999993785258297
1.9340219978920978 	 0.9999993785176733
1.9350219978920977 	 0.999999378509522
1.9360219978920976 	 0.9999993785013757
1.9370219978920975 	 0.9999993784932344
1.9380219978920974 	 0.9999993784850981
1.9390219978920973 	 0.9999993784769667
1.9400219978920972 	 0.9999993784688405
1.941021997892097 	 0.9999993784607191
1.942021997892097 	 0.9999993784526028
1.9430219978920968 	 0.9999993784444914
1.9440219978920967 	 0.9999993784363851
1.9450219978920966 	 0.9999993784282837
1.9460219978920965 	 0.9999993784201872
1.9470219978920964 	 0.9999993784120957
1.9480219978920963 	 0.9999993784040093
1.9490219978920962 	 0.9999993783959279
1.950021997892096 	 0.9999993783878514
1.951021997892096 	 0.9999993783797798
1.9520219978920959 	 0.9999993783717132
1.9530219978920957 	 0.9999993783636516
1.9540219978920956 	 0.9999993783555949
1.9550219978920955 	 0.9999993783475433
1.9560219978920954 	 0.9999993783394966
1.9570219978920953 	 0.9999993783314548
1.9580219978920952 	 0.999999378323418
1.959021997892095 	 0.9999993783153861
1.960021997892095 	 0.9999993783073592
1.9610219978920949 	 0.9999993782993372
1.9620219978920947 	 0.9999993782913201
1.9630219978920946 	 0.9999993782833082
1.9640219978920945 	 0.9999993782753009
1.9650219978920944 	 0.9999993782672987
1.9660219978920943 	 0.9999993782593015
1.9670219978920942 	 0.9999993782513091
1.968021997892094 	 0.9999993782433216
1.969021997892094 	 0.9999993782353392
1.9700219978920939 	 0.9999993782273616
1.9710219978920938 	 0.9999993782193891
1.9720219978920936 	 0.9999993782114214
1.9730219978920935 	 0.9999993782034585
1.9740219978920934 	 0.9999993781955007
1.9750219978920933 	 0.9999993781875477
1.9760219978920932 	 0.9999993781795996
1.977021997892093 	 0.9999993781716564
1.978021997892093 	 0.9999993781637181
1.9790219978920929 	 0.9999993781557848
1.9800219978920928 	 0.9999993781478563
1.9810219978920927 	 0.9999993781399328
1.9820219978920925 	 0.9999993781320141
1.9830219978920924 	 0.9999993781241003
1.9840219978920923 	 0.9999993781161914
1.9850219978920922 	 0.9999993781082875
1.986021997892092 	 0.9999993781003883
1.987021997892092 	 0.9999993780924942
1.9880219978920919 	 0.9999993780846048
1.9890219978920918 	 0.9999993780767202
1.9900219978920917 	 0.9999993780688406
1.9910219978920916 	 0.999999378060966
1.9920219978920914 	 0.9999993780530961
1.9930219978920913 	 0.9999993780452311
1.9940219978920912 	 0.9999993780373709
1.9950219978920911 	 0.9999993780295157
1.996021997892091 	 0.9999993780216653
1.997021997892091 	 0.9999993780138197
1.9980219978920908 	 0.9999993780059789
1.9990219978920907 	 0.999999377998143
