0.0010219978922 	 0
0.0020219978922 	 1.0
0.0030219978922 	 1.0
0.0040219978922 	 1.0
0.0050219978922 	 1.0
0.0060219978922 	 1.0
0.0070219978922 	 1.0
0.0080219978922 	 1.0
0.009021997892200002 	 1.0
0.010021997892200003 	 1.0
0.011021997892200004 	 1.0
0.012021997892200004 	 1.0
0.013021997892200005 	 1.0
0.014021997892200006 	 1.0
0.015021997892200007 	 1.0
0.016021997892200008 	 1.0
0.01702199789220001 	 1.0
0.01802199789220001 	 1.0
0.01902199789220001 	 1.0
0.02002199789220001 	 1.0
0.021021997892200012 	 1.0
0.022021997892200013 	 1.0
0.023021997892200014 	 1.0
0.024021997892200015 	 1.0
0.025021997892200016 	 1.0
0.026021997892200017 	 1.0
0.027021997892200018 	 1.0
0.02802199789220002 	 1.0
0.02902199789220002 	 1.0
0.03002199789220002 	 1.0
0.03102199789220002 	 1.0
0.03202199789220002 	 1.0
0.03302199789220002 	 1.0
0.03402199789220002 	 1.0
0.03502199789220002 	 1.0
0.03602199789220002 	 1.0
0.03702199789220002 	 1.0
0.038021997892200024 	 1.0
0.039021997892200025 	 1.0
0.040021997892200026 	 1.0
0.04102199789220003 	 1.0
0.04202199789220003 	 1.0
0.04302199789220003 	 1.0
0.04402199789220003 	 1.0
0.04502199789220003 	 1.0
0.04602199789220003 	 1.0
0.04702199789220003 	 1.0
0.04802199789220003 	 1.0
0.049021997892200034 	 1.0
0.050021997892200035 	 1.0
0.051021997892200036 	 1.0
0.052021997892200036 	 1.0
0.05302199789220004 	 1.0
0.05402199789220004 	 1.0
0.05502199789220004 	 1.0
0.05602199789220004 	 1.0
0.05702199789220004 	 1.0
0.05802199789220004 	 1.0
0.05902199789220004 	 1.0
0.060021997892200044 	 1.0
0.061021997892200044 	 1.0
0.062021997892200045 	 1.0
0.06302199789220005 	 1.0
0.06402199789220005 	 1.0
0.06502199789220005 	 1.0
0.06602199789220005 	 1.0
0.06702199789220005 	 1.0
0.06802199789220005 	 1.0
0.06902199789220005 	 1.0
0.07002199789220005 	 1.0
0.07102199789220005 	 1.0
0.07202199789220005 	 1.0
0.07302199789220006 	 1.0
0.07402199789220006 	 1.0
0.07502199789220006 	 1.0
0.07602199789220006 	 1.0
0.07702199789220006 	 1.0
0.07802199789220006 	 1.0
0.07902199789220006 	 1.0
0.08002199789220006 	 1.0
0.08102199789220006 	 1.0
0.08202199789220006 	 1.0
0.08302199789220006 	 1.0
0.08402199789220006 	 1.0
0.08502199789220007 	 1.0
0.08602199789220007 	 1.0
0.08702199789220007 	 1.0
0.08802199789220007 	 1.0
0.08902199789220007 	 1.0
0.09002199789220007 	 1.0
0.09102199789220007 	 1.0
0.09202199789220007 	 1.0
0.09302199789220007 	 1.0
0.09402199789220007 	 1.0
0.09502199789220007 	 1.0
0.09602199789220008 	 1.0
0.09702199789220008 	 1.0
0.09802199789220008 	 1.0
0.09902199789220008 	 1.0
0.10002199789220008 	 1.0
0.10102199789220008 	 1.0
0.10202199789220008 	 1.0
0.10302199789220008 	 1.0
0.10402199789220008 	 1.0
0.10502199789220008 	 1.0
0.10602199789220008 	 1.0
0.10702199789220009 	 1.0
0.10802199789220009 	 1.0
0.10902199789220009 	 1.0
0.11002199789220009 	 1.0
0.11102199789220009 	 1.0
0.11202199789220009 	 1.0
0.11302199789220009 	 1.0
0.11402199789220009 	 1.0
0.11502199789220009 	 1.0
0.1160219978922001 	 1.0
0.1170219978922001 	 1.0
0.1180219978922001 	 1.0
0.1190219978922001 	 1.0
0.1200219978922001 	 1.0
0.1210219978922001 	 1.0
0.1220219978922001 	 1.0
0.1230219978922001 	 1.0
0.1240219978922001 	 1.0
0.1250219978922001 	 1.0
0.1260219978922001 	 1.0
0.1270219978922001 	 1.0
0.1280219978922001 	 1.0
0.1290219978922001 	 1.0
0.1300219978922001 	 1.0
0.1310219978922001 	 1.0
0.1320219978922001 	 1.0
0.1330219978922001 	 1.0
0.1340219978922001 	 1.0
0.1350219978922001 	 1.0
0.1360219978922001 	 1.0
0.1370219978922001 	 1.0
0.1380219978922001 	 1.0
0.1390219978922001 	 1.0
0.1400219978922001 	 0.9999869692353233
0.1410219978922001 	 0.9995741807576644
0.1420219978922001 	 0.9979852179314476
0.1430219978922001 	 0.9944877391079481
0.1440219978922001 	 0.9884352378766285
0.1450219978922001 	 0.9792909938081151
0.1460219978922001 	 0.9666534812563018
0.1470219978922001 	 0.9502783608008972
0.1480219978922001 	 0.9300924517315052
0.1490219978922001 	 0.9061961785842052
0.1500219978922001 	 0.8788528286103914
0.1510219978922001 	 0.848465201216288
0.1520219978922001 	 0.8155423531696777
0.1530219978922001 	 0.7806606356314566
0.1540219978922001 	 0.7444237677489332
0.15502199789220011 	 0.7074262758270966
0.15602199789220011 	 0.6702234908151637
0.15702199789220012 	 0.6333098262628702
0.15802199789220012 	 0.5971056351726595
0.15902199789220012 	 0.5619518353950667
0.16002199789220012 	 0.5281108152128965
0.16102199789220012 	 0.4957718678121638
0.16202199789220012 	 0.4650594596521595
0.16302199789220012 	 0.4360428907937369
0.16402199789220012 	 0.4087462438308394
0.16502199789220012 	 0.3831578609558833
0.16602199789220012 	 0.3592388877178622
0.16702199789220012 	 0.336930656421181
0.16802199789220013 	 0.31616084968719094
0.16902199789220013 	 0.29684849364845656
0.17002199789220013 	 0.27890789296274016
0.17102199789220013 	 0.2622516490555126
0.17202199789220013 	 0.246792909806917
0.17302199789220013 	 0.23244699198515834
0.17402199789220013 	 0.21913250340152562
0.17502199789220013 	 0.20677207429418257
0.17602199789220013 	 0.19529278953082482
0.17702199789220013 	 0.1846263964064706
0.17802199789220013 	 0.1747093478795619
0.17902199789220014 	 0.16548272831938496
0.18002199789220014 	 0.1568920982170495
0.18102199789220014 	 0.14888728566744983
0.18202199789220014 	 0.141422145514555
0.18302199789220014 	 0.13445430160138375
0.18402199789220014 	 0.1279448833239999
0.18502199789220014 	 0.12185826442633874
0.18602199789220014 	 0.11616180949182854
0.18702199789220014 	 0.11082563172291836
0.18802199789220014 	 0.10582236421503048
0.18902199789220014 	 0.10112694591769046
0.19002199789220015 	 0.09671642274562833
0.19102199789220015 	 0.0925697637880154
0.19202199789220015 	 0.08866769221127418
0.19302199789220015 	 0.08499253021880149
0.19402199789220015 	 0.08152805728771173
0.19502199789220015 	 0.07825938082418041
0.19602199789220015 	 0.0751728183467741
0.19702199789220015 	 0.07225579030753145
0.19802199789220015 	 0.06949672268317679
0.19902199789220015 	 0.06688495850609788
0.20002199789220015 	 0.06441067755098635
0.20102199789220015 	 0.06206482344428097
0.20202199789220016 	 0.05983903751685938
0.20302199789220016 	 0.05772559877377895
0.20402199789220016 	 0.05571736940687783
0.20502199789220016 	 0.05380774532581102
0.20602199789220016 	 0.05199061123005493
0.20702199789220016 	 0.05026029978826389
0.20802199789220016 	 0.04861155453196658
0.20902199789220016 	 0.047039496107963256
0.21002199789220016 	 0.045539591567991276
0.21102199789220016 	 0.044107626405423775
0.21202199789220016 	 0.04770407270936688
0.21302199789220017 	 0.048856906063556624
0.21402199789220017 	 0.04918832052398984
0.21502199789220017 	 0.049145442971554106
0.21602199789220017 	 0.04888342783732269
0.21702199789220017 	 0.04847905504167503
0.21802199789220017 	 0.04797714371018055
0.21902199789220017 	 0.047406516591658385
0.22002199789220017 	 0.04678691810808146
0.22102199789220017 	 0.04613248043252345
0.22202199789220017 	 0.04545364461552838
0.22302199789220017 	 0.044758308009662975
0.22402199789220018 	 0.04405255021542959
0.22502199789220018 	 0.04334111385332981
0.22602199789220018 	 0.042627735000870005
0.22702199789220018 	 0.0419153773697714
0.22802199789220018 	 0.041206402577037955
0.22902199789220018 	 0.040502696667840614
0.23002199789220018 	 0.03980576589167664
0.23102199789220018 	 0.039116810371771206
0.23202199789220018 	 0.03843678156087979
0.23302199789220018 	 0.03776642759627977
0.23402199789220018 	 0.03710632948307688
0.23502199789220019 	 0.036456930230025636
0.23602199789220019 	 0.03581855850348383
0.2370219978922002 	 0.03519144797037869
0.2380219978922002 	 0.034575753217454853
0.2390219978922002 	 0.033971562927245805
0.2400219978922002 	 0.03337891083829282
0.2410219978922002 	 0.032797784902663496
0.2420219978922002 	 0.03222813496713002
0.2430219978922002 	 0.031669879238029656
0.2440219978922002 	 0.031122909738557823
0.2450219978922002 	 0.030587096927268482
0.2460219978922002 	 0.030062293615120056
0.2470219978922002 	 0.029548338293496054
0.2480219978922002 	 0.02904505796574707
0.2490219978922002 	 0.028552270558826233
0.2500219978922002 	 0.028069786978673194
0.2510219978922002 	 0.027597412862497332
0.2520219978922002 	 0.027134950072520855
0.2530219978922002 	 0.02668219796868261
0.2540219978922002 	 0.02623895449197345
0.2550219978922002 	 0.025805017085237643
0.2560219978922002 	 0.02538018347424561
0.2570219978922002 	 0.02496425232847556
0.2580219978922002 	 0.024557023818211787
0.2590219978922002 	 0.024158300082187036
0.2600219978922002 	 0.023767885617981828
0.2610219978922002 	 0.023385587605688603
0.2620219978922002 	 0.02301121617389669
0.2630219978922002 	 0.022644584615818725
0.2640219978922002 	 0.022285509562321244
0.2650219978922002 	 0.021933811117717587
0.2660219978922002 	 0.0215893129634036
0.2670219978922002 	 0.021251842433747684
0.2680219978922002 	 0.02092123056807025
0.2690219978922002 	 0.020597312142048976
0.2700219978922002 	 0.020279925681456083
0.2710219978922002 	 0.019968913460759113
0.2720219978922002 	 0.019664121488793075
0.2730219978922002 	 0.019365399483429614
0.2740219978922002 	 0.019072600836923144
0.2750219978922002 	 0.018785582573400326
0.2760219978922002 	 0.01850420529977215
0.2770219978922002 	 0.018228333151184765
0.2780219978922002 	 0.01795783373198298
0.2790219978922002 	 0.017692578053035094
0.2800219978922002 	 0.017432440466158328
0.2810219978922002 	 0.01717729859628865
0.2820219978922002 	 0.016927033271954398
0.2830219978922002 	 0.016681528454539386
0.28402199789220023 	 0.016440671166756474
0.28502199789220023 	 0.016204351420695626
0.28602199789220023 	 0.015972462145760587
0.28702199789220023 	 0.0157448991167641
0.28802199789220023 	 0.015521560882413568
0.28902199789220023 	 0.015302348694384378
0.29002199789220023 	 0.01508716643714908
0.29102199789220023 	 0.014875920558704032
0.29202199789220024 	 0.01466852000231193
0.29302199789220024 	 0.01446487613935911
0.29402199789220024 	 0.01426490270340839
0.29502199789220024 	 0.01406851572551274
0.29602199789220024 	 0.013875633470841586
0.29702199789220024 	 0.01368617637665983
0.29802199789220024 	 0.01350006699168918
0.29902199789220024 	 0.013317229916872292
0.30002199789220024 	 0.013137591747552598
0.30102199789220024 	 0.012961081017075778
0.30202199789220024 	 0.012787628141812906
0.30302199789220025 	 0.01261716536760045
0.30402199789220025 	 0.012449626717587432
0.30502199789220025 	 0.012284947941477307
0.30602199789220025 	 0.012123066466147529
0.30702199789220025 	 0.011963921347628744
0.30802199789220025 	 0.011807453224421751
0.30902199789220025 	 0.011653604272129796
0.31002199789220025 	 0.011502318159381294
0.31102199789220025 	 0.011353540005017388
0.31202199789220025 	 0.011207216336517742
0.31302199789220025 	 0.011063295049636834
0.31402199789220026 	 0.010921725369223062
0.31502199789220026 	 0.010782457811192057
0.31602199789220026 	 0.01064544414562581
0.31702199789220026 	 0.010510637360968817
0.31802199789220026 	 0.010377991629292704
0.31902199789220026 	 0.010247462272600764
0.32002199789220026 	 0.01011900573014416
0.32102199789220026 	 0.009992579526721787
0.32202199789220026 	 0.009868142241936112
0.32302199789220026 	 0.009745653480377755
0.32402199789220026 	 0.009625073842711981
0.32502199789220027 	 0.009506364897640812
0.32602199789220027 	 0.009389489154714856
0.32702199789220027 	 0.009274410037969659
0.32802199789220027 	 0.009161091860361754
0.32902199789220027 	 0.009049499798980221
0.33002199789220027 	 0.008939599871010312
0.33102199789220027 	 0.008831358910425876
0.33202199789220027 	 0.00872474454538838
0.33302199789220027 	 0.008619725176330542
0.3340219978922003 	 0.008516269954703365
0.3350219978922003 	 0.008414348762365891
0.3360219978922003 	 0.008313932191597602
0.3370219978922003 	 0.008214991525713845
0.3380219978922003 	 0.008117498720265477
0.3390219978922003 	 0.008021426384804218
0.3400219978922003 	 0.0079267477651958
0.3410219978922003 	 0.007833436726463798
0.3420219978922003 	 0.007741467736147098
0.3430219978922003 	 0.007650815848154895
0.3440219978922003 	 0.0075614566871033805
0.3450219978922003 	 0.007473366433118843
0.3460219978922003 	 0.007386521807092364
0.3470219978922003 	 0.007300900056371755
0.3480219978922003 	 0.0072164789408769615
0.3490219978922003 	 0.007133236719625277
0.3500219978922003 	 0.007051152137653639
0.3510219978922003 	 0.006970204413325123
0.3520219978922003 	 0.006890373226007702
0.3530219978922003 	 0.00681163870411332
0.3540219978922003 	 0.006733981413485948
0.3550219978922003 	 0.006657382346127559
0.3560219978922003 	 0.006581822909251351
0.3570219978922003 	 0.006507284914651952
0.3580219978922003 	 0.006433750568382506
0.3590219978922003 	 0.006361202460729091
0.3600219978922003 	 0.006289623556473077
0.3610219978922003 	 0.006218997185432397
0.3620219978922003 	 0.006149307033273027
0.3630219978922003 	 0.006080537132582154
0.3640219978922003 	 0.006012671854194945
0.3650219978922003 	 0.005945695898766998
0.3660219978922003 	 0.0058795942885847925
0.3670219978922003 	 0.005814352359606773
0.3680219978922003 	 0.005749955753727996
0.3690219978922003 	 0.005686390411261278
0.3700219978922003 	 0.005623642563628356
0.3710219978922003 	 0.005561698726254384
0.3720219978922003 	 0.005500545691659741
0.3730219978922003 	 0.0054401705227429265
0.3740219978922003 	 0.00538056054624881
0.3750219978922003 	 0.00532170334641651
0.3760219978922003 	 0.005263586758801521
0.3770219978922003 	 0.005206198864266671
0.3780219978922003 	 0.005149527983136948
0.3790219978922003 	 0.005093562669513127
0.3800219978922003 	 0.0050382917057394585
0.3810219978922003 	 0.00498370409702078
0.3820219978922003 	 0.0049297890661845895
0.3830219978922003 	 0.004876536048583688
0.3840219978922003 	 0.004823934687135297
0.3850219978922003 	 0.00477197482749244
0.3860219978922003 	 0.004720646513343833
0.3870219978922003 	 0.004669939981838348
0.3880219978922003 	 0.004619845659130442
0.3890219978922003 	 0.004570354156042946
0.3900219978922003 	 0.00452145626384381
0.3910219978922003 	 0.004473142950133418
0.3920219978922003 	 0.004425405354839311
0.3930219978922003 	 0.0043782347863150686
0.3940219978922003 	 0.004331622717540519
0.3950219978922003 	 0.0042855607824200895
0.39602199789220033 	 0.0042400407721767085
0.39702199789220033 	 0.0041950546318383145
0.39802199789220033 	 0.004150594456814439
0.39902199789220033 	 0.004106652489560198
0.40002199789220033 	 0.004063221116325243
0.40102199789220033 	 0.004020292863985241
0.40202199789220033 	 0.00397786039695352
0.40302199789220033 	 0.003935916514170627
0.40402199789220034 	 0.003894454146169593
0.40502199789220034 	 0.0038534663522147563
0.40602199789220034 	 0.0038129463175121
0.40702199789220034 	 0.003772887350489101
0.40802199789220034 	 0.003733282880142112
0.40902199789220034 	 0.0036941264534494363
0.41002199789220034 	 0.003655411732848249
0.41102199789220034 	 0.003617132493773603
0.41202199789220034 	 0.0035792826222577952
0.41302199789220034 	 0.003541856112588451
0.41402199789220034 	 0.0035048470650236915
0.41502199789220034 	 0.00346824968356281
0.41602199789220035 	 0.003432058273771004
0.41702199789220035 	 0.0033962672406566098
0.41802199789220035 	 0.003360871086599465
0.41902199789220035 	 0.003325864122985193
0.42002199789220035 	 0.003291241846914224
0.42102199789220035 	 0.0032569983377726645
0.42202199789220035 	 0.00322312855966684
0.42302199789220035 	 0.003189627429124255
0.42402199789220035 	 0.0031564898398381974
0.42502199789220035 	 0.0031237107160366176
0.42602199789220035 	 0.0030912850157067216
0.42702199789220036 	 0.0030592077325851735
0.42802199789220036 	 0.003027473898272416
0.42902199789220036 	 0.002996078584125393
0.43002199789220036 	 0.0029650169030295604
0.43102199789220036 	 0.002934284011033539
0.43202199789220036 	 0.002903875108860107
0.43302199789220036 	 0.0028737854432988705
0.43402199789220036 	 0.002844010308487673
0.43502199789220036 	 0.002814545047089054
0.43602199789220036 	 0.0027853850513677846
0.43702199789220036 	 0.0027565257641753277
0.43802199789220037 	 0.002727962679846598
0.43902199789220037 	 0.002699691345014383
0.44002199789220037 	 0.002671707359346288
0.44102199789220037 	 0.002644006376208965
0.44202199789220037 	 0.0026165841032641073
0.44302199789220037 	 0.002589436303000461
0.44402199789220037 	 0.0025625587932058794
0.44502199789220037 	 0.00253594744738322
0.4460219978922004 	 0.0025095981951137386
0.4470219978922004 	 0.0024835070223713654
0.4480219978922004 	 0.0024576699717911016
0.4490219978922004 	 0.002432083142894617
0.4500219978922004 	 0.002406742692275866
0.4510219978922004 	 0.0023816448337494974
0.4520219978922004 	 0.002356785838464574
0.4530219978922004 	 0.0023321620349859968
0.4540219978922004 	 0.0023077698093459257
0.4550219978922004 	 0.0022836056050672482
0.4560219978922004 	 0.002259665923161137
0.4570219978922004 	 0.002235947322100486
0.4580219978922004 	 0.002212446417770987
0.4590219978922004 	 0.0021891598834014236
0.4600219978922004 	 0.0021660844494746853
0.4610219978922004 	 0.0021432169036208807
0.4620219978922004 	 0.002120554090493806
0.4630219978922004 	 0.002098092911631952
0.4640219978922004 	 0.0020758303253051173
0.4650219978922004 	 0.0020537633463476278
0.4660219978922004 	 0.0020318890459790177
0.4670219978922004 	 0.0020102045516130103
0.4680219978922004 	 0.0019887070466555077
0.4690219978922004 	 0.0019673937702922363
0.4700219978922004 	 0.0019462620172666094
0.4710219978922004 	 0.0019253091376483396
0.4720219978922004 	 0.0019045325365931584
0.4730219978922004 	 0.0018839296740941018
0.4740219978922004 	 0.00186349806472457
0.4750219978922004 	 0.001843235277373451
0.4760219978922004 	 0.0018231389349724959
0.4770219978922004 	 0.001803206714216034
0.4780219978922004 	 0.0017834363452731389
0.4790219978922004 	 0.0017638256114922667
0.4800219978922004 	 0.0017443723490982907
0.4810219978922004 	 0.0017250744468820783
0.4820219978922004 	 0.0017059298458818335
0.4830219978922004 	 0.0016869365390582902
0.4840219978922004 	 0.0016680925709557396
0.4850219978922004 	 0.001649396037376987
0.4860219978922004 	 0.0016308450849688817
0.4870219978922004 	 0.0016124379097092983
0.4880219978922004 	 0.0015941727615143698
0.4890219978922004 	 0.0015760479362711248
0.4900219978922004 	 0.0015580617805842796
0.4910219978922004 	 0.001540212690017708
0.4920219978922004 	 0.0015224991087385638
0.4930219978922004 	 0.0015049195290839554
0.4940219978922004 	 0.0014874724911337353
0.4950219978922004 	 0.0014701565822670243
0.4960219978922004 	 0.0014529704367077813
0.4970219978922004 	 0.001435912735057502
0.4980219978922004 	 0.0014189822038150252
0.4990219978922004 	 0.0014021776148828856
0.5000219978922004 	 0.001385497785059872
0.5010219978922004 	 0.0013689415755193239
0.5020219978922004 	 0.0013525078912728047
0.5030219978922004 	 0.0013361956806187357
0.5040219978922004 	 0.0013200039345756228
0.5050219978922004 	 0.0013039316862995406
0.5060219978922004 	 0.0012879780104854835
0.5070219978922004 	 0.0012721420227523347
0.5080219978922004 	 0.0012564228790111127
0.5090219978922004 	 0.0012408197748162496
0.5100219978922004 	 0.001225331944699674
0.5110219978922004 	 0.0012099586614874908
0.5120219978922004 	 0.0011946992355990802
0.5130219978922004 	 0.0011795530143285172
0.5140219978922004 	 0.0011645193811081747
0.5150219978922004 	 0.0011495977547545068
0.5160219978922004 	 0.0011347875886959643
0.5170219978922004 	 0.0011200883701830975
0.5180219978922004 	 0.0011054996194809323
0.5190219978922004 	 0.0010910208890437317
0.5200219978922004 	 0.0010766517626723284
0.5210219978922004 	 0.0010623918546543087
0.5220219978922004 	 0.0010482408088870764
0.5230219978922004 	 0.0010341982979850438
0.5240219978922004 	 0.0010202640223680906
0.5250219978922004 	 0.0010064377093433993
0.5260219978922004 	 0.000992719112138872
0.5270219978922004 	 0.0009791080084762065
0.5280219978922004 	 0.0009656042016509684
0.5290219978922004 	 0.0009522075163951606
0.5300219978922004 	 0.0009389177997364679
0.5310219978922004 	 0.0009257349206467516
0.5320219978922004 	 0.0009126587671624586
0.5330219978922004 	 0.0008996892466327879
0.5340219978922004 	 0.0008868262843406581
0.5350219978922004 	 0.0008740698224684806
0.5360219978922004 	 0.0008614198190405245
0.5370219978922004 	 0.0008488762468630985
0.5380219978922004 	 0.000836439092458394
0.5390219978922004 	 0.0008241083549944991
0.5400219978922004 	 0.0008118840452124058
0.5410219978922004 	 0.0007997661843513529
0.5420219978922004 	 0.0007877548030735558
0.5430219978922004 	 0.0007758499403902361
0.5440219978922004 	 0.0007640516425880104
0.5450219978922004 	 0.0007523599621650128
0.5460219978922004 	 0.0007407749567490164
0.5470219978922004 	 0.0007292966877241008
0.5480219978922004 	 0.0007179252205412604
0.5490219978922004 	 0.0007066606155575177
0.5500219978922004 	 0.0006955029206323686
0.5510219978922004 	 0.0006844521838650836
0.5520219978922004 	 0.0006735084548801825
0.5530219978922004 	 0.0006626717836606708
0.5540219978922004 	 0.0006519422194087405
0.5550219978922004 	 0.0006413198094290493
0.5560219978922004 	 0.000630804598037297
0.5570219978922004 	 0.0006203966254948194
0.5580219978922004 	 0.000610095926970403
0.5590219978922004 	 0.0005999025315303758
0.5600219978922004 	 0.0005898164611580139
0.5610219978922004 	 0.0005798377298032982
0.5620219978922004 	 0.0005699663424638976
0.5630219978922004 	 0.0005602022942985948
0.5640219978922004 	 0.0005505455697729996
0.5650219978922004 	 0.0005409961418420368
0.5660219978922004 	 0.0005315539711568229
0.5670219978922004 	 0.0005222190051740155
0.5680219978922004 	 0.000512991178058498
0.5690219978922004 	 0.0005038704090562787
0.5700219978922004 	 0.0004948566025037475
0.5710219978922004 	 0.0004859496470519618
0.5720219978922004 	 0.0004771494151088113
0.5730219978922004 	 0.00046845576231124093
0.5740219978922004 	 0.00045986852703810846
0.5750219978922004 	 0.0004513875299611707
0.5760219978922004 	 0.00044301257363497915
0.5770219978922004 	 0.00043474344212553315
0.5780219978922004 	 0.0004265799006776712
0.5790219978922004 	 0.000418521695421052
0.5800219978922004 	 0.0004105685531146124
0.5810219978922004 	 0.00040272018092888794
0.5820219978922004 	 0.00039497626626709367
0.5830219978922004 	 0.00038733647662011225
0.5840219978922004 	 0.00037980045941417615
0.5850219978922004 	 0.00037236784214762135
0.5860219978922004 	 0.0003650382320396429
0.5870219978922004 	 0.0003578112162495962
0.5880219978922004 	 0.0003506863618557664
0.5890219978922004 	 0.0003436632159239705
0.5900219978922004 	 0.00033674130555285265
0.5910219978922004 	 0.0003299201382566337
0.5920219978922004 	 0.0003231992017460583
0.5930219978922004 	 0.0003165779643817952
0.5940219978922004 	 0.00031005587534911876
0.5950219978922004 	 0.0003036323648797142
0.5960219978922005 	 0.00029730684455205427
0.5970219978922005 	 0.00029107870758983645
0.5980219978922005 	 0.0002849473291909392
0.5990219978922005 	 0.0002789120668794762
0.6000219978922005 	 0.0002729722608800567
0.6010219978922005 	 0.00026712723451296236
0.6020219978922005 	 0.00026137629460904925
0.6030219978922005 	 0.00025571873194314265
0.6040219978922005 	 0.000250153821684683
0.6050219978922005 	 0.0002446808238644331
0.6060219978922005 	 0.00023929898385584316
0.6070219978922005 	 0.00023400753287046154
0.6080219978922005 	 0.00022880568846394878
0.6090219978922005 	 0.00022369265503135029
0.6100219978922005 	 0.00021866762443758587
0.6110219978922005 	 0.00021372977639670703
0.6120219978922005 	 0.0002088782791248919
0.6130219978922005 	 0.00020411228986257158
0.6140219978922005 	 0.00019943095543216934
0.6150219978922005 	 0.00019483341279777545
0.6160219978922005 	 0.00019031878961675312
0.6170219978922005 	 0.0001858862048596547
0.6180219978922005 	 0.00018153476929335549
0.6190219978922005 	 0.00017726358610570324
0.6200219978922005 	 0.0001730717514562482
0.6210219978922005 	 0.00016895835504121968
0.6220219978922005 	 0.00016492248065513035
0.6230219978922005 	 0.0001609632067490613
0.6240219978922005 	 0.0001570796069845921
0.6250219978922005 	 0.00015327075078265946
0.6260219978922005 	 0.0001495357038666012
0.6270219978922005 	 0.0001458735287986916
0.6280219978922005 	 0.0001422832855095142
0.6290219978922005 	 0.00013876403181954707
0.6300219978922005 	 0.0001353148239523993
0.6310219978922005 	 0.00013193471703910412
0.6320219978922005 	 0.00012862276561313648
0.6330219978922005 	 0.00012537802409509933
0.6340219978922005 	 0.0001221995472618743
0.6350219978922005 	 0.00011908639073539293
0.6360219978922005 	 0.00011603761139244823
0.6370219978922005 	 0.00011305226785248161
0.6380219978922005 	 0.00011012942087010579
0.6390219978922005 	 0.00010726813377424936
0.6400219978922005 	 0.0001044674728684255
0.6410219978922005 	 0.00010172650782455358
0.6420219978922005 	 9.904431206402727e-05
0.6430219978922005 	 9.641996312624557e-05
0.6440219978922005 	 9.385254302441944e-05
0.6450219978922005 	 9.134113858860613e-05
0.6460219978922005 	 8.88848417959161e-05
0.6470219978922005 	 8.6482750087884e-05
0.6480219978922005 	 8.413396667498099e-05
0.6490219978922005 	 8.183760082837124e-05
0.6500219978922005 	 7.959276815872171e-05
0.6510219978922005 	 7.739859088014465e-05
0.6520219978922005 	 7.525419807408176e-05
0.6530219978922005 	 7.315872591458919e-05
0.6540219978922005 	 7.111131790803557e-05
0.6550219978922005 	 6.911112510673482e-05
0.6560219978922005 	 6.715730631353837e-05
0.6570219978922005 	 6.524902827439278e-05
0.6580219978922005 	 6.338546585921164e-05
0.6590219978922005 	 6.156580223121597e-05
0.6600219978922005 	 5.978922900496013e-05
0.6610219978922005 	 5.805494639325631e-05
0.6620219978922005 	 5.636216334322292e-05
0.6630219978922005 	 5.471009766169341e-05
0.6640219978922005 	 5.3097976130213e-05
0.6650219978922005 	 5.1525034609767e-05
0.6660219978922005 	 4.9990518136266545e-05
0.6670219978922005 	 4.849368100501229e-05
0.6680219978922005 	 4.7033786847158144e-05
0.6690219978922005 	 4.5610108695787795e-05
0.6700219978922005 	 4.422192904632992e-05
0.6710219978922005 	 4.2868539902053156e-05
0.6720219978922005 	 4.154924281775332e-05
0.6730219978922005 	 4.026334893201803e-05
0.6740219978922005 	 3.901017899246096e-05
0.6750219978922005 	 3.778906337338585e-05
0.6760219978922005 	 3.6599342085863224e-05
0.6770219978922005 	 3.544036478287467e-05
0.6780219978922005 	 3.431149075348835e-05
0.6790219978922005 	 3.32120889149663e-05
0.6800219978922005 	 3.214153779641976e-05
0.6810219978922005 	 3.109922551703132e-05
0.6820219978922005 	 3.0084549758579455e-05
0.6830219978922005 	 2.9096917732542403e-05
0.6840219978922005 	 2.8135746142019224e-05
0.6850219978922005 	 2.7200461138717198e-05
0.6860219978922005 	 2.6290498275223105e-05
0.6870219978922005 	 2.5405302452626693e-05
0.6880219978922005 	 2.4544327864946463e-05
0.6890219978922005 	 2.3707037937365335e-05
0.6900219978922005 	 2.289290526289213e-05
0.6910219978922005 	 2.2101411534046604e-05
0.6920219978922005 	 2.1332047472749058e-05
0.6930219978922005 	 2.0584312754256746e-05
0.6940219978922005 	 1.9857715930971475e-05
0.6950219978922005 	 1.915177435198849e-05
0.6960219978922005 	 1.846601408036854e-05
0.6970219978922005 	 1.779996980797814e-05
0.6980219978922005 	 1.7153184768089734e-05
0.6990219978922005 	 1.652521064590848e-05
0.7000219978922005 	 1.5915607487190183e-05
0.7010219978922005 	 1.532394360510939e-05
0.7020219978922005 	 1.4749795485532056e-05
0.7030219978922005 	 1.4192747690839713e-05
0.7040219978922005 	 1.3652392762449597e-05
0.7050219978922005 	 1.3128331122167297e-05
0.7060219978922005 	 1.2620170972505265e-05
0.7070219978922005 	 1.2127528196094204e-05
0.7080219978922005 	 1.1650026254310297e-05
0.7090219978922006 	 1.1187296085235204e-05
0.7100219978922006 	 1.0738976001062194e-05
0.7110219978922006 	 1.0304711585055923e-05
0.7120219978922006 	 9.884155588169155e-06
0.7130219978922006 	 9.4769678254154e-06
0.7140219978922006 	 9.082815072091687e-06
0.7150219978922006 	 8.701370959941383e-06
0.7160219978922006 	 8.332315873339047e-06
0.7170219978922006 	 7.975336845585497e-06
0.7180219978922006 	 7.630127455426975e-06
0.7190219978922006 	 7.296387723716698e-06
0.7200219978922006 	 6.973824010541213e-06
0.7210219978922006 	 6.662148912664692e-06
0.7220219978922006 	 6.361081161447662e-06
0.7230219978922006 	 6.070345521280303e-06
0.7240219978922006 	 5.7896726885876705e-06
0.7250219978922006 	 5.5187991914581615e-06
0.7260219978922006 	 5.257467289945148e-06
0.7270219978922006 	 5.005424877087239e-06
0.7280219978922006 	 4.762425380690956e-06
0.7290219978922006 	 4.528227665915599e-06
0.7300219978922006 	 4.302595938698353e-06
0.7310219978922006 	 4.085299650053905e-06
0.7320219978922006 	 3.8761134012777225e-06
0.7330219978922006 	 3.6748168501080406e-06
0.7340219978922006 	 3.481194617807485e-06
0.7350219978922006 	 3.295036197281552e-06
0.7360219978922006 	 3.1161358621847103e-06
0.7370219978922006 	 2.9442925770708505e-06
0.7380219978922006 	 2.7793099085883793e-06
0.7390219978922006 	 2.620995937753742e-06
0.7400219978922006 	 2.4691631733067497e-06
0.7410219978922006 	 2.3236284661660614e-06
0.7420219978922006 	 2.1842129249958232e-06
0.7430219978922006 	 2.050741832893917e-06
0.7440219978922006 	 1.923044565210451e-06
0.7450219978922006 	 1.800954508504101e-06
0.7460219978922006 	 1.684308980642101e-06
0.7470219978922006 	 1.5729491520487914e-06
0.7480219978922006 	 1.4667199681061867e-06
0.7490219978922006 	 1.3654700727088668e-06
0.7500219978922006 	 1.2690517329747377e-06
0.7510219978922006 	 1.1773207651117075e-06
0.7520219978922006 	 1.0901364614399925e-06
0.7530219978922006 	 1.007361518568392e-06
0.7540219978922006 	 9.28861966722641e-07
0.7550219978922006 	 8.545071002227299e-07
0.7560219978922006 	 7.841694091069855e-07
0.7570219978922006 	 7.177245118969043e-07
0.7580219978922006 	 6.55051089502148e-07
0.7590219978922006 	 5.960308202595006e-07
0.7600219978922006 	 5.40548316103473e-07
0.7610219978922006 	 4.884910598658371e-07
0.7620219978922006 	 4.3974934370289214e-07
0.7630219978922006 	 3.9421620865153573e-07
0.7640219978922006 	 3.517873853185322e-07
0.7650219978922006 	 3.123612357127104e-07
0.7660219978922006 	 2.758386962363195e-07
0.7670219978922006 	 2.4212322186452983e-07
0.7680219978922006 	 2.11120731555986e-07
0.7690219978922006 	 1.827395549615423e-07
0.7700219978922006 	 1.568903805283329e-07
0.7710219978922006 	 1.3348620514036626e-07
0.7720219978922006 	 1.124422854743651e-07
0.7730219978922006 	 9.367609130048847e-08
0.7740219978922006 	 7.710726083756737e-08
0.7750219978922006 	 6.26575580677179e-08
0.7760219978922006 	 5.0250830298400016e-08
0.7770219978922006 	 3.981296167060687e-08
0.7780219978922006 	 3.1271806510841754e-08
0.7790219978922006 	 2.455706933284743e-08
0.7800219978922006 	 1.960004131754542e-08
0.7810219978922006 	 1.6333110450324848e-08
0.7820219978922006 	 1.4689254163320775e-08
0.7830219978922006 	 1.4603412082676521e-08
0.7840219978922006 	 1.6014470866366327e-08
0.7850219978922006 	 1.88645867541507e-08
0.7860219978922006 	 2.3097616273143733e-08
0.7870219978922006 	 2.865814326570383e-08
0.7880219978922006 	 3.549138898753164e-08
0.7890219978922006 	 4.3543686332512725e-08
0.7900219978922006 	 5.276276575946333e-08
0.7910219978922006 	 6.309784354864107e-08
0.7920219978922006 	 7.449960986129464e-08
0.7930219978922006 	 8.69201878096797e-08
0.7940219978922006 	 1.0031308724414804e-07
0.7950219978922006 	 1.1463316136958196e-07
0.7960219978922006 	 1.298365670749798e-07
0.7970219978922006 	 1.4588072858038102e-07
0.7980219978922006 	 1.6272430362236382e-07
0.7990219978922006 	 1.803271515811876e-07
0.8000219978922006 	 1.9865030310701373e-07
0.8010219978922006 	 2.1765593094850512e-07
0.8020219978922006 	 2.3730732178251513e-07
0.8030219978922006 	 2.5756884890944826e-07
0.8040219978922006 	 2.7840594572108754e-07
0.8050219978922006 	 2.9978507987552783e-07
0.8060219978922006 	 3.21673728131859e-07
0.8070219978922006 	 3.440403518091061e-07
0.8080219978922006 	 3.668543728420345e-07
0.8090219978922006 	 3.900861504115855e-07
0.8100219978922006 	 4.1370695813153876e-07
0.8110219978922006 	 4.376889617754577e-07
0.8120219978922006 	 4.6200519752984324e-07
0.8130219978922006 	 4.86629550760741e-07
0.8140219978922006 	 5.115367352819673e-07
0.8150219978922006 	 5.367022731139253e-07
0.8160219978922006 	 5.621024747225327e-07
0.8170219978922006 	 5.877144197282192e-07
0.8180219978922006 	 6.135159380753816e-07
0.8190219978922006 	 6.394855916529613e-07
0.8200219978922006 	 6.656026563571035e-07
0.8210219978922007 	 6.918471045871157e-07
0.8220219978922007 	 7.181995881661529e-07
0.8230219978922007 	 7.446414216782497e-07
0.8240219978922007 	 7.711545662135275e-07
0.8250219978922007 	 7.977216135136016e-07
0.8260219978922007 	 8.243257705093334e-07
0.8270219978922007 	 8.509508442432853e-07
0.8280219978922007 	 8.775812271693677e-07
0.8290219978922007 	 9.042018828223236e-07
0.8300219978922007 	 9.307983318498426e-07
0.8310219978922007 	 9.573566384002476e-07
0.8320219978922007 	 9.838633968588129e-07
0.8330219978922007 	 1.010305718925921e-06
0.8340219978922007 	 1.0366712210303997e-06
0.8350219978922007 	 1.0629480120714541e-06
0.8360219978922007 	 1.0891246814828362e-06
0.8370219978922007 	 1.1151902876128541e-06
0.8380219978922007 	 1.1411343464140865e-06
0.8390219978922007 	 1.1669468204366419e-06
0.8400219978922007 	 1.1926181081190065e-06
0.8410219978922007 	 1.2181390333705459e-06
0.8420219978922007 	 1.2435008354398324e-06
0.8430219978922007 	 1.2686951590630685e-06
0.8440219978922007 	 1.2937140448869453e-06
0.8450219978922007 	 1.3185499201603124e-06
0.8460219978922007 	 1.3431955896891584e-06
0.8470219978922007 	 1.3676442270494033e-06
0.8480219978922007 	 1.3918893660520287e-06
0.8490219978922007 	 1.4159248924554652e-06
0.8500219978922007 	 1.4397450359191552e-06
0.8510219978922007 	 1.4633443621939267e-06
0.8520219978922007 	 1.4867177655431892e-06
0.8530219978922007 	 1.5098604613899204e-06
0.8540219978922007 	 1.5327679791841767e-06
0.8550219978922007 	 1.5554361554857975e-06
0.8560219978922007 	 1.5778611272570903e-06
0.8570219978922007 	 1.6000393253601798e-06
0.8580219978922007 	 1.6219674682537474e-06
0.8590219978922007 	 1.64364255588381e-06
0.8600219978922007 	 1.6650618637632527e-06
0.8610219978922007 	 1.6862229372347231e-06
0.8620219978922007 	 1.7071235859114676e-06
0.8630219978922007 	 1.7277618782907496e-06
0.8640219978922007 	 1.7481361365343224e-06
0.8650219978922007 	 1.7682449314105345e-06
0.8660219978922007 	 1.7880870773925184e-06
0.8670219978922007 	 1.8076616279069572e-06
0.8680219978922007 	 1.8269678707278615e-06
0.8690219978922007 	 1.8460053235098293e-06
0.8700219978922007 	 1.8647737294552338e-06
0.8710219978922007 	 1.8832730531096861e-06
0.8720219978922007 	 1.901503476281095e-06
0.8730219978922007 	 1.919465394074808e-06
0.8740219978922007 	 1.9371594110423153e-06
0.8750219978922007 	 1.9545863374360426e-06
0.8760219978922007 	 1.971747185566099e-06
0.8770219978922007 	 1.9886431662537414e-06
0.8780219978922007 	 2.0052756853768287e-06
0.8790219978922007 	 2.0216463405027575e-06
0.8800219978922007 	 2.0377569176045152e-06
0.8810219978922007 	 2.053609387855996e-06
0.8820219978922007 	 2.069205904502864e-06
0.8830219978922007 	 2.0845487998059025e-06
0.8840219978922007 	 2.0996405820539973e-06
0.8850219978922007 	 2.1144839326445984e-06
0.8860219978922007 	 2.129081703230012e-06
0.8870219978922007 	 2.14343691292845e-06
0.8880219978922007 	 2.157552745599542e-06
0.8890219978922007 	 2.171432547184664e-06
0.8900219978922007 	 2.185079823113268e-06
0.8910219978922007 	 2.1984982357772983e-06
0.8920219978922007 	 2.211691602076574e-06
0.8930219978922007 	 2.2246638910391563e-06
0.8940219978922007 	 2.237419221521503e-06
0.8950219978922007 	 2.2499618599949726e-06
0.8960219978922007 	 2.262296218423224e-06
0.8970219978922007 	 2.2744268522451764e-06
0.8980219978922007 	 2.28635845846452e-06
0.8990219978922007 	 2.298095873862985e-06
0.9000219978922007 	 2.3096440733469896e-06
0.9010219978922007 	 2.3210081684412926e-06
0.9020219978922007 	 2.332193405944304e-06
0.9030219978922007 	 2.343205166758118e-06
0.9040219978922007 	 2.354048964935269e-06
0.9050219978922007 	 2.3647304468961068e-06
0.9060219978922007 	 2.375255390927951e-06
0.9070219978922007 	 2.385629706917177e-06
0.9080219978922007 	 2.395859436370082e-06
0.9090219978922007 	 2.4059507527389698e-06
0.9100219978922007 	 2.4159099620842298e-06
0.9110219978922007 	 2.4257435040988807e-06
0.9120219978922007 	 2.435457953529468e-06
0.9130219978922007 	 2.4450600220224016e-06
0.9140219978922007 	 2.454556560434695e-06
0.9150219978922007 	 2.46395456164456e-06
0.9160219978922007 	 2.473261163902358e-06
0.9170219978922007 	 2.482483654763251e-06
0.9180219978922007 	 2.491629475649412e-06
0.9190219978922007 	 2.500706227087696e-06
0.9200219978922007 	 2.5097216746767263e-06
0.9210219978922007 	 2.5186837558383836e-06
0.9220219978922007 	 2.5276005874139953e-06
0.9230219978922007 	 2.536480474170775e-06
0.9240219978922007 	 2.545331918286826e-06
0.9250219978922007 	 2.554163629893021e-06
0.9260219978922007 	 2.5629845387527703e-06
0.9270219978922007 	 2.571803807169734e-06
0.9280219978922007 	 2.580630844221814e-06
0.9290219978922007 	 2.5894753214307553e-06
0.9300219978922007 	 2.5983471899786417e-06
0.9310219978922007 	 2.6072566996137984e-06
0.9320219978922007 	 2.6162144193709872e-06
0.9330219978922007 	 2.6252312602808323e-06
0.9340219978922008 	 2.63431850023212e-06
0.9350219978922008 	 2.6434878111845678e-06
0.9360219978922008 	 2.652751288945719e-06
0.9370219978922008 	 2.66212148575322e-06
0.9380219978922008 	 2.671611445924654e-06
0.9390219978922008 	 2.681234744878384e-06
0.9400219978922008 	 2.6910055318545673e-06
0.9410219978922008 	 2.7009385767114315e-06
0.9420219978922008 	 2.7110493212157855e-06
0.9430219978922008 	 2.7213539352989224e-06
0.9440219978922008 	 2.7318693788113387e-06
0.9450219978922008 	 2.7426134693712353e-06
0.9460219978922008 	 2.7536049569875667e-06
0.9470219978922008 	 2.7648636062367414e-06
0.9480219978922008 	 2.7764102869121304e-06
0.9490219978922008 	 2.7882670733470865e-06
0.9500219978922008 	 2.800457357088044e-06
0.9510219978922008 	 2.8130059655039274e-06
0.9520219978922008 	 2.8259393011202444e-06
0.9530219978922008 	 2.839285490150198e-06
0.9540219978922008 	 2.8530745506182096e-06
0.9550219978922008 	 2.86733857905653e-06
0.9560219978922008 	 2.8821119586854376e-06
0.9570219978922008 	 2.8974315929558964e-06
0.9580219978922008 	 2.9133371666337196e-06
0.9590219978922008 	 2.9298714394629865e-06
0.9600219978922008 	 2.9470805764229794e-06
0.9610219978922008 	 2.965014521090466e-06
0.9620219978922008 	 2.9837274169360047e-06
0.9630219978922008 	 3.0032780858136147e-06
0.9640219978922008 	 3.0237305715980624e-06
0.9650219978922008 	 3.0451547599597163e-06
0.9660219978922008 	 3.0676270868593787e-06
0.9670219978922008 	 3.0912313508640305e-06
0.9680219978922008 	 3.1160596473655552e-06
0.9690219978922008 	 3.142213446445812e-06
0.9700219978922008 	 3.169804840672978e-06
0.9710219978922008 	 3.198957994691676e-06
0.9720219978922008 	 3.2298108354608e-06
0.9730219978922008 	 3.2625170306876542e-06
0.9740219978922008 	 3.2972483139962494e-06
0.9750219978922008 	 3.334197229263093e-06
0.9760219978922008 	 3.373580384128011e-06
0.9770219978922008 	 3.4156423242594925e-06
0.9780219978922008 	 3.460660179261884e-06
0.9790219978922008 	 3.5089492251607077e-06
0.9800219978922008 	 3.5608696693438776e-06
0.9810219978922008 	 3.6168348449461854e-06
0.9820219978922008 	 3.677321290633048e-06
0.9830219978922008 	 3.742881158438917e-06
0.9840219978922008 	 3.814157619443644e-06
0.9850219978922008 	 3.891904129698254e-06
0.9860219978922008 	 3.977008715205935e-06
0.9870219978922008 	 4.07052484246534e-06
0.9880219978922008 	 4.161194639479365e-06
0.9890219978922008 	 4.233771481524811e-06
0.9900219978922008 	 4.2944875265365725e-06
0.9910219978922008 	 4.342970169693947e-06
0.9920219978922008 	 4.377361461256254e-06
0.9930219978922008 	 4.394953396066666e-06
0.9940219978922008 	 4.392394050346303e-06
0.9950219978922008 	 4.365841534496547e-06
0.9960219978922008 	 4.280104478680613e-06
0.9970219978922008 	 4.1178320045892624e-06
0.9980219978922008 	 3.896343028555157e-06
0.9990219978922008 	 3.6252772563020243e-06
1.0000219978922007 	 3.3157255225691616e-06
1.0010219978922006 	 2.980478463769345e-06
1.0020219978922005 	 2.633093566537649e-06
1.0030219978922004 	 2.286636555983094e-06
1.0040219978922003 	 1.952530041563523e-06
1.0050219978922001 	 1.6397693612848454e-06
1.0060219978922 	 1.3545988079627581e-06
1.0070219978922 	 1.1006011574222664e-06
1.0080219978921998 	 8.790723744577793e-07
1.0090219978921997 	 6.895355318699402e-07
1.0100219978921996 	 5.302735444194755e-07
1.0110219978921995 	 3.988033693546805e-07
1.0120219978921994 	 2.922552912241796e-07
1.0130219978921993 	 2.0765083917693127e-07
1.0140219978921992 	 1.4208982638568663e-07
1.015021997892199 	 9.286482262824364e-08
1.016021997892199 	 5.7521350455960405e-08
1.0170219978921988 	 3.3881456239585e-08
1.0180219978921987 	 2.004164622798308e-08
1.0190219978921986 	 1.4355944201575028e-08
1.0200219978921985 	 1.5399226127292787e-08
1.0210219978921984 	 2.1988604792479895e-08
1.0220219978921983 	 3.3113932283115296e-08
1.0230219978921982 	 4.792620604130555e-08
1.024021997892198 	 6.570473937820638e-08
1.025021997892198 	 8.584848046776887e-08
1.0260219978921978 	 1.0785353087018497e-07
1.0270219978921977 	 1.3129991688279444e-07
1.0280219978921976 	 1.5583717650803397e-07
1.0290219978921975 	 1.811736557355579e-07
1.0300219978921974 	 2.0706684891412247e-07
1.0310219978921973 	 2.333155314533232e-07
1.0320219978921972 	 2.5975305457059294e-07
1.033021997892197 	 2.8624175858950695e-07
1.034021997892197 	 3.126682782969941e-07
1.0350219978921968 	 3.3893961471376e-07
1.0360219978921967 	 3.64979842950182e-07
1.0370219978921966 	 3.907273542304541e-07
1.0380219978921965 	 4.1613254380387886e-07
1.0390219978921964 	 4.411558716874367e-07
1.0400219978921963 	 4.65766234923699e-07
1.0410219978921962 	 4.899396002856105e-07
1.042021997892196 	 5.136578548305629e-07
1.043021997892196 	 5.369078388154487e-07
1.0440219978921959 	 5.596805313970561e-07
1.0450219978921957 	 5.819703644640418e-07
1.0460219978921956 	 6.037746440071948e-07
1.0470219978921955 	 6.250930620043891e-07
1.0480219978921954 	 6.459272841782315e-07
1.0490219978921953 	 6.662806019698344e-07
1.0500219978921952 	 6.861576384952942e-07
1.051021997892195 	 7.055641000993363e-07
1.052021997892195 	 7.245065663911747e-07
1.0530219978921949 	 7.42992313066343e-07
1.0540219978921948 	 7.610291620637806e-07
1.0550219978921946 	 7.786253553345351e-07
1.0560219978921945 	 7.957894483593662e-07
1.0570219978921944 	 8.125302205309001e-07
1.0580219978921943 	 8.288565998422054e-07
1.0590219978921942 	 8.447775997377899e-07
1.060021997892194 	 8.60302266305324e-07
1.061021997892194 	 8.754396342649376e-07
1.0620219978921939 	 8.901985950898355e-07
1.0630219978921938 	 9.045868666697115e-07
1.0640219978921936 	 9.186132463934279e-07
1.0650219978921935 	 9.322864443416798e-07
1.0660219978921934 	 9.456149641710701e-07
1.0670219978921933 	 9.586071401685575e-07
1.0680219978921932 	 9.712711383108552e-07
1.069021997892193 	 9.83614952101316e-07
1.070021997892193 	 9.95646399706218e-07
1.0710219978921929 	 1.0073731198954348e-06
1.0720219978921928 	 1.0188025712248377e-06
1.0730219978921927 	 1.0299420305501694e-06
1.0740219978921925 	 1.0407985931882384e-06
1.0750219978921924 	 1.0513791737086087e-06
1.0760219978921923 	 1.0616905072963568e-06
1.0770219978921922 	 1.0717391521043083e-06
1.078021997892192 	 1.0815314911858622e-06
1.079021997892192 	 1.0910737356752442e-06
1.0800219978921919 	 1.1003719277359416e-06
1.0810219978921918 	 1.1094319443080536e-06
1.0820219978921917 	 1.1182595000829101e-06
1.0830219978921916 	 1.1268601514740836e-06
1.0840219978921914 	 1.1352393007090386e-06
1.0850219978921913 	 1.1434021988500023e-06
1.0860219978921912 	 1.1513539508460867e-06
1.0870219978921911 	 1.1590995184493757e-06
1.088021997892191 	 1.166643724221221e-06
1.089021997892191 	 1.17399125582105e-06
1.0900219978921908 	 1.181146669853562e-06
1.0910219978921907 	 1.188114395176135e-06
1.0920219978921906 	 1.1948987367187187e-06
1.0930219978921905 	 1.2015038790203822e-06
1.0940219978921903 	 1.2079338911024604e-06
1.0950219978921902 	 1.2141927277069283e-06
1.0960219978921901 	 1.2202842343614687e-06
1.09702199789219 	 1.2262121505743682e-06
1.09802199789219 	 1.231980112249938e-06
1.0990219978921898 	 1.2375916558007669e-06
1.1000219978921897 	 1.2430502184716428e-06
1.1010219978921896 	 1.248359155535963e-06
1.1020219978921895 	 1.2535222732227296e-06
1.1030219978921894 	 1.2585425269770807e-06
1.1040219978921892 	 1.263422643764153e-06
1.1050219978921891 	 1.2681653709845974e-06
1.106021997892189 	 1.2727734761477325e-06
1.107021997892189 	 1.2772497483102109e-06
1.1080219978921888 	 1.2815969971725698e-06
1.1090219978921887 	 1.2858180534844454e-06
1.1100219978921886 	 1.2899157692188823e-06
1.1110219978921885 	 1.2938930162472812e-06
1.1120219978921884 	 1.2977525476895107e-06
1.1130219978921883 	 1.3014966075756398e-06
1.1140219978921881 	 1.305127321041416e-06
1.115021997892188 	 1.308646814041095e-06
1.116021997892188 	 1.312057215637558e-06
1.1170219978921878 	 1.3153606557025285e-06
1.1180219978921877 	 1.318559267000007e-06
1.1190219978921876 	 1.32165518494251e-06
1.1200219978921875 	 1.3246505465347757e-06
1.1210219978921874 	 1.3275474922336317e-06
1.1220219978921873 	 1.3303480836300799e-06
1.1230219978921872 	 1.3330540865062475e-06
1.124021997892187 	 1.3356671905420507e-06
1.125021997892187 	 1.3381890819871934e-06
1.1260219978921868 	 1.3406214410025194e-06
1.1270219978921867 	 1.3429659438113023e-06
1.1280219978921866 	 1.3452242612765847e-06
1.1290219978921865 	 1.347398061003408e-06
1.1300219978921864 	 1.3494890044110684e-06
1.1310219978921863 	 1.3514987503229144e-06
1.1320219978921862 	 1.3534288992028152e-06
1.133021997892186 	 1.3552808528923805e-06
1.134021997892186 	 1.357055958969404e-06
1.1350219978921858 	 1.3587413611715979e-06
1.1360219978921857 	 1.3603673903879443e-06
1.1370219978921856 	 1.361920555670068e-06
1.1380219978921855 	 1.3634021759857082e-06
1.1390219978921854 	 1.3648135628190462e-06
1.1400219978921853 	 1.3661560220576553e-06
1.1410219978921852 	 1.367430850937912e-06
1.142021997892185 	 1.368639308513769e-06
1.143021997892185 	 1.3697825212004588e-06
1.1440219978921848 	 1.370861579295722e-06
1.1450219978921847 	 1.3718775644337803e-06
1.1460219978921846 	 1.3728315518451856e-06
1.1470219978921845 	 1.3737246073711636e-06
1.1480219978921844 	 1.374557790819033e-06
1.1490219978921843 	 1.3753321546101269e-06
1.1500219978921842 	 1.3760487423339654e-06
1.151021997892184 	 1.3767085921292624e-06
1.152021997892184 	 1.3773127118492602e-06
1.1530219978921838 	 1.3778620214544888e-06
1.1540219978921837 	 1.3783574135560998e-06
1.1550219978921836 	 1.3787997743697532e-06
1.1560219978921835 	 1.3791899823480127e-06
1.1570219978921834 	 1.3795289082348974e-06
1.1580219978921833 	 1.3798174170210325e-06
1.1590219978921832 	 1.3800563648357719e-06
1.160021997892183 	 1.3802466026806795e-06
1.161021997892183 	 1.3803889733324605e-06
1.1620219978921829 	 1.3804842992911609e-06
1.1630219978921827 	 1.3805333445778882e-06
1.1640219978921826 	 1.3805368530742229e-06
1.1650219978921825 	 1.380495563512966e-06
1.1660219978921824 	 1.3804102061972938e-06
1.1670219978921823 	 1.3802815064208172e-06
1.1680219978921822 	 1.380110183049154e-06
1.169021997892182 	 1.3798969470483943e-06
1.170021997892182 	 1.3796425049151928e-06
1.1710219978921819 	 1.3793475555330362e-06
1.1720219978921818 	 1.3790127839531318e-06
1.1730219978921816 	 1.3786388365640317e-06
1.1740219978921815 	 1.3782263471494005e-06
1.1750219978921814 	 1.377775943718404e-06
1.1760219978921813 	 1.377288246873747e-06
1.1770219978921812 	 1.3767638732235166e-06
1.178021997892181 	 1.3762034322575965e-06
1.179021997892181 	 1.375607528232116e-06
1.1800219978921809 	 1.3749767602186424e-06
1.1810219978921808 	 1.3743117204702459e-06
1.1820219978921807 	 1.3736129925050895e-06
1.1830219978921805 	 1.372881137624493e-06
1.1840219978921804 	 1.372116656998069e-06
1.1850219978921803 	 1.371320150049332e-06
1.1860219978921802 	 1.3704920822997126e-06
1.18702199789218 	 1.3696330324241957e-06
1.18802199789218 	 1.368743566871387e-06
1.1890219978921799 	 1.367824210148739e-06
1.1900219978921798 	 1.3668754824320404e-06
1.1910219978921797 	 1.3658978979142516e-06
1.1920219978921796 	 1.364891965597523e-06
1.1930219978921794 	 1.363858186179516e-06
1.1940219978921793 	 1.3627970530391093e-06
1.1950219978921792 	 1.3617090560581304e-06
1.1960219978921791 	 1.360594680000686e-06
1.197021997892179 	 1.3594544038584846e-06
1.198021997892179 	 1.3582887025557378e-06
1.1990219978921788 	 1.3570980453060687e-06
1.2000219978921787 	 1.3558828974573132e-06
1.2010219978921786 	 1.3546437190444188e-06
1.2020219978921785 	 1.3533809668818488e-06
1.2030219978921783 	 1.3520951016392861e-06
1.2040219978921782 	 1.3507865811457428e-06
1.2050219978921781 	 1.3494558569137297e-06
1.206021997892178 	 1.3481033774485322e-06
1.207021997892178 	 1.346729584986504e-06
1.2080219978921778 	 1.3453349181270794e-06
1.2090219978921777 	 1.3439198102282496e-06
1.2100219978921776 	 1.3424846894067068e-06
1.2110219978921775 	 1.3410299798724191e-06
1.2120219978921773 	 1.3395561062325358e-06
1.2130219978921772 	 1.3380635053441762e-06
1.2140219978921771 	 1.3365526149492585e-06
1.215021997892177 	 1.335023867723208e-06
1.216021997892177 	 1.3334776906217262e-06
1.2170219978921768 	 1.3319145065341062e-06
1.2180219978921767 	 1.3303347326625877e-06
1.2190219978921766 	 1.328738782152675e-06
1.2200219978921765 	 1.3271270634658537e-06
1.2210219978921764 	 1.3254999787738273e-06
1.2220219978921762 	 1.3238579345753463e-06
1.2230219978921761 	 1.3222013612958313e-06
1.224021997892176 	 1.320530690160591e-06
1.225021997892176 	 1.318846347663409e-06
1.2260219978921758 	 1.317148755554334e-06
1.2270219978921757 	 1.3154383292254638e-06
1.2280219978921756 	 1.3137154798322185e-06
1.2290219978921755 	 1.3119806133621987e-06
1.2300219978921754 	 1.3102341296882026e-06
1.2310219978921753 	 1.3084764247975748e-06
1.2320219978921751 	 1.3067078988244318e-06
1.233021997892175 	 1.3049289871419388e-06
1.234021997892175 	 1.3031401283987445e-06
1.2350219978921748 	 1.3013417555160155e-06
1.2360219978921747 	 1.2995342956852278e-06
1.2370219978921746 	 1.2977181703396364e-06
1.2380219978921745 	 1.2958937952189997e-06
1.2390219978921744 	 1.2940615804027362e-06
1.2400219978921743 	 1.2922219303301737e-06
1.2410219978921742 	 1.2903752438034743e-06
1.242021997892174 	 1.28852192732795e-06
1.243021997892174 	 1.2866624315856704e-06
1.2440219978921738 	 1.2847972126295386e-06
1.2450219978921737 	 1.2829267201236998e-06
1.2460219978921736 	 1.281051397347685e-06
1.2470219978921735 	 1.2791716811653453e-06
1.2480219978921734 	 1.277288002118147e-06
1.2490219978921733 	 1.2754007844761744e-06
1.2500219978921732 	 1.273510446271775e-06
1.251021997892173 	 1.2716173993096474e-06
1.252021997892173 	 1.2697220650282968e-06
1.2530219978921728 	 1.2678249176605072e-06
1.2540219978921727 	 1.2659264389223712e-06
1.2550219978921726 	 1.2640271028028851e-06
1.2560219978921725 	 1.262127376408272e-06
1.2570219978921724 	 1.260227719726083e-06
1.2580219978921723 	 1.2583285857613277e-06
1.2590219978921722 	 1.2564304206157307e-06
1.260021997892172 	 1.2545336635434367e-06
1.261021997892172 	 1.2526387469748365e-06
1.2620219978921718 	 1.2507461142766794e-06
1.2630219978921717 	 1.2488562683330555e-06
1.2640219978921716 	 1.246969719908487e-06
1.2650219978921715 	 1.2450869720348223e-06
1.2660219978921714 	 1.243208520049332e-06
1.2670219978921713 	 1.2413348515675893e-06
1.2680219978921712 	 1.2394664466817275e-06
1.269021997892171 	 1.2376037780805399e-06
1.270021997892171 	 1.2357473111368666e-06
1.2710219978921709 	 1.2338975039510502e-06
1.2720219978921707 	 1.2320548257802342e-06
1.2730219978921706 	 1.2302198075173055e-06
1.2740219978921705 	 1.2283929881618415e-06
1.2750219978921704 	 1.2265748986575515e-06
1.2760219978921703 	 1.2247660619565161e-06
1.2770219978921702 	 1.2229669929932697e-06
1.27802199789217 	 1.2211781989663458e-06
1.27902199789217 	 1.2194001795121054e-06
1.2800219978921699 	 1.217633426833013e-06
1.2810219978921698 	 1.215878425764554e-06
1.2820219978921696 	 1.214135671312574e-06
1.2830219978921695 	 1.2124057134094577e-06
1.2840219978921694 	 1.2106891105731739e-06
1.2850219978921693 	 1.2089864130006862e-06
1.2860219978921692 	 1.2072981631635638e-06
1.287021997892169 	 1.2056248957721024e-06
1.288021997892169 	 1.2039671381651234e-06
1.2890219978921689 	 1.2023254105493472e-06
1.2900219978921688 	 1.2007002222305113e-06
1.2910219978921686 	 1.1990920637828056e-06
1.2920219978921685 	 1.1975014454862734e-06
1.2930219978921684 	 1.1959289196038441e-06
1.2940219978921683 	 1.1943750424839428e-06
1.2950219978921682 	 1.1928403637434237e-06
1.296021997892168 	 1.1913254263290124e-06
1.297021997892168 	 1.1898307664598695e-06
1.2980219978921679 	 1.1883569141613633e-06
1.2990219978921678 	 1.1869043896597056e-06
1.3000219978921677 	 1.1854736786400392e-06
1.3010219978921675 	 1.1840652863916522e-06
1.3020219978921674 	 1.1826797237652785e-06
1.3030219978921673 	 1.1813175110619644e-06
1.3040219978921672 	 1.1799791670421037e-06
1.305021997892167 	 1.1786652057250135e-06
1.306021997892167 	 1.1773761365138123e-06
1.3070219978921669 	 1.1761124639549725e-06
1.3080219978921668 	 1.1748746884970606e-06
1.3090219978921667 	 1.1736633068419558e-06
1.3100219978921666 	 1.1724788121856167e-06
1.3110219978921664 	 1.1713216943121997e-06
1.3120219978921663 	 1.1701924296652053e-06
1.3130219978921662 	 1.1690914557856798e-06
1.3140219978921661 	 1.1680191996575364e-06
1.315021997892166 	 1.1669760864610789e-06
1.316021997892166 	 1.1659625395517773e-06
1.3170219978921658 	 1.1649789800988278e-06
1.3180219978921657 	 1.164025827982556e-06
1.3190219978921656 	 1.1631035022538347e-06
1.3200219978921655 	 1.1622124213940483e-06
1.3210219978921653 	 1.1613530032474474e-06
1.3220219978921652 	 1.1605256366124543e-06
1.3230219978921651 	 1.159730605976499e-06
1.324021997892165 	 1.158968172554276e-06
1.325021997892165 	 1.1582385990752832e-06
1.3260219978921648 	 1.1575421495736082e-06
1.3270219978921647 	 1.1568790886256031e-06
1.3280219978921646 	 1.1562496822008278e-06
1.3290219978921645 	 1.1556541997423047e-06
1.3300219978921644 	 1.155092912000822e-06
1.3310219978921642 	 1.1545626944794057e-06
1.3320219978921641 	 1.154056431366958e-06
1.333021997892164 	 1.1535785104690316e-06
1.334021997892164 	 1.1531301599269592e-06
1.3350219978921638 	 1.152711939425296e-06
1.3360219978921637 	 1.1523241659077015e-06
1.3370219978921636 	 1.151967038753148e-06
1.3380219978921635 	 1.1516406888003823e-06
1.3390219978921634 	 1.1513452048307961e-06
1.3400219978921633 	 1.1510806479016141e-06
1.3410219978921631 	 1.1508470594730503e-06
1.342021997892163 	 1.1506443958770334e-06
1.343021997892163 	 1.1504723445777035e-06
1.3440219978921628 	 1.1503305264148376e-06
1.3450219978921627 	 1.1502185584415047e-06
1.3460219978921626 	 1.150136054515355e-06
1.3470219978921625 	 1.1500826238983864e-06
1.3480219978921624 	 1.1500578751303647e-06
1.3490219978921623 	 1.1500614177603403e-06
1.3500219978921622 	 1.15009286324511e-06
1.351021997892162 	 1.1501518245180743e-06
1.352021997892162 	 1.1502378308691871e-06
1.3530219978921618 	 1.1503501050870023e-06
1.3540219978921617 	 1.1504878021981014e-06
1.3550219978921616 	 1.1506500826696262e-06
1.3560219978921615 	 1.1508361114256873e-06
1.3570219978921614 	 1.1510450544264053e-06
1.3580219978921613 	 1.1512760840395395e-06
1.3590219978921612 	 1.1515283816029842e-06
1.360021997892161 	 1.1518011384127814e-06
1.361021997892161 	 1.1520935550724156e-06
1.3620219978921608 	 1.1524047536155623e-06
1.3630219978921607 	 1.1527335554882214e-06
1.3640219978921606 	 1.1530787237051924e-06
1.3650219978921605 	 1.1534390377982156e-06
1.3660219978921604 	 1.1538132929920528e-06
1.3670219978921603 	 1.1542002954035326e-06
1.3680219978921602 	 1.1545988714637596e-06
1.36902199789216 	 1.1550078727348508e-06
1.37002199789216 	 1.15542617837889e-06
1.3710219978921598 	 1.1558526951700214e-06
1.3720219978921597 	 1.1562862840139473e-06
1.3730219978921596 	 1.1567255837361254e-06
1.3740219978921595 	 1.1571692120945795e-06
1.3750219978921594 	 1.157615828998604e-06
1.3760219978921593 	 1.1580641371667446e-06
1.3770219978921592 	 1.1585128780356075e-06
1.378021997892159 	 1.1589608435402268e-06
1.379021997892159 	 1.159406882167334e-06
1.3800219978921588 	 1.1598499027107736e-06
1.3810219978921587 	 1.1602888758628717e-06
1.3820219978921586 	 1.1607227940882708e-06
1.3830219978921585 	 1.1611505734355225e-06
1.3840219978921584 	 1.1615711695140066e-06
1.3850219978921583 	 1.161983608201312e-06
1.3860219978921582 	 1.1623869951640839e-06
1.387021997892158 	 1.1627805118013775e-06
1.388021997892158 	 1.1631634161917428e-06
1.3890219978921579 	 1.1635350418631193e-06
1.3900219978921577 	 1.163894795590237e-06
1.3910219978921576 	 1.1642421557761532e-06
1.3920219978921575 	 1.1645766710226916e-06
1.3930219978921574 	 1.1648979443008841e-06
1.3940219978921573 	 1.165205627412334e-06
1.3950219978921572 	 1.1654994124947957e-06
1.396021997892157 	 1.1657790226183026e-06
1.397021997892157 	 1.166044204710965e-06
1.3980219978921569 	 1.1662947076717523e-06
1.3990219978921568 	 1.1665302633458357e-06
1.4000219978921566 	 1.1667505681754796e-06
1.4010219978921565 	 1.1669552649750767e-06
1.4020219978921564 	 1.1671439601964782e-06
1.4030219978921563 	 1.1673162890813553e-06
1.4040219978921562 	 1.1674717969475258e-06
1.405021997892156 	 1.16760988844427e-06
1.406021997892156 	 1.1677298071408909e-06
1.4070219978921559 	 1.1678306178360413e-06
1.4080219978921558 	 1.167911186583247e-06
1.4090219978921557 	 1.1679701645436866e-06
1.4100219978921555 	 1.1680059754078297e-06
1.4110219978921554 	 1.1680168048530658e-06
1.4120219978921553 	 1.1680006555612038e-06
1.4130219978921552 	 1.1679554994760496e-06
1.414021997892155 	 1.1678791190362242e-06
1.415021997892155 	 1.1677690631696833e-06
1.4160219978921549 	 1.1676226582571229e-06
1.4170219978921548 	 1.1674370227126752e-06
1.4180219978921547 	 1.1672090881733855e-06
1.4190219978921546 	 1.166935623256819e-06
1.4200219978921544 	 1.166613259928783e-06
1.4210219978921543 	 1.1662385206692817e-06
1.4220219978921542 	 1.1658079130628182e-06
1.4230219978921541 	 1.1653181505092852e-06
1.424021997892154 	 1.1647659899487877e-06
1.425021997892154 	 1.1641482036314555e-06
1.4260219978921538 	 1.1634616076465804e-06
1.4270219978921537 	 1.1627030869976764e-06
1.4280219978921536 	 1.1618696256849067e-06
1.4290219978921535 	 1.1609583317129503e-06
1.4300219978921533 	 1.1599664584235114e-06
1.4310219978921532 	 1.1588914212146806e-06
1.4320219978921531 	 1.1577308755316966e-06
1.433021997892153 	 1.1564829022037877e-06
1.434021997892153 	 1.155145841390643e-06
1.4350219978921528 	 1.153718233424043e-06
1.4360219978921527 	 1.1521988218814007e-06
1.4370219978921526 	 1.1505865493099648e-06
1.4380219978921525 	 1.1488805603763383e-06
1.4390219978921523 	 1.147080199325168e-06
1.4400219978921522 	 1.1451850045304185e-06
1.4410219978921521 	 1.1431946998665709e-06
1.442021997892152 	 1.1411092353876092e-06
1.443021997892152 	 1.1389289286833071e-06
1.4440219978921518 	 1.1366543004968438e-06
1.4450219978921517 	 1.134286016998964e-06
1.4460219978921516 	 1.1318248774846136e-06
1.4470219978921515 	 1.1292717987377008e-06
1.4480219978921514 	 1.1266278096110217e-06
1.4490219978921512 	 1.1238940424107722e-06
1.4500219978921511 	 1.1210717226731492e-06
1.451021997892151 	 1.1181621577847938e-06
1.452021997892151 	 1.1151667620909953e-06
1.4530219978921508 	 1.1120871593587502e-06
1.4540219978921507 	 1.1089250608827184e-06
1.4550219978921506 	 1.1056822228373591e-06
1.4560219978921505 	 1.1023604367827737e-06
1.4570219978921504 	 1.0989615176402466e-06
1.4580219978921503 	 1.0954873032225796e-06
1.4590219978921501 	 1.091939650172251e-06
1.46002199789215 	 1.0883204288855406e-06
1.46102199789215 	 1.0846315170575021e-06
1.4620219978921498 	 1.0808748178348142e-06
1.4630219978921497 	 1.0770523313735892e-06
1.4640219978921496 	 1.0731660744291009e-06
1.4650219978921495 	 1.0692180537484856e-06
1.4660219978921494 	 1.0652102603108818e-06
1.4670219978921493 	 1.0611446591734507e-06
1.4680219978921492 	 1.0570231956681457e-06
1.469021997892149 	 1.05284779584926e-06
1.470021997892149 	 1.048620364774766e-06
1.4710219978921488 	 1.0443427842738278e-06
1.4720219978921487 	 1.0400169270228024e-06
1.4730219978921486 	 1.0356447040002705e-06
1.4740219978921485 	 1.0312280126133052e-06
1.4750219978921484 	 1.026768720436205e-06
1.4760219978921483 	 1.0222686617812482e-06
1.4770219978921482 	 1.0177296298200296e-06
1.478021997892148 	 1.0131533843477297e-06
1.479021997892148 	 1.0085416561220372e-06
1.4800219978921478 	 1.0038961377332143e-06
1.4810219978921477 	 9.992184955776637e-07
1.4820219978921476 	 9.945103700256555e-07
1.4830219978921475 	 9.89773414285933e-07
1.4840219978921474 	 9.85009258526831e-07
1.4850219978921473 	 9.802194989210396e-07
1.4860219978921472 	 9.75405695495946e-07
1.487021997892147 	 9.705693662240742e-07
1.488021997892147 	 9.657119941171866e-07
1.4890219978921468 	 9.608350295248494e-07
1.4900219978921467 	 9.5593989041491e-07
1.4910219978921466 	 9.510279618660356e-07
1.4920219978921465 	 9.461006051365365e-07
1.4930219978921464 	 9.411591895083056e-07
1.4940219978921463 	 9.362050606317616e-07
1.4950219978921462 	 9.312395311635286e-07
1.496021997892146 	 9.262638793634022e-07
1.497021997892146 	 9.212793447029908e-07
1.4980219978921459 	 9.162871337619149e-07
1.4990219978921457 	 9.112884222891368e-07
1.5000219978921456 	 9.06284355647486e-07
1.5010219978921455 	 9.012760483628587e-07
1.5020219978921454 	 8.962645940732485e-07
1.5030219978921453 	 8.912511003083995e-07
1.5040219978921452 	 8.86236652908331e-07
1.505021997892145 	 8.812223100958503e-07
1.506021997892145 	 8.762090958067189e-07
1.5070219978921449 	 8.711980021951284e-07
1.5080219978921447 	 8.661899916536408e-07
1.5090219978921446 	 8.611859980324358e-07
1.5100219978921445 	 8.561869272339887e-07
1.5110219978921444 	 8.511936572636637e-07
1.5120219978921443 	 8.462070519071794e-07
1.5130219978921442 	 8.412280003130916e-07
1.514021997892144 	 8.362573748838462e-07
1.515021997892144 	 8.312960190853486e-07
1.5160219978921439 	 8.263447480156911e-07
1.5170219978921438 	 8.214043489361614e-07
1.5180219978921436 	 8.164755819408294e-07
1.5190219978921435 	 8.115591805760274e-07
1.5200219978921434 	 8.066558524393774e-07
1.5210219978921433 	 8.017662763596511e-07
1.5220219978921432 	 7.968911182627932e-07
1.523021997892143 	 7.920310928336565e-07
1.524021997892143 	 7.871869024449472e-07
1.5250219978921429 	 7.82359219962592e-07
1.5260219978921428 	 7.775483490280174e-07
1.5270219978921427 	 7.727546963804923e-07
1.5280219978921425 	 7.679788640694149e-07
1.5290219978921424 	 7.632214291353364e-07
1.5300219978921423 	 7.58482934644916e-07
1.5310219978921422 	 7.537639065829438e-07
1.532021997892142 	 7.490648784545952e-07
1.533021997892142 	 7.44386432862138e-07
1.5340219978921419 	 7.397291428147754e-07
1.5350219978921418 	 7.350935546076432e-07
1.5360219978921417 	 7.304801916854838e-07
1.5370219978921416 	 7.258895610293322e-07
1.5380219978921414 	 7.213221476045348e-07
1.5390219978921413 	 7.167784129317821e-07
1.5400219978921412 	 7.122587961163757e-07
1.5410219978921411 	 7.077637178575362e-07
1.542021997892141 	 7.032936099297071e-07
1.543021997892141 	 6.98848961020411e-07
1.5440219978921408 	 6.944302531250369e-07
1.5450219978921407 	 6.900379444018368e-07
1.5460219978921406 	 6.856724742138045e-07
1.5470219978921405 	 6.813342744747439e-07
1.5480219978921403 	 6.770237593283586e-07
1.5490219978921402 	 6.727413230401464e-07
1.5500219978921401 	 6.684873413442973e-07
1.55102199789214 	 6.642621774411773e-07
1.55202199789214 	 6.600662151183551e-07
1.5530219978921398 	 6.558998977785477e-07
1.5540219978921397 	 6.517636669510029e-07
1.5550219978921396 	 6.476579459477962e-07
1.5560219978921395 	 6.435831472776917e-07
1.5570219978921394 	 6.39539688465759e-07
1.5580219978921392 	 6.355279777092914e-07
1.5590219978921391 	 6.315484102671657e-07
1.560021997892139 	 6.276013705058693e-07
1.561021997892139 	 6.236872394328451e-07
1.5620219978921388 	 6.198064288757433e-07
1.5630219978921387 	 6.159594061319227e-07
1.5640219978921386 	 6.121466414765703e-07
1.5650219978921385 	 6.083685945682687e-07
1.5660219978921384 	 6.046257220419522e-07
1.5670219978921383 	 6.00918494786105e-07
1.5680219978921381 	 5.972414478842562e-07
1.569021997892138 	 5.935903120677073e-07
1.570021997892138 	 5.89970104676672e-07
1.5710219978921378 	 5.863825056947548e-07
1.5720219978921377 	 5.828285943010496e-07
1.5730219978921376 	 5.793091955840509e-07
1.5740219978921375 	 5.758249444889821e-07
1.5750219978921374 	 5.723763031981926e-07
1.5760219978921373 	 5.68963563730709e-07
1.5770219978921372 	 5.655868427269624e-07
1.578021997892137 	 5.62246015362287e-07
1.579021997892137 	 5.589406508784692e-07
1.5800219978921368 	 5.556699385083823e-07
1.5810219978921367 	 5.524326073135789e-07
1.5820219978921366 	 5.492268482950118e-07
1.5830219978921365 	 5.460501885278361e-07
1.5840219978921364 	 5.428993873904915e-07
1.5850219978921363 	 5.397703670091204e-07
1.5860219978921362 	 5.366582065859226e-07
1.587021997892136 	 5.33557238941421e-07
1.588021997892136 	 5.304612313183529e-07
1.5890219978921358 	 5.273637420054481e-07
1.5900219978921357 	 5.242586500820349e-07
1.5910219978921356 	 5.211408320531749e-07
1.5920219978921355 	 5.180068964549543e-07
1.5930219978921354 	 5.14855793153436e-07
1.5940219978921353 	 5.116892682686748e-07
1.5950219978921352 	 5.085119513190982e-07
1.596021997892135 	 5.05331026132551e-07
1.597021997892135 	 5.021555466117667e-07
1.5980219978921348 	 4.989954935630047e-07
1.5990219978921347 	 4.958608071021766e-07
1.6000219978921346 	 4.927605649477773e-07
1.6010219978921345 	 4.897024161847588e-07
1.6020219978921344 	 4.866922909681389e-07
1.6030219978921343 	 4.837343040325098e-07
1.6040219978921342 	 4.808309662903518e-07
1.605021997892134 	 4.779834624210633e-07
1.606021997892134 	 4.751919535872422e-07
1.6070219978921338 	 4.724558742604541e-07
1.6080219978921337 	 4.697741761823458e-07
1.6090219978921336 	 4.671455319417353e-07
1.6100219978921335 	 4.6456848872274696e-07
1.6110219978921334 	 4.6204158366025445e-07
1.6120219978921333 	 4.59563397778202e-07
1.6130219978921332 	 4.5713252918970847e-07
1.614021997892133 	 4.5474770200103274e-07
1.615021997892133 	 4.524078040692256e-07
1.6160219978921329 	 4.5011189137668506e-07
1.6170219978921327 	 4.4785918099403083e-07
1.6180219978921326 	 4.456490524957694e-07
1.6190219978921325 	 4.434810373584549e-07
1.6200219978921324 	 4.413548104666206e-07
1.6210219978921323 	 4.3927017976597343e-07
1.6220219978921322 	 4.3722704112272366e-07
1.623021997892132 	 4.352253001766109e-07
1.624021997892132 	 4.3326495410976713e-07
1.6250219978921319 	 4.313461120852863e-07
1.6260219978921318 	 4.2946898435565904e-07
1.6270219978921316 	 4.276338668382481e-07
1.6280219978921315 	 4.2584114848483053e-07
1.6290219978921314 	 4.2409131056839905e-07
1.6300219978921313 	 4.223849237008865e-07
1.6310219978921312 	 4.2072263843604823e-07
1.632021997892131 	 4.191051415909648e-07
1.633021997892131 	 4.1753309695342914e-07
1.6340219978921309 	 4.160072277015421e-07
1.6350219978921308 	 4.1452833642601765e-07
1.6360219978921307 	 4.130972965375064e-07
1.6370219978921305 	 4.117150315608218e-07
1.6380219978921304 	 4.1038253107676625e-07
1.6390219978921303 	 4.09100854190913e-07
1.6400219978921302 	 4.0787112540003515e-07
1.64102199789213 	 4.0669452507677067e-07
1.64202199789213 	 4.0557224602135126e-07
1.6430219978921299 	 4.0450545733654435e-07
1.6440219978921298 	 4.0349536490962984e-07
1.6450219978921297 	 4.025432243051924e-07
1.6460219978921296 	 4.0165032968787517e-07
1.6470219978921294 	 4.0081798854476095e-07
1.6480219978921293 	 4.0004753854163273e-07
1.6490219978921292 	 3.993403482691717e-07
1.650021997892129 	 3.9869781143810407e-07
1.651021997892129 	 3.981213351260236e-07
1.652021997892129 	 3.976123034399462e-07
1.6530219978921288 	 3.971720630032315e-07
1.6540219978921287 	 3.968019535317595e-07
1.6550219978921286 	 3.9650331183053214e-07
1.6560219978921285 	 3.9627745872598785e-07
1.6570219978921283 	 3.9612567500475823e-07
1.6580219978921282 	 3.9604921399567993e-07
1.6590219978921281 	 3.960492998324499e-07
1.660021997892128 	 3.9612712167396964e-07
1.661021997892128 	 3.9628382264848704e-07
1.6620219978921278 	 3.965204731511312e-07
1.6630219978921277 	 3.9683808223113637e-07
1.6640219978921276 	 3.972375968811221e-07
1.6650219978921275 	 3.9771989874157257e-07
1.6660219978921273 	 3.9828579434828925e-07
1.6670219978921272 	 3.9893599791919987e-07
1.6680219978921271 	 3.9967113930359236e-07
1.669021997892127 	 4.0049176362166744e-07
1.670021997892127 	 4.0139832750543965e-07
1.6710219978921268 	 4.0239119254042923e-07
1.6720219978921267 	 4.034706199378711e-07
1.6730219978921266 	 4.046367959652572e-07
1.6740219978921265 	 4.058898148159705e-07
1.6750219978921264 	 4.0722967195449946e-07
1.6760219978921262 	 4.086562616013403e-07
1.6770219978921261 	 4.101693709240997e-07
1.678021997892126 	 4.1176868675252624e-07
1.679021997892126 	 4.1345379874187825e-07
1.6800219978921258 	 4.15224200886686e-07
1.6810219978921257 	 4.1707929306289395e-07
1.6820219978921256 	 4.190183933154765e-07
1.6830219978921255 	 4.210407797489115e-07
1.6840219978921254 	 4.23145659896401e-07
1.6850219978921253 	 4.253321636762868e-07
1.6860219978921251 	 4.2759934758305566e-07
1.687021997892125 	 4.299461990942665e-07
1.688021997892125 	 4.3237164106020887e-07
1.6890219978921248 	 4.3487453620012293e-07
1.6900219978921247 	 4.3745369162723307e-07
1.6910219978921246 	 4.4010786430461864e-07
1.6920219978921245 	 4.4283578494299476e-07
1.6930219978921244 	 4.456362072346488e-07
1.6940219978921243 	 4.4850786603417616e-07
1.6950219978921242 	 4.514494673223871e-07
1.696021997892124 	 4.544596940489848e-07
1.697021997892124 	 4.575372150261258e-07
1.6980219978921238 	 4.606806835957332e-07
1.6990219978921237 	 4.638887393293942e-07
1.7000219978921236 	 4.671600109494509e-07
1.7010219978921235 	 4.7049312141366105e-07
1.7020219978921234 	 4.738867158077945e-07
1.7030219978921233 	 4.773395095948294e-07
1.7040219978921232 	 4.808502387004072e-07
1.705021997892123 	 4.844176454486472e-07
1.706021997892123 	 4.880404843487457e-07
1.7070219978921228 	 4.917175264930618e-07
1.7080219978921227 	 4.954475601635939e-07
1.7090219978921226 	 4.992293837608776e-07
1.7100219978921225 	 5.030618072724e-07
1.7110219978921224 	 5.069436558187196e-07
1.7120219978921223 	 5.10873797624122e-07
1.7130219978921222 	 5.148511869901522e-07
1.714021997892122 	 5.188748121456774e-07
1.715021997892122 	 5.229436792628421e-07
1.7160219978921218 	 5.270568155718689e-07
1.7170219978921217 	 5.312132792135873e-07
1.7180219978921216 	 5.354121484831352e-07
1.7190219978921215 	 5.396525177113852e-07
1.7200219978921214 	 5.439334961763358e-07
1.7210219978921213 	 5.482542099158701e-07
1.7220219978921212 	 5.526138312923847e-07
1.723021997892121 	 5.570116098066405e-07
1.724021997892121 	 5.614468268943688e-07
1.7250219978921209 	 5.659187798629889e-07
1.7260219978921207 	 5.70426784507212e-07
1.7270219978921206 	 5.749701849136324e-07
1.7280219978921205 	 5.795483419032799e-07
1.7290219978921204 	 5.841606278969675e-07
1.7300219978921203 	 5.888064263112721e-07
1.7310219978921202 	 5.93485133513651e-07
1.73202199789212 	 5.98196182180857e-07
1.73302199789212 	 6.029390688458177e-07
1.7340219978921199 	 6.077133130234144e-07
1.7350219978921197 	 6.12518444432868e-07
1.7360219978921196 	 6.173540054677476e-07
1.7370219978921195 	 6.197773099957443e-07
1.7380219978921194 	 6.197864641544455e-07
1.7390219978921193 	 6.197956133083565e-07
1.7400219978921192 	 6.198047574541825e-07
1.741021997892119 	 6.198138965886796e-07
1.742021997892119 	 6.198230307086533e-07
1.7430219978921189 	 6.198321598109594e-07
1.7440219978921188 	 6.19841283892502e-07
1.7450219978921186 	 6.198504029502355e-07
1.7460219978921185 	 6.198595169811618e-07
1.7470219978921184 	 6.198686259823318e-07
1.7480219978921183 	 6.198777299508442e-07
1.7490219978921182 	 6.198868288838457e-07
1.750021997892118 	 6.198959227785294e-07
1.751021997892118 	 6.199050116321365e-07
1.7520219978921179 	 6.199140954419545e-07
1.7530219978921178 	 6.19923174205317e-07
1.7540219978921177 	 6.19932247919604e-07
1.7550219978921175 	 6.199413165822417e-07
1.7560219978921174 	 6.199503801907006e-07
1.7570219978921173 	 6.199594387424975e-07
1.7580219978921172 	 6.199684922351931e-07
1.759021997892117 	 6.199775406663935e-07
1.760021997892117 	 6.199865840337485e-07
1.7610219978921169 	 6.199956223349518e-07
1.7620219978921168 	 6.20004655567741e-07
1.7630219978921167 	 6.200136837298969e-07
1.7640219978921166 	 6.200227068192433e-07
1.7650219978921164 	 6.200317248336467e-07
1.7660219978921163 	 6.200407377710164e-07
1.7670219978921162 	 6.200497456293035e-07
1.7680219978921161 	 6.200587484065009e-07
1.769021997892116 	 6.200677461006435e-07
1.770021997892116 	 6.200767387098072e-07
1.7710219978921158 	 6.200857262321089e-07
1.7720219978921157 	 6.200947086657068e-07
1.7730219978921156 	 6.201036860087984e-07
1.7740219978921155 	 6.201126582596228e-07
1.7750219978921153 	 6.20121625416458e-07
1.7760219978921152 	 6.201305874776222e-07
1.7770219978921151 	 6.201395444414723e-07
1.778021997892115 	 6.201484963064051e-07
1.779021997892115 	 6.201574430708557e-07
1.7800219978921148 	 6.201663847332983e-07
1.7810219978921147 	 6.201753212922445e-07
1.7820219978921146 	 6.201842527462452e-07
1.7830219978921145 	 6.201931790938878e-07
1.7840219978921144 	 6.202021003337983e-07
1.7850219978921142 	 6.202110164646388e-07
1.7860219978921141 	 6.202199274851098e-07
1.787021997892114 	 6.202288333939476e-07
1.788021997892114 	 6.202377341899252e-07
1.7890219978921138 	 6.202466298718517e-07
1.7900219978921137 	 6.202555204385727e-07
1.7910219978921136 	 6.202644058889693e-07
1.7920219978921135 	 6.202732862219583e-07
1.7930219978921134 	 6.202821614364907e-07
1.7940219978921133 	 6.202910315315541e-07
1.7950219978921131 	 6.202998965061699e-07
1.796021997892113 	 6.203087563593946e-07
1.797021997892113 	 6.203176110903183e-07
1.7980219978921128 	 6.203264606980658e-07
1.7990219978921127 	 6.203353051817954e-07
1.8000219978921126 	 6.203441445406993e-07
1.8010219978921125 	 6.203529787740023e-07
1.8020219978921124 	 6.20361807880964e-07
1.8030219978921123 	 6.203706318608748e-07
1.8040219978921122 	 6.203794507130595e-07
1.805021997892112 	 6.20388264436874e-07
1.806021997892112 	 6.203970730317076e-07
1.8070219978921118 	 6.204058764969813e-07
1.8080219978921117 	 6.204146748321469e-07
1.8090219978921116 	 6.204234680366894e-07
1.8100219978921115 	 6.204322561101237e-07
1.8110219978921114 	 6.204410390519968e-07
1.8120219978921113 	 6.20449816861886e-07
1.8130219978921112 	 6.204585895393995e-07
1.814021997892111 	 6.204673570841765e-07
1.815021997892111 	 6.204761194958855e-07
1.8160219978921108 	 6.20484876774226e-07
1.8170219978921107 	 6.204936289189266e-07
1.8180219978921106 	 6.20502375929746e-07
1.8190219978921105 	 6.205111178064722e-07
1.8200219978921104 	 6.205198545489223e-07
1.8210219978921103 	 6.205285861569427e-07
1.8220219978921102 	 6.205373126304086e-07
1.82302199789211 	 6.205460339692234e-07
1.82402199789211 	 6.205547501733199e-07
1.8250219978921098 	 6.205634612426577e-07
1.8260219978921097 	 6.205721671772257e-07
1.8270219978921096 	 6.205808679770402e-07
1.8280219978921095 	 6.205895636421448e-07
1.8290219978921094 	 6.20598254172611e-07
1.8300219978921093 	 6.206069395685374e-07
1.8310219978921092 	 6.206156198300494e-07
1.832021997892109 	 6.206242949572998e-07
1.833021997892109 	 6.206329649504679e-07
1.8340219978921088 	 6.20641629809759e-07
1.8350219978921087 	 6.206502895354053e-07
1.8360219978921086 	 6.206589441276649e-07
1.8370219978921085 	 6.206675935868219e-07
1.8380219978921084 	 6.206762379131861e-07
1.8390219978921083 	 6.206848771070933e-07
1.8400219978921082 	 6.206935111689035e-07
1.841021997892108 	 6.207021400990033e-07
1.842021997892108 	 6.207107638978033e-07
1.8430219978921079 	 6.2071938256574e-07
1.8440219978921077 	 6.207279961032734e-07
1.8450219978921076 	 6.207366045108891e-07
1.8460219978921075 	 6.207452077890961e-07
1.8470219978921074 	 6.207538059384281e-07
1.8480219978921073 	 6.207623989594431e-07
1.8490219978921072 	 6.207709868527218e-07
1.850021997892107 	 6.207795696188699e-07
1.851021997892107 	 6.207881472585155e-07
1.8520219978921069 	 6.207967197723103e-07
1.8530219978921068 	 6.2080528716093e-07
1.8540219978921066 	 6.208138494250719e-07
1.8550219978921065 	 6.208224065654572e-07
1.8560219978921064 	 6.208309585828293e-07
1.8570219978921063 	 6.208395054779539e-07
1.8580219978921062 	 6.208480472516196e-07
1.859021997892106 	 6.208565839046365e-07
1.860021997892106 	 6.208651154378373e-07
1.8610219978921059 	 6.208736418520764e-07
1.8620219978921058 	 6.2088216314823e-07
1.8630219978921057 	 6.208906793271951e-07
1.8640219978921055 	 6.20899190389891e-07
1.8650219978921054 	 6.209076963372579e-07
1.8660219978921053 	 6.209161971702571e-07
1.8670219978921052 	 6.209246928898706e-07
1.868021997892105 	 6.209331834971017e-07
1.869021997892105 	 6.209416689929738e-07
1.8700219978921049 	 6.209501493785309e-07
1.8710219978921048 	 6.209586246548377e-07
1.8720219978921047 	 6.209670948229784e-07
1.8730219978921046 	 6.209755598840585e-07
1.8740219978921044 	 6.209840198392013e-07
1.8750219978921043 	 6.209924746895518e-07
1.8760219978921042 	 6.210009244362741e-07
1.877021997892104 	 6.21009369080551e-07
1.878021997892104 	 6.210178086235853e-07
1.879021997892104 	 6.210262430665991e-07
1.8800219978921038 	 6.210346724108333e-07
1.8810219978921037 	 6.210430966575471e-07
1.8820219978921036 	 6.210515158080196e-07
1.8830219978921034 	 6.210599298635479e-07
1.8840219978921033 	 6.210683388254474e-07
1.8850219978921032 	 6.210767426950522e-07
1.8860219978921031 	 6.210851414737147e-07
1.887021997892103 	 6.210935351628049e-07
1.888021997892103 	 6.211019237637113e-07
1.8890219978921028 	 6.211103072778398e-07
1.8900219978921027 	 6.21118685706614e-07
1.8910219978921026 	 6.211270590514759e-07
1.8920219978921025 	 6.211354273138831e-07
1.8930219978921023 	 6.211437904953126e-07
1.8940219978921022 	 6.211521485972573e-07
1.8950219978921021 	 6.21160501621227e-07
1.896021997892102 	 6.211688495687494e-07
1.897021997892102 	 6.211771924413683e-07
1.8980219978921018 	 6.211855302406442e-07
1.8990219978921017 	 6.211938629681539e-07
1.9000219978921016 	 6.212021906254917e-07
1.9010219978921015 	 6.212105132142667e-07
1.9020219978921014 	 6.212188307361055e-07
1.9030219978921012 	 6.212271431926498e-07
1.9040219978921011 	 6.212354505855576e-07
1.905021997892101 	 6.212437529165031e-07
1.906021997892101 	 6.212520501871749e-07
1.9070219978921008 	 6.21260342399279e-07
1.9080219978921007 	 6.212686295545354e-07
1.9090219978921006 	 6.212769116546801e-07
1.9100219978921005 	 6.212851887014639e-07
1.9110219978921004 	 6.212934606966536e-07
1.9120219978921003 	 6.213017276420296e-07
1.9130219978921001 	 6.213099895393889e-07
1.9140219978921 	 6.213182463905413e-07
1.9150219978921 	 6.213264981973128e-07
1.9160219978920998 	 6.213347449615435e-07
1.9170219978920997 	 6.213429866850878e-07
1.9180219978920996 	 6.21351223369814e-07
1.9190219978920995 	 6.213594550176059e-07
1.9200219978920994 	 6.213676816303598e-07
1.9210219978920993 	 6.213759032099873e-07
1.9220219978920992 	 6.213841197584132e-07
1.923021997892099 	 6.21392331277576e-07
1.924021997892099 	 6.214005377694285e-07
1.9250219978920988 	 6.214087392359365e-07
1.9260219978920987 	 6.214169356790792e-07
1.9270219978920986 	 6.214251271008502e-07
1.9280219978920985 	 6.214333135032548e-07
1.9290219978920984 	 6.214414948883123e-07
1.9300219978920983 	 6.214496712580553e-07
1.9310219978920982 	 6.214578426145288e-07
1.932021997892098 	 6.21466008959791e-07
1.933021997892098 	 6.214741702959126e-07
1.9340219978920978 	 6.214823266249771e-07
1.9350219978920977 	 6.214904779490805e-07
1.9360219978920976 	 6.214986242703312e-07
1.9370219978920975 	 6.215067655908501e-07
1.9380219978920974 	 6.215149019127705e-07
1.9390219978920973 	 6.215230332382372e-07
1.9400219978920972 	 6.215311595694079e-07
1.941021997892097 	 6.215392809084514e-07
1.942021997892097 	 6.215473972575494e-07
1.9430219978920968 	 6.215555086188942e-07
1.9440219978920967 	 6.215636149946912e-07
1.9450219978920966 	 6.215717163871559e-07
1.9460219978920965 	 6.215798127985161e-07
1.9470219978920964 	 6.215879042310112e-07
1.9480219978920963 	 6.215959906868914e-07
1.9490219978920962 	 6.216040721684184e-07
1.950021997892096 	 6.216121486778649e-07
1.951021997892096 	 6.216202202175147e-07
1.9520219978920959 	 6.21628286789663e-07
1.9530219978920957 	 6.21636348396615e-07
1.9540219978920956 	 6.216444050406873e-07
1.9550219978920955 	 6.216524567242068e-07
1.9560219978920954 	 6.216605034495118e-07
1.9570219978920953 	 6.2166854521895e-07
1.9580219978920952 	 6.216765820348805e-07
1.959021997892095 	 6.216846138996719e-07
1.960021997892095 	 6.216926408157038e-07
1.9610219978920949 	 6.217006627853655e-07
1.9620219978920947 	 6.217086798110569e-07
1.9630219978920946 	 6.217166918951874e-07
1.9640219978920945 	 6.217246990401762e-07
1.9650219978920944 	 6.217327012484535e-07
1.9660219978920943 	 6.217406985224575e-07
1.9670219978920942 	 6.217486908646375e-07
1.968021997892094 	 6.217566782774521e-07
1.969021997892094 	 6.217646607633687e-07
1.9700219978920939 	 6.217726383248653e-07
1.9710219978920938 	 6.217806109644284e-07
1.9720219978920936 	 6.21788578684554e-07
1.9730219978920935 	 6.217965414877474e-07
1.9740219978920934 	 6.218044993765232e-07
1.9750219978920933 	 6.218124523534048e-07
1.9760219978920932 	 6.218204004209241e-07
1.977021997892093 	 6.218283435816231e-07
1.978021997892093 	 6.21836281838052e-07
1.9790219978920929 	 6.218442151927691e-07
1.9800219978920928 	 6.218521436483426e-07
1.9810219978920927 	 6.218600672073486e-07
1.9820219978920925 	 6.218679858723715e-07
1.9830219978920924 	 6.218758996460046e-07
1.9840219978920923 	 6.218838085308495e-07
1.9850219978920922 	 6.218917125295162e-07
1.986021997892092 	 6.218996116446228e-07
1.987021997892092 	 6.219075058787953e-07
1.9880219978920919 	 6.219153952346685e-07
1.9890219978920918 	 6.219232797148846e-07
1.9900219978920917 	 6.219311593220938e-07
1.9910219978920916 	 6.219390340589546e-07
1.9920219978920914 	 6.21946903928133e-07
1.9930219978920913 	 6.219547689323029e-07
1.9940219978920912 	 6.219626290741452e-07
1.9950219978920911 	 6.2197048435635e-07
1.996021997892091 	 6.219783347816131e-07
1.997021997892091 	 6.219861803526388e-07
1.9980219978920908 	 6.219940210721388e-07
1.9990219978920907 	 6.22001856942832e-07
