0.0010219978922 	 0
0.0020219978922 	 0.0
0.0030219978922 	 0.0
0.0040219978922 	 0.0
0.0050219978922 	 0.0
0.0060219978922 	 0.0
0.0070219978922 	 0.0
0.0080219978922 	 0.0
0.009021997892200002 	 0.0
0.010021997892200003 	 0.0
0.011021997892200004 	 0.0
0.012021997892200004 	 0.0
0.013021997892200005 	 0.0
0.014021997892200006 	 0.0
0.015021997892200007 	 0.0
0.016021997892200008 	 0.0
0.01702199789220001 	 0.0
0.01802199789220001 	 0.0
0.01902199789220001 	 0.0
0.02002199789220001 	 0.0
0.021021997892200012 	 0.0
0.022021997892200013 	 0.0
0.023021997892200014 	 0.0
0.024021997892200015 	 0.0
0.025021997892200016 	 0.0
0.026021997892200017 	 0.0
0.027021997892200018 	 0.0
0.02802199789220002 	 0.0
0.02902199789220002 	 0.0
0.03002199789220002 	 0.0
0.03102199789220002 	 0.0
0.03202199789220002 	 0.0
0.03302199789220002 	 0.0
0.03402199789220002 	 0.0
0.03502199789220002 	 0.0
0.03602199789220002 	 0.0
0.03702199789220002 	 0.0
0.038021997892200024 	 0.0
0.039021997892200025 	 0.0
0.040021997892200026 	 0.0
0.04102199789220003 	 0.0
0.04202199789220003 	 0.0
0.04302199789220003 	 0.0
0.04402199789220003 	 0.0
0.04502199789220003 	 0.0
0.04602199789220003 	 0.0
0.04702199789220003 	 0.0
0.04802199789220003 	 0.0
0.049021997892200034 	 0.0
0.050021997892200035 	 0.0
0.051021997892200036 	 0.0
0.052021997892200036 	 0.0
0.05302199789220004 	 0.0
0.05402199789220004 	 0.0
0.05502199789220004 	 0.0
0.05602199789220004 	 0.0
0.05702199789220004 	 0.0
0.05802199789220004 	 0.0
0.05902199789220004 	 0.0
0.060021997892200044 	 0.0
0.061021997892200044 	 0.0
0.062021997892200045 	 0.0
0.06302199789220005 	 0.0
0.06402199789220005 	 0.0
0.06502199789220005 	 0.0
0.06602199789220005 	 0.0
0.06702199789220005 	 0.0
0.06802199789220005 	 0.0
0.06902199789220005 	 0.0
0.07002199789220005 	 0.0
0.07102199789220005 	 0.0
0.07202199789220005 	 0.0
0.07302199789220006 	 0.0
0.07402199789220006 	 0.0
0.07502199789220006 	 0.0
0.07602199789220006 	 0.0
0.07702199789220006 	 0.0
0.07802199789220006 	 0.0
0.07902199789220006 	 0.0
0.08002199789220006 	 0.0
0.08102199789220006 	 0.0
0.08202199789220006 	 0.0
0.08302199789220006 	 0.0
0.08402199789220006 	 0.0
0.08502199789220007 	 0.0
0.08602199789220007 	 0.0
0.08702199789220007 	 0.0
0.08802199789220007 	 0.0
0.08902199789220007 	 0.0
0.09002199789220007 	 0.0
0.09102199789220007 	 0.0
0.09202199789220007 	 0.0
0.09302199789220007 	 0.0
0.09402199789220007 	 0.0
0.09502199789220007 	 0.0
0.09602199789220008 	 0.0
0.09702199789220008 	 0.0
0.09802199789220008 	 0.0
0.09902199789220008 	 0.0
0.10002199789220008 	 0.0
0.10102199789220008 	 0.0
0.10202199789220008 	 0.0
0.10302199789220008 	 0.0
0.10402199789220008 	 0.0
0.10502199789220008 	 0.0
0.10602199789220008 	 0.0
0.10702199789220009 	 0.0
0.10802199789220009 	 0.0
0.10902199789220009 	 0.0
0.11002199789220009 	 0.0
0.11102199789220009 	 0.0
0.11202199789220009 	 0.0
0.11302199789220009 	 0.0
0.11402199789220009 	 0.0
0.11502199789220009 	 0.0
0.1160219978922001 	 0.0
0.1170219978922001 	 0.0
0.1180219978922001 	 0.0
0.1190219978922001 	 0.0
0.1200219978922001 	 0.0
0.1210219978922001 	 0.0
0.1220219978922001 	 0.0
0.1230219978922001 	 0.0
0.1240219978922001 	 0.0
0.1250219978922001 	 0.0
0.1260219978922001 	 0.0
0.1270219978922001 	 0.0
0.1280219978922001 	 0.0
0.1290219978922001 	 0.0
0.1300219978922001 	 0.0
0.1310219978922001 	 0.0
0.1320219978922001 	 0.0
0.1330219978922001 	 0.0
0.1340219978922001 	 0.0
0.1350219978922001 	 0.0
0.1360219978922001 	 0.0
0.1370219978922001 	 0.0
0.1380219978922001 	 0.0
0.1390219978922001 	 0.0
0.1400219978922001 	 0.0
0.1410219978922001 	 0.0
0.1420219978922001 	 0.0
0.1430219978922001 	 0.0
0.1440219978922001 	 0.0
0.1450219978922001 	 0.0
0.1460219978922001 	 0.0
0.1470219978922001 	 0.0
0.1480219978922001 	 0.0
0.1490219978922001 	 0.0
0.1500219978922001 	 0.0
0.1510219978922001 	 0.0
0.1520219978922001 	 0.0
0.1530219978922001 	 0.0
0.1540219978922001 	 0.0
0.15502199789220011 	 0.0
0.15602199789220011 	 0.0
0.15702199789220012 	 0.0
0.15802199789220012 	 0.0
0.15902199789220012 	 0.0
0.16002199789220012 	 0.0
0.16102199789220012 	 0.0
0.16202199789220012 	 0.0
0.16302199789220012 	 0.0
0.16402199789220012 	 0.0
0.16502199789220012 	 0.0
0.16602199789220012 	 0.0
0.16702199789220012 	 0.0
0.16802199789220013 	 0.0
0.16902199789220013 	 0.0
0.17002199789220013 	 0.0
0.17102199789220013 	 0.0
0.17202199789220013 	 0.0
0.17302199789220013 	 0.0
0.17402199789220013 	 0.0
0.17502199789220013 	 0.0
0.17602199789220013 	 0.0
0.17702199789220013 	 0.0
0.17802199789220013 	 0.0
0.17902199789220014 	 0.0
0.18002199789220014 	 0.0
0.18102199789220014 	 0.0
0.18202199789220014 	 0.0
0.18302199789220014 	 0.0
0.18402199789220014 	 0.0
0.18502199789220014 	 0.0
0.18602199789220014 	 0.0
0.18702199789220014 	 0.0
0.18802199789220014 	 0.0
0.18902199789220014 	 0.0
0.19002199789220015 	 0.0
0.19102199789220015 	 0.0
0.19202199789220015 	 0.0
0.19302199789220015 	 0.0
0.19402199789220015 	 0.0
0.19502199789220015 	 0.0
0.19602199789220015 	 0.0
0.19702199789220015 	 0.0
0.19802199789220015 	 0.0
0.19902199789220015 	 0.0
0.20002199789220015 	 0.0
0.20102199789220015 	 0.0
0.20202199789220016 	 0.0
0.20302199789220016 	 0.0
0.20402199789220016 	 0.0
0.20502199789220016 	 0.0
0.20602199789220016 	 0.0
0.20702199789220016 	 0.0
0.20802199789220016 	 0.0
0.20902199789220016 	 0.0
0.21002199789220016 	 0.0
0.21102199789220016 	 0.0
0.21202199789220016 	 15378.922724448916
0.21302199789220017 	 22969.530822922632
0.21402199789220017 	 27827.43306458882
0.21502199789220017 	 31353.575003972514
0.21602199789220017 	 34040.74135778463
0.21702199789220017 	 36137.13882929509
0.21802199789220017 	 37790.77967676762
0.21902199789220017 	 39099.22387918501
0.22002199789220017 	 40131.17894568316
0.22102199789220017 	 40937.35018293369
0.22202199789220017 	 41556.4742368536
0.22302199789220017 	 42018.937040872755
0.22402199789220018 	 42349.07363610959
0.22502199789220018 	 42566.69970146439
0.22602199789220018 	 42688.170874236894
0.22702199789220018 	 42727.13888246107
0.22802199789220018 	 42695.10575398338
0.22902199789220018 	 42601.83929412645
0.23002199789220018 	 42455.69066189063
0.23102199789220018 	 42263.841232501756
0.23202199789220018 	 42032.49733277613
0.23302199789220018 	 41767.045853717456
0.23402199789220018 	 41472.18002840137
0.23502199789220019 	 41152.00213202413
0.23602199789220019 	 40810.10810147686
0.2370219978922002 	 40449.65782599784
0.2380219978922002 	 40073.43396353221
0.2390219978922002 	 39683.891481815444
0.2400219978922002 	 39283.19963727216
0.2410219978922002 	 38873.27774006299
0.2420219978922002 	 38455.825776573656
0.2430219978922002 	 38032.35074795588
0.2440219978922002 	 37604.18941839809
0.2450219978922002 	 37172.52803772605
0.2460219978922002 	 36738.41950103527
0.2470219978922002 	 36302.798326973905
0.2480219978922002 	 35866.49377128779
0.2490219978922002 	 35430.2413397598
0.2500219978922002 	 34994.69292203052
0.2510219978922002 	 34560.425732920936
0.2520219978922002 	 34127.95021921036
0.2530219978922002 	 33697.7170661207
0.2540219978922002 	 33270.123418066694
0.2550219978922002 	 32845.51841179009
0.2560219978922002 	 32424.208106207894
0.2570219978922002 	 32006.45988169436
0.2580219978922002 	 31592.50637169616
0.2590219978922002 	 31182.54898124861
0.2600219978922002 	 30776.761039860638
0.2610219978922002 	 30375.290630170468
0.2620219978922002 	 29978.263128570372
0.2630219978922002 	 29585.783489526213
0.2640219978922002 	 29197.93830145618
0.2650219978922002 	 28814.79763869653
0.2660219978922002 	 28436.416731186342
0.2670219978922002 	 28062.837470986666
0.2680219978922002 	 27694.089772556392
0.2690219978922002 	 27330.192801790778
0.2700219978922002 	 26971.156087153016
0.2710219978922002 	 26616.980524756676
0.2720219978922002 	 26267.65928796562
0.2730219978922002 	 25923.178650939095
0.2740219978922002 	 25583.518734545436
0.2750219978922002 	 25248.654182181217
0.2760219978922002 	 24918.55477224668
0.2770219978922002 	 24593.18597333217
0.2780219978922002 	 24272.50944755257
0.2790219978922002 	 23956.48350691659
0.2800219978922002 	 23645.063527128175
0.2810219978922002 	 23338.20232278147
0.2820219978922002 	 23035.850487520405
0.2830219978922002 	 22737.956702386356
0.28402199789220023 	 22444.468015264727
0.28502199789220023 	 22155.330094062843
0.28602199789220023 	 21870.487456000392
0.28702199789220023 	 21589.883675168447
0.28802199789220023 	 21313.46157031167
0.28902199789220023 	 21041.16337460504
0.29002199789220023 	 20772.930889033607
0.29102199789220023 	 20508.705620835277
0.29202199789220024 	 20248.428908333244
0.29302199789220024 	 19992.042033364567
0.29402199789220024 	 19739.486322402292
0.29502199789220024 	 19490.703237369933
0.29602199789220024 	 19245.634457057797
0.29702199789220024 	 19004.221949970302
0.29802199789220024 	 18766.40803935978
0.29902199789220024 	 18532.135461135662
0.30002199789220024 	 18301.34741527807
0.30102199789220024 	 18073.987611329347
0.30202199789220024 	 17850.00030848786
0.30302199789220025 	 17629.330350782548
0.30402199789220025 	 17411.92319776537
0.30502199789220025 	 17197.72495112204
0.30602199789220025 	 16986.68237756561
0.30702199789220025 	 16778.74292834809
0.30802199789220025 	 16573.854755695058
0.30902199789220025 	 16371.966726443596
0.31002199789220025 	 16173.028433139112
0.31102199789220025 	 15976.990202825493
0.31202199789220025 	 15783.80310374322
0.31302199789220025 	 15593.418950131423
0.31402199789220026 	 15405.79030531397
0.31502199789220026 	 15220.87048323397
0.31602199789220026 	 15038.613548587502
0.31702199789220026 	 14858.974315694491
0.31802199789220026 	 14681.90834623315
0.31902199789220026 	 14507.371945953531
0.32002199789220026 	 14335.32216047627
0.32102199789220026 	 14165.716770273266
0.32202199789220026 	 13998.514284919138
0.32302199789220026 	 13833.673936694571
0.32402199789220026 	 13671.155673615765
0.32502199789220027 	 13510.920151958013
0.32602199789220027 	 13352.928728335313
0.32702199789220027 	 13197.143451392918
0.32802199789220027 	 13043.527053164522
0.32902199789220027 	 12892.042940141335
0.33002199789220027 	 12742.655184096484
0.33102199789220027 	 12595.328512703732
0.33202199789220027 	 12450.028299986709
0.33302199789220027 	 12306.720556631093
0.3340219978922003 	 12165.371920189564
0.3350219978922003 	 12025.949645206523
0.3360219978922003 	 11888.421593287103
0.3370219978922003 	 11752.75622313256
0.3380219978922003 	 11618.922580562465
0.3390219978922003 	 11486.890288541656
0.3400219978922003 	 11356.629537228364
0.3410219978922003 	 11228.111074058635
0.3420219978922003 	 11101.306193879971
0.3430219978922003 	 10976.186729146357
0.3440219978922003 	 10852.725040185354
0.3450219978922003 	 10730.894005546765
0.3460219978922003 	 10610.66701244126
0.3470219978922003 	 10492.01794727661
0.3480219978922003 	 10374.921186298136
0.3490219978922003 	 10259.351586338962
0.3500219978922003 	 10145.284475685507
0.3510219978922003 	 10032.695645062158
0.3520219978922003 	 9921.561338739257
0.3530219978922003 	 9811.858245767311
0.3540219978922003 	 9703.563491340228
0.3550219978922003 	 9596.654628289687
0.3560219978922003 	 9491.109628712407
0.3570219978922003 	 9386.906875731729
0.3580219978922003 	 9284.025155394378
0.3590219978922003 	 9182.443648703156
0.3600219978922003 	 9082.141923785954
0.3610219978922003 	 8983.099928201062
0.3620219978922003 	 8885.297981378819
0.3630219978922003 	 8788.716767198988
0.3640219978922003 	 8693.337326703542
0.3650219978922003 	 8599.14105094396
0.3660219978922003 	 8506.10967396219
0.3670219978922003 	 8414.225265904157
0.3680219978922003 	 8323.470226264806
0.3690219978922003 	 8233.827277263166
0.3700219978922003 	 8145.2794573462725
0.3710219978922003 	 8057.810114820241
0.3720219978922003 	 7971.402901607152
0.3730219978922003 	 7886.041767125985
0.3740219978922003 	 7801.710952295939
0.3750219978922003 	 7718.39498366045
0.3760219978922003 	 7636.078667630112
0.3770219978922003 	 7554.747084842619
0.3780219978922003 	 7474.385584638044
0.3790219978922003 	 7394.979779647441
0.3800219978922003 	 7316.515540492966
0.3810219978922003 	 7238.978990597602
0.3820219978922003 	 7162.356501102627
0.3830219978922003 	 7086.634685890837
0.3840219978922003 	 7011.800396713753
0.3850219978922003 	 6937.840718420724
0.3860219978922003 	 6864.742964288228
0.3870219978922003 	 6792.494671447356
0.3880219978922003 	 6721.083596407663
0.3890219978922003 	 6650.497710675459
0.3900219978922003 	 6580.725196464793
0.3910219978922003 	 6511.754442499217
0.3920219978922003 	 6443.5740399025635
0.3930219978922003 	 6376.17277817688
0.3940219978922003 	 6309.539641265929
0.3950219978922003 	 6243.663803702218
0.39602199789220033 	 6178.534626836145
0.39702199789220033 	 6114.141655145313
0.39802199789220033 	 6050.474612622514
0.39902199789220033 	 5987.523399240604
0.40002199789220033 	 5925.278087492755
0.40102199789220033 	 5863.728919006389
0.40202199789220033 	 5802.86630122932
0.40302199789220033 	 5742.680804186459
0.40402199789220034 	 5683.163157305667
0.40502199789220034 	 5624.304246311176
0.40602199789220034 	 5566.095110183166
0.40702199789220034 	 5508.526938182094
0.40802199789220034 	 5451.591066936265
0.40902199789220034 	 5395.278977591353
0.41002199789220034 	 5339.582293020501
0.41102199789220034 	 5284.492775093628
0.41202199789220034 	 5230.002322004688
0.41302199789220034 	 5176.1029656556075
0.41402199789220034 	 5122.786869095602
0.41502199789220034 	 5070.046324014672
0.41602199789220035 	 5017.873748290133
0.41702199789220035 	 4966.261683584921
0.41802199789220035 	 4915.202792996563
0.41902199789220035 	 4864.6894399250905
0.42002199789220035 	 4814.715702386634
0.42102199789220035 	 4765.27356568292
0.42202199789220035 	 4716.356290599558
0.42302199789220035 	 4667.957050371524
0.42402199789220035 	 4620.0689673224315
0.42502199789220035 	 4572.685191422602
0.42602199789220035 	 4525.798905481479
0.42702199789220036 	 4479.403328522621
0.42802199789220036 	 4433.491719329418
0.42902199789220036 	 4388.057379655648
0.43002199789220036 	 4343.09365724868
0.43102199789220036 	 4298.593948661099
0.43202199789220036 	 4254.551701870933
0.43302199789220036 	 4210.960418718474
0.43402199789220036 	 4167.813657170163
0.43502199789220036 	 4125.105033418978
0.43602199789220036 	 4082.8282238302804
0.43702199789220036 	 4040.976966741896
0.43802199789220037 	 3999.5450641264474
0.43902199789220037 	 3958.526383123994
0.44002199789220037 	 3917.914857452257
0.44102199789220037 	 3877.704488701611
0.44202199789220037 	 3837.8893475215687
0.44302199789220037 	 3798.4635747051816
0.44402199789220037 	 3759.4213821774324
0.44502199789220037 	 3720.7570538933646
0.4460219978922004 	 3682.464946651502
0.4470219978922004 	 3644.5394908276758
0.4480219978922004 	 3606.9751910342006
0.4490219978922004 	 3569.766626709078
0.4500219978922004 	 3532.9084526395523
0.4510219978922004 	 3496.3953994242224
0.4520219978922004 	 3460.2222738776127
0.4530219978922004 	 3424.383959380845
0.4540219978922004 	 3388.875416181959
0.4550219978922004 	 3353.691681649033
0.4560219978922004 	 3318.8278704792756
0.4570219978922004 	 3284.2791748668506
0.4580219978922004 	 3250.0408646321907
0.4590219978922004 	 3216.1082873152413
0.4600219978922004 	 3182.4768682350077
0.4610219978922004 	 3149.142110517548
0.4620219978922004 	 3116.0995950944252
0.4630219978922004 	 3083.344980673449
0.4640219978922004 	 3050.874003683467
0.4650219978922004 	 3018.6824781947307
0.4660219978922004 	 2986.7662958162887
0.4670219978922004 	 2955.121425571702
0.4680219978922004 	 2923.7439137543015
0.4690219978922004 	 2892.629883762993
0.4700219978922004 	 2861.7755359195985
0.4710219978922004 	 2831.177147268602
0.4720219978922004 	 2800.8310713599394
0.4730219978922004 	 2770.7337380156114
0.4740219978922004 	 2740.881653080521
0.4750219978922004 	 2711.2713981580796
0.4760219978922004 	 2681.899630330926
0.4770219978922004 	 2652.7630818670045
0.4780219978922004 	 2623.858559911247
0.4790219978922004 	 2595.182946162978
0.4800219978922004 	 2566.733196539019
0.4810219978922004 	 2538.506340822784
0.4820219978922004 	 2510.4994822983194
0.4830219978922004 	 2482.7097973724103
0.4840219978922004 	 2455.1345351730556
0.4850219978922004 	 2427.7710171657177
0.4860219978922004 	 2400.6166366353013
0.4870219978922004 	 2373.6688565483437
0.4880219978922004 	 2346.925216422249
0.4890219978922004 	 2320.3833206814356
0.4900219978922004 	 2294.040845726952
0.4910219978922004 	 2267.8955374277043
0.4920219978922004 	 2241.945210674186
0.4930219978922004 	 2216.1877488159607
0.4940219978922004 	 2190.621103106018
0.4950219978922004 	 2165.243292119061
0.4960219978922004 	 2140.0524011516422
0.4970219978922004 	 2115.046581601332
0.4980219978922004 	 2090.224050324974
0.4990219978922004 	 2065.5830889752156
0.5000219978922004 	 2041.1220433148806
0.5010219978922004 	 2016.8393225085256
0.5020219978922004 	 1992.7333983906935
0.5030219978922004 	 1968.802804710296
0.5040219978922004 	 1945.0461363506122
0.5050219978922004 	 1921.462048524462
0.5060219978922004 	 1898.049255944004
0.5070219978922004 	 1874.806531964828
0.5080219978922004 	 1851.732707703889
0.5090219978922004 	 1828.8266711309336
0.5100219978922004 	 1806.0873661331307
0.5110219978922004 	 1783.51379155263
0.5120219978922004 	 1761.1050001968172
0.5130219978922004 	 1738.860097821143
0.5140219978922004 	 1716.7782420843694
0.5150219978922004 	 1694.8586414762374
0.5160219978922004 	 1673.1005542175274
0.5170219978922004 	 1651.50328713262
0.5180219978922004 	 1630.0661944946953
0.5190219978922004 	 1608.7886768437845
0.5200219978922004 	 1587.6701797779526
0.5210219978922004 	 1566.7101927180622
0.5220219978922004 	 1545.9082476461822
0.5230219978922004 	 1525.2639178194963
0.5240219978922004 	 1504.7768164555348
0.5250219978922004 	 1484.4465954065895
0.5260219978922004 	 1464.2729437617095
0.5270219978922004 	 1444.2555857686575
0.5280219978922004 	 1424.3942824528804
0.5290219978922004 	 1404.6888255394535
0.5300219978922004 	 1385.1390387443246
0.5310219978922004 	 1365.744777279085
0.5320219978922004 	 1346.5059236252328
0.5330219978922004 	 1327.4223879217052
0.5340219978922004 	 1308.4941059510993
0.5350219978922004 	 1289.721037633748
0.5360219978922004 	 1271.10316548645
0.5370219978922004 	 1252.6404930772007
0.5380219978922004 	 1234.3330434698182
0.5390219978922004 	 1216.1808576621709
0.5400219978922004 	 1198.1839930192573
0.5410219978922004 	 1180.3425217031245
0.5420219978922004 	 1162.6565291012057
0.5430219978922004 	 1145.126112255913
0.5440219978922004 	 1127.7513782941191
0.5450219978922004 	 1110.5324428703816
0.5460219978922004 	 1093.4694285829974
0.5470219978922004 	 1076.5624629592244
0.5480219978922004 	 1059.8116789257058
0.5490219978922004 	 1043.217201296321
0.5500219978922004 	 1026.7791358515144
0.5510219978922004 	 1010.4975881504728
0.5520219978922004 	 994.372665439257
0.5530219978922004 	 978.4044749384797
0.5540219978922004 	 962.5931221710066
0.5550219978922004 	 946.9387093224877
0.5560219978922004 	 931.44133363876
0.5570219978922004 	 916.1010858611996
0.5580219978922004 	 900.9180487018285
0.5590219978922004 	 885.8922953597523
0.5600219978922004 	 871.0238880804822
0.5610219978922004 	 856.3128767596955
0.5620219978922004 	 841.7592975927432
0.5630219978922004 	 827.3631717717218
0.5640219978922004 	 813.1245042299021
0.5650219978922004 	 799.043282440158
0.5660219978922004 	 785.1194752491213
0.5670219978922004 	 771.3530315670002
0.5680219978922004 	 757.7438802289424
0.5690219978922004 	 744.2919275965768
0.5700219978922004 	 730.9970575763036
0.5710219978922004 	 717.8591304779411
0.5720219978922004 	 704.8779821949939
0.5730219978922004 	 692.0534234291397
0.5740219978922004 	 679.3852389745704
0.5750219978922004 	 666.8731870585042
0.5760219978922004 	 654.5169987390344
0.5770219978922004 	 642.3163773601049
0.5780219978922004 	 630.2709980635955
0.5790219978922004 	 618.3805073583155
0.5800219978922004 	 606.6445227457459
0.5810219978922004 	 595.0626324016379
0.5820219978922004 	 583.6343949148046
0.5830219978922004 	 572.359339075948
0.5840219978922004 	 561.2369636556249
0.5850219978922004 	 550.2667376093291
0.5860219978922004 	 539.448099561415
0.5870219978922004 	 528.7804581320839
0.5880219978922004 	 518.2631919089139
0.5890219978922004 	 507.8956495511218
0.5900219978922004 	 497.67714985936374
0.5910219978922004 	 487.6069823442579
0.5920219978922004 	 477.6844069054985
0.5930219978922004 	 467.9086545047965
0.5940219978922004 	 458.2789274269172
0.5950219978922004 	 448.79439961037497
0.5960219978922005 	 439.4542170942768
0.5970219978922005 	 430.25749846232475
0.5980219978922005 	 421.2033353319523
0.5990219978922005 	 412.29079287763574
0.6000219978922005 	 403.51891038705855
0.6010219978922005 	 394.8867018482321
0.6020219978922005 	 386.39315656580925
0.6030219978922005 	 378.0372398047741
0.6040219978922005 	 369.817893459675
0.6050219978922005 	 361.7340367476401
0.6060219978922005 	 353.7845669231062
0.6070219978922005 	 345.9683600133539
0.6080219978922005 	 338.2842715697628
0.6090219978922005 	 330.73113740322583
0.6100219978922005 	 323.3077745195267
0.6110219978922005 	 316.0129816833125
0.6120219978922005 	 308.8455403868285
0.6130219978922005 	 301.8042156252069
0.6140219978922005 	 294.8877567244497
0.6150219978922005 	 288.0948981723138
0.6160219978922005 	 281.4243604373023
0.6170219978922005 	 274.874850888703
0.6180219978922005 	 268.44506451440446
0.6190219978922005 	 262.1336848480026
0.6200219978922005 	 255.93938478663648
0.6210219978922005 	 249.86082742992116
0.6220219978922005 	 243.89666691392233
0.6230219978922005 	 238.04554924024936
0.6240219978922005 	 232.306113098733
0.6250219978922005 	 226.67699068262598
0.6260219978922005 	 221.15680849522533
0.6270219978922005 	 215.7441881468876
0.6280219978922005 	 210.43774714146804
0.6290219978922005 	 205.2360996512562
0.6300219978922005 	 200.1378572795763
0.6310219978922005 	 195.14162981017043
0.6320219978922005 	 190.2460259428707
0.6330219978922005 	 185.44965401399637
0.6340219978922005 	 180.75112269377576
0.6350219978922005 	 176.14904171279167
0.6360219978922005 	 171.64202247163368
0.6370219978922005 	 167.22867876588472
0.6380219978922005 	 162.90762737019176
0.6390219978922005 	 158.67748869129085
0.6400219978922005 	 154.53688736351873
0.6410219978922005 	 150.48445283477625
0.6420219978922005 	 146.51881993361368
0.6430219978922005 	 142.63862941775568
0.6440219978922005 	 138.84252850378644
0.6450219978922005 	 135.12917137792286
0.6460219978922005 	 131.497219687792
0.6470219978922005 	 127.94534301519789
0.6480219978922005 	 124.47221932984313
0.6490219978922005 	 121.07653542415494
0.6500219978922005 	 117.75698732893208
0.6510219978922005 	 114.51228070696904
0.6520219978922005 	 111.34113124656653
0.6530219978922005 	 108.24226499790501
0.6540219978922005 	 105.21441873071154
0.6550219978922005 	 102.25634025333135
0.6560219978922005 	 99.36678871839047
0.6570219978922005 	 96.54453491061896
0.6580219978922005 	 93.78836151734933
0.6590219978922005 	 91.09706338191805
0.6600219978922005 	 88.46944774028913
0.6610219978922005 	 85.90433444121534
0.6620219978922005 	 83.40055615026884
0.6630219978922005 	 80.95695853809063
0.6640219978922005 	 78.57240045319466
0.6650219978922005 	 76.24575407953883
0.6660219978922005 	 73.97590508037968
0.6670219978922005 	 71.76175272577767
0.6680219978922005 	 69.60221000822403
0.6690219978922005 	 67.49620374285655
0.6700219978922005 	 65.44267465925708
0.6710219978922005 	 63.440577471129004
0.6720219978922005 	 61.48888094325854
0.6730219978922005 	 59.58656794153144
0.6740219978922005 	 57.73263547250454
0.6750219978922005 	 55.92609471173326
0.6760219978922005 	 54.16597102082951
0.6770219978922005 	 52.45130395717938
0.6780219978922005 	 50.781147267386686
0.6790219978922005 	 49.15456887761513
0.6800219978922005 	 47.57065087138126
0.6810219978922005 	 46.02848945926637
0.6820219978922005 	 44.52719494015556
0.6830219978922005 	 43.06589165441478
0.6840219978922005 	 41.64371792935725
0.6850219978922005 	 40.259826017369036
0.6860219978922005 	 38.913382027015395
0.6870219978922005 	 37.603565847229554
0.6880219978922005 	 36.329571066730786
0.6890219978922005 	 35.09060488424229
0.6900219978922005 	 33.88588801634217
0.6910219978922005 	 32.714654597911526
0.6920219978922005 	 31.57615207988865
0.6930219978922005 	 30.46964111817557
0.6940219978922005 	 29.39439546231829
0.6950219978922005 	 28.349701837848375
0.6960219978922005 	 27.334859825219795
0.6970219978922005 	 26.349181735111998
0.6980219978922005 	 25.39199248038371
0.6990219978922005 	 24.462629444924392
0.7000219978922005 	 23.560442349647666
0.7010219978922005 	 22.68479311586243
0.7020219978922005 	 21.835055726250776
0.7030219978922005 	 21.010616083670744
0.7040219978922005 	 20.210871867998193
0.7050219978922005 	 19.435232391210562
0.7060219978922005 	 18.68311845091033
0.7070219978922005 	 17.953962182476772
0.7080219978922005 	 17.247206910028584
0.7090219978922006 	 16.562306996370925
0.7100219978922006 	 15.89872769209529
0.7110219978922006 	 15.255944983991895
0.7120219978922006 	 14.633445442927943
0.7130219978922006 	 14.03072607133892
0.7140219978922006 	 13.44729415047284
0.7150219978922006 	 12.882667087521108
0.7160219978922006 	 12.336372262757882
0.7170219978922006 	 11.807946876818969
0.7180219978922006 	 11.296937798289402
0.7190219978922006 	 10.80290141147923
0.7200219978922006 	 10.325403464865257
0.7210219978922006 	 9.864018919981984
0.7220219978922006 	 9.418331800993709
0.7230219978922006 	 8.987935045007886
0.7240219978922006 	 8.572430353214994
0.7250219978922006 	 8.171428042931446
0.7260219978922006 	 7.784546900619901
0.7270219978922006 	 7.411414035954758
0.7280219978922006 	 7.0516647369980285
0.7290219978922006 	 6.704942326545099
0.7300219978922006 	 6.370898019696981
0.7310219978922006 	 6.049190782710333
0.7320219978922006 	 5.739487193168787
0.7330219978922006 	 5.441461301557566
0.7340219978922006 	 5.154794494183866
0.7350219978922006 	 4.8791753576170445
0.7360219978922006 	 4.614299544576085
0.7370219978922006 	 4.359869641348715
0.7380219978922006 	 4.115595036743021
0.7390219978922006 	 3.881191792621936
0.7400219978922006 	 3.656382516025995
0.7410219978922006 	 3.44089623291188
0.7420219978922006 	 3.234468263523386
0.7430219978922006 	 3.0368400994106772
0.7440219978922006 	 2.8477592821109075
0.7450219978922006 	 2.6669792835018367
0.7460219978922006 	 2.494259387837358
0.7470219978922006 	 2.3293645754725016
0.7480219978922006 	 2.1720654082833857
0.7490219978922006 	 2.0221379167858093
0.7500219978922006 	 1.8793634889550868
0.7510219978922006 	 1.7435287607474885
0.7520219978922006 	 1.6144255083231505
0.7530219978922006 	 1.491850541968263
0.7540219978922006 	 1.3756056017140355
0.7550219978922006 	 1.2654972546480745
0.7560219978922006 	 1.16133679391519
0.7570219978922006 	 1.0629401393989775
0.7580219978922006 	 0.9701277400835517
0.7590219978922006 	 0.8827244780865009
0.7600219978922006 	 0.8005595743598679
0.7610219978922006 	 0.7234664960553694
0.7620219978922006 	 0.6512828655523059
0.7630219978922006 	 0.5838503711499781
0.7640219978922006 	 0.5210146794313302
0.7650219978922006 	 0.4626253493124509
0.7660219978922006 	 0.4085357478021751
0.7670219978922006 	 0.3586029675149282
0.7680219978922006 	 0.31268774600056115
0.7690219978922006 	 0.2706543869908078
0.7700219978922006 	 0.23237068370645558
0.7710219978922006 	 0.19770784443455183
0.7720219978922006 	 0.16654042064055696
0.7730219978922006 	 0.1387462379557793
0.7740219978922006 	 0.11420633020269114
0.7750219978922006 	 0.09280487631743697
0.7760219978922006 	 0.0744291376341148
0.7770219978922006 	 0.05896938915999903
0.7780219978922006 	 0.046318820991281436
0.7790219978922006 	 0.03637336070205134
0.7800219978922006 	 0.029031283142918286
0.7810219978922006 	 0.024192484967784113
0.7820219978922006 	 0.021757733221811307
0.7830219978922006 	 0.021630698731508705
0.7840219978922006 	 0.023720896196638058
0.7850219978922006 	 0.027942680927460148
0.7860219978922006 	 0.03421292451876029
0.7870219978922006 	 0.04244957374489248
0.7880219978922006 	 0.05257151745378137
0.7890219978922006 	 0.06449928907118384
0.7900219978922006 	 0.07815549020653029
0.7910219978922006 	 0.09346492146737304
0.7920219978922006 	 0.11035456485683615
0.7930219978922006 	 0.12875352322728684
0.7940219978922006 	 0.1485929519051828
0.7950219978922006 	 0.1698059945035916
0.7960219978922006 	 0.192327724231783
0.7970219978922006 	 0.21609509011582487
0.7980219978922006 	 0.24104686697680514
0.7990219978922006 	 0.2671236082826174
0.8000219978922006 	 0.29426760121786805
0.8010219978922006 	 0.3224228235325167
0.8020219978922006 	 0.3515349018711749
0.8030219978922006 	 0.38155107138255573
0.8040219978922006 	 0.4124201364710893
0.8050219978922006 	 0.4440924325939603
0.8060219978922006 	 0.4765197890334882
0.8070219978922006 	 0.5096554925923434
0.8080219978922006 	 0.5434542521710877
0.8090219978922006 	 0.5778721641951643
0.8100219978922006 	 0.6128666788641388
0.8110219978922006 	 0.6483965671996287
0.8120219978922006 	 0.68442188887113
0.8130219978922006 	 0.7209039607809022
0.8140219978922006 	 0.7578053263904329
0.8150219978922006 	 0.795089725772196
0.8160219978922006 	 0.832722066371231
0.8170219978922006 	 0.8706683944617166
0.8180219978922006 	 0.9088958672843471
0.8190219978922006 	 0.9473727258507256
0.8200219978922006 	 0.9860682684014301
0.8210219978922007 	 1.0249528245047783
0.8220219978922007 	 1.0639977297836418
0.8230219978922007 	 1.1031753012579284
0.8240219978922007 	 1.1424588132906688
0.8250219978922007 	 1.181822474125936
0.8260219978922007 	 1.2212414030069871
0.8270219978922007 	 1.2606916078633528
0.8280219978922007 	 1.3001499635557732
0.8290219978922007 	 1.3395941906681268
0.8300219978922007 	 1.3790028348357009
0.8310219978922007 	 1.4183552465993825
0.8320219978922007 	 1.4576315617755153
0.8330219978922007 	 1.4968126823313967
0.8340219978922007 	 1.5358802577565662
0.8350219978922007 	 1.574816666920172
0.8360219978922007 	 1.6136050004050129
0.8370219978922007 	 1.6522290433088065
0.8380219978922007 	 1.6906732585036282
0.8390219978922007 	 1.7289227703444083
0.8400219978922007 	 1.76696334881769
0.8410219978922007 	 1.8047813941218873
0.8420219978922007 	 1.8423639216704173
0.8430219978922007 	 1.8796985475092534
0.8440219978922007 	 1.9167734741405198
0.8450219978922007 	 1.9535774767438314
0.8460219978922007 	 1.9900998897872353
0.8470219978922007 	 2.0263305940196337
0.8480219978922007 	 2.0622600038366006
0.8490219978922007 	 2.0978790550120685
0.8500219978922007 	 2.1331791927869106
0.8510219978922007 	 2.1681523603079524
0.8520219978922007 	 2.2027909874085707
0.8530219978922007 	 2.237087979723426
0.8540219978922007 	 2.271036708129558
0.8550219978922007 	 2.3046309985059406
0.8560219978922007 	 2.3378651218038105
0.8570219978922007 	 2.370733784419887
0.8580219978922007 	 2.4032321188646892
0.8590219978922007 	 2.4353556747180436
0.8600219978922007 	 2.467100409863945
0.8610219978922007 	 2.498462681996812
0.8620219978922007 	 2.529439240391109
0.8630219978922007 	 2.5600272179264008
0.8640219978922007 	 2.590224123359674
0.8650219978922007 	 2.6200278338368888
0.8660219978922007 	 2.6494365876355497
0.8670219978922007 	 2.6784489771301643
0.8680219978922007 	 2.7070639419723244
0.8690219978922007 	 2.735280762477246
0.8700219978922007 	 2.7630990532085433
0.8710219978922007 	 2.7905187567528627
0.8720219978922007 	 2.817540137677461
0.8730219978922007 	 2.844163776659588
0.8740219978922007 	 2.870390564783965
0.8750219978922007 	 2.8962216979972757
0.8760219978922007 	 2.9216586717135615
0.8770219978922007 	 2.94670327556276
0.8780219978922007 	 2.9713575882753913
0.8790219978922007 	 2.995623972696716
0.8800219978922007 	 3.0195050709239037
0.8810219978922007 	 3.0430037995605055
0.8820219978922007 	 3.066123345082742
0.8830219978922007 	 3.088867159313044
0.8840219978922007 	 3.111238954996665
0.8850219978922007 	 3.1332427014781428
0.8860219978922007 	 3.154882620475193
0.8870219978922007 	 3.1761631819484353
0.8880219978922007 	 3.1970891000665325
0.8890219978922007 	 3.217665329267257
0.8900219978922007 	 3.2378970604162576
0.8910219978922007 	 3.257789717066608
0.8920219978922007 	 3.277348951823418
0.8930219978922007 	 3.296580642819461
0.8940219978922007 	 3.3154908903089435
0.8950219978922007 	 3.3340860133891352
0.8960219978922007 	 3.352372546856604
0.8970219978922007 	 3.370357238219809
0.8980219978922007 	 3.3880470448694826
0.8990219978922007 	 3.4054491314323516
0.9000219978922007 	 3.4225708673224307
0.9010219978922007 	 3.4394198245100784
0.9020219978922007 	 3.4560037755305726
0.9030219978922007 	 3.472330691751525
0.9040219978922007 	 3.488408741961404
0.9050219978922007 	 3.5042462912108623
0.9060219978922007 	 3.5198519000715724
0.9070219978922007 	 3.5352343242402116
0.9080219978922007 	 3.550402514570366
0.9090219978922007 	 3.5653656175567012
0.9100219978922007 	 3.580132976317051
0.9110219978922007 	 3.5947141321116045
0.9120219978922007 	 3.60911882644949
0.9130219978922007 	 3.6233570038258
0.9140219978922007 	 3.637438815146863
0.9150219978922007 	 3.6513746218962697
0.9160219978922007 	 3.6651750011017126
0.9170219978922007 	 3.678850751163912
0.9180219978922007 	 3.692412898618551
0.9190219978922007 	 3.705872705899279
0.9200219978922007 	 3.7192416801817427
0.9210219978922007 	 3.7325315833901547
0.9220219978922007 	 3.745754443455757
0.9230219978922007 	 3.758922566924374
0.9240219978922007 	 3.772048553014272
0.9250219978922007 	 3.785145309240424
0.9260219978922007 	 3.798226068725251
0.9270219978922007 	 3.8113044093293293
0.9280219978922007 	 3.824394274747804
0.9290219978922007 	 3.837509997734564
0.9300219978922007 	 3.8506663256191374
0.9310219978922007 	 3.8638784483275193
0.9320219978922007 	 3.8771620290920534
0.9330219978922007 	 3.890533238109664
0.9340219978922008 	 3.9040087893909607
0.9350219978922008 	 3.917605981093142
0.9360219978922008 	 3.93134273965332
0.9370219978922008 	 3.945237668079897
0.9380219978922008 	 3.9593100987905747
0.9390219978922008 	 3.973580151446754
0.9400219978922008 	 3.9880687962722288
0.9410219978922008 	 4.002797923412113
0.9420219978922008 	 4.017790418952991
0.9430219978922008 	 4.033070248302656
0.9440219978922008 	 4.048662547720034
0.9450219978922008 	 4.064593724877167
0.9460219978922008 	 4.080891569462264
0.9470219978922008 	 4.097585374978593
0.9480219978922008 	 4.114706073101542
0.9490219978922008 	 4.132286380891479
0.9500219978922008 	 4.1503609677933575
0.9510219978922008 	 4.168966631435855
0.9520219978922008 	 4.188142504147057
0.9530219978922008 	 4.207930273102599
0.9540219978922008 	 4.228374429512846
0.9550219978922008 	 4.249522545338733
0.9560219978922008 	 4.271425581850146
0.9570219978922008 	 4.294138235775838
0.9580219978922008 	 4.31771932627484
0.9590219978922008 	 4.342232230196018
0.9600219978922008 	 4.367745371575749
0.9610219978922008 	 4.3943327750252585
0.9620219978922008 	 4.42207469016477
0.9630219978922008 	 4.451058300828255
0.9640219978922008 	 4.4813785308285015
0.9650219978922008 	 4.513138962571538
0.9660219978922008 	 4.546452887169759
0.9670219978922008 	 4.581444508436022
0.9680219978922008 	 4.618250327559543
0.9690219978922008 	 4.657020740691136
0.9700219978922008 	 4.697921888396703
0.9710219978922008 	 4.741137804204876
0.9720219978922008 	 4.786872919837248
0.9730219978922008 	 4.83535499759666
0.9740219978922008 	 4.886838576677083
0.9750219978922008 	 4.941609040754166
0.9760219978922008 	 4.999987440263703
0.9770219978922008 	 5.062336234748775
0.9780219978922008 	 5.129066178916857
0.9790219978922008 	 5.200644567230908
0.9800219978922008 	 5.27760529039432
0.9810219978922008 	 5.360560980886333
0.9820219978922008 	 5.450217952992958
0.9830219978922008 	 5.547394593431957
0.9840219978922008 	 5.653044195309651
0.9850219978922008 	 5.76828351365849
0.9860219978922008 	 5.894428760113934
0.9870219978922008 	 6.033041358576313
0.9880219978922008 	 6.167435725723108
0.9890219978922008 	 6.275014305440469
0.9900219978922008 	 6.365013869355779
0.9910219978922008 	 6.436882078514738
0.9920219978922008 	 6.4878651013148305
0.9930219978922008 	 6.513949185886462
0.9940219978922008 	 6.5101661750136595
0.9950219978922008 	 6.470821679711183
0.9960219978922008 	 6.343756646115687
0.9970219978922008 	 6.103254021660944
0.9980219978922008 	 5.774982592626558
0.9990219978922008 	 5.373229514460669
1.0000219978922007 	 5.396818293892471
1.0010219978922006 	 4.851134084330778
1.0020219978922005 	 4.285697941868116
1.0030219978922004 	 3.721776547748303
1.0040219978922003 	 3.1779618158551117
1.0050219978922001 	 2.66889462498632
1.0060219978922 	 2.204737917444601
1.0070219978922 	 1.7913225123491159
1.0080219978921998 	 1.4307570760592843
1.0090219978921997 	 1.1222646619067391
1.0100219978921996 	 0.8630498517986944
1.0110219978921995 	 0.6490706067641485
1.0120219978921994 	 0.4756556138072984
1.0130219978921993 	 0.33795663283723776
1.0140219978921992 	 0.23125292130464017
1.015021997892199 	 0.15113754343332345
1.016021997892199 	 0.09361533643955454
1.0170219978921988 	 0.05514126477309328
1.0180219978921987 	 0.032617051308439116
1.0190219978921986 	 0.023363593488705273
1.0200219978921985 	 0.025061281559199997
1.0210219978921984 	 0.03578479050586192
1.0220219978921983 	 0.05388996664058821
1.0230219978921982 	 0.07799495102174275
1.024021997892198 	 0.1069267447423174
1.025021997892198 	 0.1397070748331971
1.0260219978921978 	 0.1755158021374712
1.0270219978921977 	 0.21366938818004816
1.0280219978921976 	 0.25359743546511315
1.0290219978921975 	 0.2948252649609374
1.0300219978921974 	 0.3369581933496572
1.0310219978921973 	 0.3796687275809253
1.0320219978921972 	 0.42268565094465405
1.033021997892197 	 0.4657849297984784
1.034021997892197 	 0.5087820723024103
1.0350219978921968 	 0.551525734634108
1.0360219978921967 	 0.5938923625501352
1.0370219978921966 	 0.6357817023999274
1.0380219978921965 	 0.6771130378969938
1.0390219978921964 	 0.7178220337341902
1.0400219978921963 	 0.7578580862395612
1.0410219978921962 	 0.7971820979492497
1.042021997892196 	 0.8357646067622089
1.043021997892196 	 0.8735842119132697
1.0440219978921959 	 0.9106262486251897
1.0450219978921957 	 0.9468816713116309
1.0460219978921956 	 0.9823461118122258
1.0470219978921955 	 1.0170190849511065
1.0480219978921954 	 1.0509033175870561
1.0490219978921953 	 1.0840041821823188
1.0500219978921952 	 1.1163292182338622
1.051021997892195 	 1.1478877279184934
1.052021997892195 	 1.1786904343713378
1.0530219978921949 	 1.2087491933261707
1.0540219978921948 	 1.238076749246233
1.0550219978921946 	 1.2666865298845198
1.0560219978921945 	 1.2945924729867848
1.0570219978921944 	 1.321808880442586
1.0580219978921943 	 1.3483502957207751
1.0590219978921942 	 1.3742314010998717
1.060021997892194 	 1.3994669317283472
1.061021997892194 	 1.4240716040032044
1.0620219978921939 	 1.4480599010215072
1.0630219978921938 	 1.4714443965767685
1.0640219978921936 	 1.4942394201896332
1.0650219978921935 	 1.5164591590307535
1.0660219978921934 	 1.5381174641563387
1.0670219978921933 	 1.5592279107808487
1.0680219978921932 	 1.579803799998314
1.069021997892193 	 1.5998581520098873
1.070021997892193 	 1.619403701466259
1.0710219978921929 	 1.6384528908666844
1.0720219978921928 	 1.657017869231867
1.0730219978921927 	 1.675110489690458
1.0740219978921925 	 1.6927423097457297
1.0750219978921924 	 1.709924592568408
1.0760219978921923 	 1.7266683092188835
1.0770219978921922 	 1.7429841424791543
1.078021997892192 	 1.7588824900030386
1.079021997892192 	 1.7743734694954347
1.0800219978921919 	 1.7894669235147773
1.0810219978921918 	 1.8041724255748959
1.0820219978921917 	 1.8184992849903188
1.0830219978921916 	 1.8324565533420238
1.0840219978921914 	 1.8460530311393255
1.0850219978921913 	 1.8592972727404928
1.0860219978921912 	 1.8721975945764127
1.0870219978921911 	 1.8847620799006726
1.088021997892191 	 1.8969985853124023
1.089021997892191 	 1.9089147477383168
1.0900219978921908 	 1.920517990696509
1.0910219978921907 	 1.9318155296823865
1.0920219978921906 	 1.9428143783877816
1.0930219978921905 	 1.953521354459159
1.0940219978921903 	 1.9639430874287875
1.0950219978921902 	 1.974086020735933
1.0960219978921901 	 1.9839564199697073
1.09702199789219 	 1.9935603780709326
1.09802199789219 	 2.0029038192665887
1.0990219978921898 	 2.0119925057627643
1.1000219978921897 	 2.020832038278537
1.1010219978921896 	 2.029427884009306
1.1020219978921895 	 2.0377862429840214
1.1030219978921894 	 2.045911931861992
1.1040219978921892 	 2.053809395659027
1.1050219978921891 	 2.061483112402601
1.106021997892189 	 2.0689375925927753
1.107021997892189 	 2.0761773815330975
1.1080219978921888 	 2.083207057854253
1.1090219978921887 	 2.090031234165115
1.1100219978921886 	 2.096654557328452
1.1110219978921885 	 2.103081706299642
1.1120219978921884 	 2.109317166763143
1.1130219978921883 	 2.1153645967160655
1.1140219978921881 	 2.1212274607245445
1.115021997892188 	 2.126909224503764
1.116021997892188 	 2.1324133586364398
1.1170219978921878 	 2.137743334831399
1.1180219978921877 	 2.14290262930617
1.1190219978921876 	 2.1478947223872127
1.1200219978921875 	 2.1527230967897872
1.1210219978921874 	 2.1573912406371143
1.1220219978921873 	 2.161902513684866
1.1230219978921872 	 2.16625979479002
1.124021997892187 	 2.170465838977137
1.125021997892187 	 2.1745233955375416
1.1260219978921868 	 2.178435203707297
1.1270219978921867 	 2.1822039961614577
1.1280219978921866 	 2.1858324967007263
1.1290219978921865 	 2.189323423665853
1.1300219978921864 	 2.192679485178893
1.1310219978921863 	 2.1959033849747023
1.1320219978921862 	 2.1989977317968643
1.133021997892186 	 2.201964811515605
1.134021997892186 	 2.20480682169557
1.1350219978921858 	 2.2075028832462866
1.1360219978921857 	 2.21010228212127
1.1370219978921856 	 2.212583107339106
1.1380219978921855 	 2.214947509427714
1.1390219978921854 	 2.217197626616492
1.1400219978921853 	 2.2193355879013374
1.1410219978921852 	 2.2213635080819243
1.142021997892185 	 2.2232834397896752
1.143021997892185 	 2.225097220056024
1.1440219978921848 	 2.226806627119685
1.1450219978921847 	 2.2284134250260825
1.1460219978921846 	 2.229919367298264
1.1470219978921845 	 2.231326192087187
1.1480219978921844 	 2.2326356276221544
1.1490219978921843 	 2.233849390014601
1.1500219978921842 	 2.2349691809098986
1.151021997892184 	 2.235996692979039
1.152021997892184 	 2.2369335695837886
1.1530219978921838 	 2.2377813112208504
1.1540219978921837 	 2.238541373861382
1.1550219978921836 	 2.239215202984328
1.1560219978921835 	 2.2398042313556266
1.1570219978921834 	 2.2403098791172362
1.1580219978921833 	 2.2407335569626343
1.1590219978921832 	 2.2410766610900854
1.160021997892183 	 2.2413405792660237
1.161021997892183 	 2.2415266857960217
1.1620219978921829 	 2.2416363219556645
1.1630219978921827 	 2.2416707339614033
1.1640219978921826 	 2.241631135232673
1.1650219978921825 	 2.2415187307351467
1.1660219978921824 	 2.2413347116539715
1.1670219978921823 	 2.2410802609475176
1.1680219978921822 	 2.2407565510446807
1.169021997892182 	 2.240364741456251
1.170021997892182 	 2.2399059843445928
1.1710219978921819 	 2.239381419419993
1.1720219978921818 	 2.238792163844859
1.1730219978921816 	 2.2381392719248803
1.1740219978921815 	 2.237423777417382
1.1750219978921814 	 2.236646704621275
1.1760219978921813 	 2.2358090657283562
1.1770219978921812 	 2.234911866362627
1.178021997892181 	 2.233956100510118
1.179021997892181 	 2.2329427535786226
1.1800219978921809 	 2.231872802478054
1.1810219978921808 	 2.2307472129687915
1.1820219978921807 	 2.2295669365518855
1.1830219978921805 	 2.228332888587567
1.1840219978921804 	 2.22704588676006
1.1850219978921803 	 2.225706908153521
1.1860219978921802 	 2.224316712444672
1.18702199789218 	 2.2228762428895097
1.18802199789218 	 2.221386422820046
1.1890219978921799 	 2.2198481074218526
1.1900219978921798 	 2.2182621447762383
1.1910219978921797 	 2.2166293731811626
1.1920219978921796 	 2.21495062243731
1.1930219978921794 	 2.2132267087959585
1.1940219978921793 	 2.2114584365597167
1.1950219978921792 	 2.2096466042850853
1.1960219978921791 	 2.2077920021530466
1.197021997892179 	 2.205895410907442
1.198021997892179 	 2.2039576046221403
1.1990219978921788 	 2.201979348035539
1.2000219978921787 	 2.199961399544606
1.2010219978921786 	 2.1979045088574702
1.2020219978921785 	 2.1958094203890144
1.2030219978921783 	 2.193676884741099
1.2040219978921782 	 2.1915076478383906
1.2050219978921781 	 2.1893024452896603
1.206021997892178 	 2.1870620077574587
1.207021997892178 	 2.1847870556670674
1.2080219978921778 	 2.1824783034772546
1.2090219978921777 	 2.180136457077892
1.2100219978921776 	 2.1777622137909827
1.2110219978921775 	 2.175356264536342
1.2120219978921773 	 2.1729193008136187
1.2130219978921772 	 2.1704520339283633
1.2140219978921771 	 2.1679551765549476
1.215021997892177 	 2.1654294330832413
1.216021997892177 	 2.1628754985598766
1.2170219978921768 	 2.160294061370742
1.2180219978921767 	 2.157685800613078
1.2190219978921766 	 2.1550513887405582
1.2200219978921765 	 2.15239149054658
1.2210219978921764 	 2.1497067605607745
1.2220219978921762 	 2.1469978602681334
1.2230219978921761 	 2.1442654898936837
1.224021997892176 	 2.141510350893495
1.225021997892176 	 2.1387331369843654
1.2260219978921758 	 2.1359345341248046
1.2270219978921757 	 2.1331152178981974
1.2280219978921756 	 2.1302758569536597
1.2290219978921755 	 2.1274171114968645
1.2300219978921754 	 2.1245396317553866
1.2310219978921753 	 2.121644061594538
1.2320219978921751 	 2.1187310515416957
1.233021997892175 	 2.115801309198321
1.234021997892175 	 2.112855547409473
1.2350219978921748 	 2.1098944696665067
1.2360219978921747 	 2.1069187701044787
1.2370219978921746 	 2.1039291334568793
1.2380219978921745 	 2.1009262351615634
1.2390219978921744 	 2.0979107414154914
1.2400219978921743 	 2.0948833092085426
1.2410219978921742 	 2.0918445863292443
1.242021997892174 	 2.088795232991461
1.243021997892174 	 2.085735980958371
1.2440219978921738 	 2.0826675706300324
1.2450219978921737 	 2.079590731980462
1.2460219978921736 	 2.076506184565484
1.2470219978921735 	 2.0734146374735016
1.2480219978921734 	 2.0703167894778596
1.2490219978921733 	 2.0672133291206296
1.2500219978921732 	 2.064104934768269
1.251021997892173 	 2.060992274629083
1.252021997892173 	 2.0578760324614715
1.2530219978921728 	 2.0547569775222234
1.2540219978921727 	 2.051635891123665
1.2550219978921726 	 2.048513541982028
1.2560219978921725 	 2.045390687587137
1.2570219978921724 	 2.042268073821362
1.2580219978921723 	 2.0391464351815096
1.2590219978921722 	 2.0360264949085134
1.260021997892172 	 2.0329089650789594
1.261021997892172 	 2.0297945466449376
1.2620219978921718 	 2.0266839582134106
1.2630219978921717 	 2.023578014762313
1.2640219978921716 	 2.0204775439623868
1.2650219978921715 	 2.0173833608783402
1.2660219978921714 	 2.014296268031971
1.2670219978921713 	 2.0112170553596402
1.2680219978921712 	 2.008146500534889
1.269021997892171 	 2.0050853691643953
1.270021997892171 	 2.008563767403342
1.2710219978921709 	 2.005528764120154
1.2720219978921707 	 2.002505371379174
1.2730219978921706 	 1.9994944524577556
1.2740219978921705 	 1.9964968837491268
1.2750219978921704 	 1.9935135284928114
1.2760219978921703 	 1.990545236879821
1.2770219978921702 	 1.9875928460113335
1.27802199789217 	 1.9846571803570618
1.27902199789217 	 1.981739052038541
1.2800219978921699 	 1.9788392610383687
1.2810219978921698 	 1.9759585953097174
1.2820219978921696 	 1.9730978592771216
1.2830219978921695 	 1.9702579465676164
1.2840219978921694 	 1.9674397646974375
1.2850219978921693 	 1.9646442075971051
1.2860219978921692 	 1.9618721565801696
1.287021997892169 	 1.9591244802857155
1.288021997892169 	 1.956402035312594
1.2890219978921689 	 1.953705666609176
1.2900219978921688 	 1.9510362013499962
1.2910219978921686 	 1.9483944362131604
1.2920219978921685 	 1.945781199838195
1.2930219978921684 	 1.9431973890203176
1.2940219978921683 	 1.940643907128909
1.2950219978921682 	 1.938121646531415
1.296021997892168 	 1.9356314886939152
1.297021997892168 	 1.9331743040885256
1.2980219978921679 	 1.9307509530613807
1.2990219978921678 	 1.92836227997569
1.3000219978921677 	 1.926009073015304
1.3010219978921675 	 1.9236921521559072
1.3020219978921674 	 1.9214123463484563
1.3030219978921673 	 1.9191704998363253
1.3040219978921672 	 1.9169674542984438
1.305021997892167 	 1.914804043650181
1.306021997892167 	 1.9126810942467591
1.3070219978921669 	 1.9105994244931739
1.3080219978921668 	 1.9085598460773234
1.3090219978921667 	 1.9065631645410217
1.3100219978921666 	 1.9046101796715444
1.3110219978921664 	 1.9027016856549341
1.3120219978921663 	 1.9008384549481587
1.3130219978921662 	 1.8990211967592772
1.3140219978921661 	 1.8972506030944456
1.315021997892166 	 1.8955273629776406
1.316021997892166 	 1.8938521624164215
1.3170219978921658 	 1.892225683815102
1.3180219978921657 	 1.890648607432631
1.3190219978921656 	 1.8891216121289574
1.3200219978921655 	 1.8876453757873946
1.3210219978921653 	 1.8862205752048373
1.3220219978921652 	 1.8848478399523791
1.3230219978921651 	 1.8835276301402115
1.324021997892165 	 1.8822603680435612
1.325021997892165 	 1.8810464783620553
1.3260219978921648 	 1.879886387878217
1.3270219978921647 	 1.8787805242193492
1.3280219978921646 	 1.8777293172394542
1.3290219978921645 	 1.8767332023973806
1.3300219978921644 	 1.8757926172395074
1.3310219978921642 	 1.8749024857092247
1.3320219978921641 	 1.8740512506339038
1.333021997892164 	 1.8732460357747633
1.334021997892164 	 1.8724888336807315
1.3350219978921638 	 1.8717805513247319
1.3360219978921637 	 1.8711217014573542
1.3370219978921636 	 1.870512605893141
1.3380219978921635 	 1.8699534751280327
1.3390219978921634 	 1.8694444513484987
1.3400219978921633 	 1.8689856317094715
1.3410219978921631 	 1.8685770815336566
1.342021997892163 	 1.868218727915702
1.343021997892163 	 1.8679100614131923
1.3440219978921628 	 1.8676504644388816
1.3450219978921627 	 1.867439313289563
1.3460219978921626 	 1.8672759791067144
1.3470219978921625 	 1.8671598256038162
1.3480219978921624 	 1.8670902153555327
1.3490219978921623 	 1.8670665126090071
1.3500219978921622 	 1.8670880847425058
1.351021997892162 	 1.8671543015654302
1.352021997892162 	 1.8672643971367588
1.3530219978921618 	 1.8674171080002235
1.3540219978921617 	 1.8676110607746303
1.3550219978921616 	 1.8678448909921386
1.3560219978921615 	 1.8681172415011738
1.3570219978921614 	 1.8684267569130373
1.3580219978921613 	 1.8687720923213282
1.3590219978921612 	 1.8691519174607722
1.360021997892161 	 1.8695649183099845
1.361021997892161 	 1.8700097960342157
1.3620219978921608 	 1.8704851243494933
1.3630219978921607 	 1.870988989178256
1.3640219978921606 	 1.8715193817236764
1.3650219978921605 	 1.8720743201210854
1.3660219978921604 	 1.872651848098861
1.3670219978921603 	 1.8732500271847554
1.3680219978921602 	 1.8738669519965843
1.36902199789216 	 1.8745007580570572
1.37002199789216 	 1.8751496257976146
1.3710219978921598 	 1.8758117805746795
1.3720219978921597 	 1.8764853734180393
1.3730219978921596 	 1.8771681950753212
1.3740219978921595 	 1.8778580022453417
1.3750219978921594 	 1.878552620170943
1.3760219978921593 	 1.8792499437014472
1.3770219978921592 	 1.8799479306483984
1.378021997892159 	 1.8806446208966892
1.379021997892159 	 1.8813381462206271
1.3800219978921588 	 1.8820267363704253
1.3810219978921587 	 1.8827087216466627
1.3820219978921586 	 1.8833824677838427
1.3830219978921585 	 1.884046216630264
1.3840219978921584 	 1.88469827433559
1.3850219978921583 	 1.8853370611690066
1.3860219978921582 	 1.8859611269576262
1.387021997892158 	 1.886569144494374
1.388021997892158 	 1.8871599110647448
1.3890219978921579 	 1.8877323464410884
1.3900219978921577 	 1.8882854892993286
1.3910219978921576 	 1.8888184945836768
1.3920219978921575 	 1.8893306311780584
1.3930219978921574 	 1.8898212562165433
1.3940219978921573 	 1.8902898060910138
1.3950219978921572 	 1.8907357826646682
1.396021997892157 	 1.891158738011519
1.397021997892157 	 1.8915582629365506
1.3980219978921569 	 1.8919339514677096
1.3990219978921568 	 1.892285369994817
1.4000219978921566 	 1.8926120275073286
1.4010219978921565 	 1.892913346036357
1.4020219978921564 	 1.8931886886673104
1.4030219978921563 	 1.893437465224633
1.4040219978921562 	 1.893658939712452
1.405021997892156 	 1.8938521480190356
1.406021997892156 	 1.8940158648287342
1.4070219978921559 	 1.8941485749500744
1.4080219978921558 	 1.8942484409425429
1.4090219978921557 	 1.894313276953914
1.4100219978921555 	 1.8943405283483417
1.4110219978921554 	 1.8943272546384944
1.4120219978921553 	 1.8942702187447524
1.4130219978921552 	 1.8941661339476519
1.414021997892155 	 1.8940114064108962
1.415021997892155 	 1.893802063841613
1.4160219978921549 	 1.8935337733006632
1.4170219978921548 	 1.893201864877277
1.4180219978921547 	 1.8928013660785041
1.4190219978921546 	 1.8923270403798362
1.4200219978921544 	 1.8917734300046187
1.4210219978921543 	 1.8911348999936621
1.4220219978921542 	 1.8904057916019108
1.4230219978921541 	 1.88958078018651
1.424021997892154 	 1.8886546120523162
1.425021997892154 	 1.8876220586720167
1.4260219978921538 	 1.8864779629423098
1.4270219978921537 	 1.8852172798350668
1.4280219978921536 	 1.8838351251633574
1.4290219978921535 	 1.8823268161150115
1.4300219978921533 	 1.8806879058232238
1.4310219978921532 	 1.8789142104544516
1.4320219978921531 	 1.877001935631511
1.433021997892153 	 1.8749479768791137
1.434021997892153 	 1.8727496503575491
1.4350219978921528 	 1.8704045969208896
1.4360219978921527 	 1.8679107870731138
1.4370219978921526 	 1.8652665140094111
1.4380219978921525 	 1.8624703986954505
1.4390219978921523 	 1.859521385720805
1.4400219978921522 	 1.8564187344396492
1.4410219978921521 	 1.8531620049573039
1.442021997892152 	 1.8497511240466342
1.443021997892152 	 1.846186614254357
1.4440219978921518 	 1.842469327395179
1.4450219978921517 	 1.8386003509550894
1.4460219978921516 	 1.834580988129366
1.4470219978921515 	 1.8304127324619779
1.4480219978921514 	 1.8260972590447546
1.4490219978921512 	 1.8216364105382037
1.4500219978921511 	 1.8170321805876088
1.451021997892151 	 1.8122866953668857
1.452021997892151 	 1.807402254261652
1.4530219978921508 	 1.8023814959188362
1.4540219978921507 	 1.7972272006659775
1.4550219978921506 	 1.7919422213815543
1.4560219978921505 	 1.7865294681023496
1.4570219978921504 	 1.7809918885316756
1.4580219978921503 	 1.7753324672750772
1.4590219978921501 	 1.7695542192547724
1.46002199789215 	 1.763660181481471
1.46102199789215 	 1.7576534025920794
1.4620219978921498 	 1.7515369722650302
1.4630219978921497 	 1.7453141371730339
1.4640219978921496 	 1.738988170671132
1.4650219978921495 	 1.732562329679965
1.4660219978921494 	 1.7260398453539443
1.4670219978921493 	 1.7194239066303434
1.4680219978921492 	 1.712717670273477
1.469021997892149 	 1.7059242616024715
1.470021997892149 	 1.6990467717091238
1.4710219978921488 	 1.6920882538435131
1.4720219978921487 	 1.6850517462232422
1.4730219978921486 	 1.6779403489207891
1.4740219978921485 	 1.6707571398145598
1.4750219978921484 	 1.663505148245238
1.4760219978921483 	 1.6561873494640078
1.4770219978921482 	 1.6488066518728954
1.478021997892148 	 1.6413659096088065
1.479021997892148 	 1.6338679295771652
1.4800219978921478 	 1.6263154566652684
1.4810219978921477 	 1.6187111931442844
1.4820219978921476 	 1.6110577989444692
1.4830219978921475 	 1.6033579546163799
1.4840219978921474 	 1.5956143032090955
1.4850219978921473 	 1.5878294325272475
1.4860219978921472 	 1.58000587165346
1.487021997892147 	 1.5721460813807713
1.488021997892147 	 1.564252465709227
1.4890219978921468 	 1.5563273755736984
1.4900219978921467 	 1.548373109302564
1.4910219978921466 	 1.540391911800113
1.4920219978921465 	 1.5323859892396026
1.4930219978921464 	 1.5243575606428181
1.4940219978921463 	 1.5163088066094956
1.4950219978921462 	 1.5082418541572367
1.496021997892146 	 1.5001587744536145
1.497021997892146 	 1.492061575708744
1.4980219978921459 	 1.4839522127295397
1.4990219978921457 	 1.4758325902624523
1.5000219978921456 	 1.4677045637175155
1.5010219978921455 	 1.4595699384423784
1.5020219978921454 	 1.4514304858381322
1.5030219978921453 	 1.4432879996841501
1.5040219978921452 	 1.435144238516791
1.505021997892145 	 1.427000916033702
1.506021997892145 	 1.4188596902969703
1.5070219978921449 	 1.410722167794815
1.5080219978921447 	 1.402589906716667
1.5090219978921446 	 1.3944644189314235
1.5100219978921445 	 1.3863471709541952
1.5110219978921444 	 1.378239584031984
1.5120219978921443 	 1.370143056293413
1.5130219978921442 	 1.3620590268399366
1.514021997892144 	 1.3539889075637477
1.515021997892144 	 1.3459340634127888
1.5160219978921439 	 1.337895813315439
1.5170219978921438 	 1.329875431044043
1.5180219978921436 	 1.321874146302712
1.5190219978921435 	 1.3138931457338934
1.5200219978921434 	 1.3059335738917341
1.5210219978921433 	 1.2979965286799795
1.5220219978921432 	 1.2900830870412576
1.523021997892143 	 1.282194404781102
1.524021997892143 	 1.2743316176972044
1.5250219978921429 	 1.2664958137461548
1.5260219978921428 	 1.2586874831157502
1.5270219978921427 	 1.2509072828518057
1.5280219978921425 	 1.2431561861121676
1.5290219978921424 	 1.235435125508343
1.5300219978921423 	 1.2277449785972656
1.5310219978921422 	 1.220086595228244
1.532021997892142 	 1.2124608373672787
1.533021997892142 	 1.2048686463924743
1.5340219978921419 	 1.197310948092943
1.5350219978921418 	 1.1897886249588727
1.5360219978921417 	 1.1823025224385586
1.5370219978921416 	 1.1748534592783275
1.5380219978921414 	 1.1674422185390159
1.5390219978921413 	 1.1600695452862066
1.5400219978921412 	 1.1527361482591538
1.5410219978921411 	 1.1454427063624293
1.542021997892141 	 1.1381899163800768
1.543021997892141 	 1.1309785671556867
1.5440219978921408 	 1.1238094366515208
1.5450219978921407 	 1.1166832642038287
1.5460219978921406 	 1.109600758685128
1.5470219978921405 	 1.1025626168673923
1.5480219978921403 	 1.0955695067216416
1.5490219978921402 	 1.0886220640090156
1.5500219978921401 	 1.081720894462929
1.55102199789214 	 1.0748665834962912
1.55202199789214 	 1.068059749796667
1.5530219978921398 	 1.0613011084741504
1.5540219978921397 	 1.0545913715615192
1.5550219978921396 	 1.0479312215699144
1.5560219978921395 	 1.04132132348695
1.5570219978921394 	 1.034762350374003
1.5580219978921392 	 1.028254960157567
1.5590219978921391 	 1.0217997897887723
1.560021997892139 	 1.0153974585554055
1.561021997892139 	 1.0090485802714049
1.5620219978921388 	 1.0027538185742622
1.5630219978921387 	 0.9965139267996402
1.5640219978921386 	 0.9903296630529828
1.5650219978921385 	 0.9842017682165044
1.5660219978921384 	 0.978130978234115
1.5670219978921383 	 0.9721180520615561
1.5680219978921381 	 0.9661541462882971
1.569021997892138 	 0.9602323522326665
1.570021997892138 	 0.9543607840701492
1.5710219978921378 	 0.9485421568934773
1.5720219978921377 	 0.9427782137664847
1.5730219978921376 	 0.9370702866342694
1.5740219978921375 	 0.9314193997934656
1.5750219978921374 	 0.9258262980299438
1.5760219978921373 	 0.9202914508459485
1.5770219978921372 	 0.914815044046636
1.578021997892137 	 0.9093968728720784
1.579021997892137 	 0.9040362377565285
1.5800219978921368 	 0.8987318245595508
1.5810219978921367 	 0.8934815749636281
1.5820219978921366 	 0.888282560560516
1.5830219978921365 	 0.883130779357769
1.5840219978921364 	 0.8780209880372966
1.5850219978921363 	 0.8729465895647786
1.5860219978921362 	 0.8678996241247003
1.587021997892136 	 0.8628709253568776
1.588021997892136 	 0.8578504128440362
1.5890219978921358 	 0.8528276688989832
1.5900219978921357 	 0.8477927952550843
1.5910219978921356 	 0.8427375072119568
1.5920219978921355 	 0.8376563214191393
1.5930219978921354 	 0.8325475409202293
1.5940219978921353 	 0.8274139904755218
1.5950219978921352 	 0.8222631571158664
1.596021997892135 	 0.8171066576454861
1.597021997892135 	 0.8119591319441029
1.5980219978921348 	 0.8068367176939546
1.5990219978921347 	 0.8017554857632712
1.6000219978921346 	 0.7967301116185037
1.6010219978921345 	 0.7917729599195543
1.6020219978921344 	 0.7868936153464642
1.6030219978921343 	 0.7820987268145797
1.6040219978921342 	 0.777392349812499
1.605021997892134 	 0.7727763953973341
1.606021997892134 	 0.7682511197708871
1.6070219978921338 	 0.7638156042861415
1.6080219978921337 	 0.7594681499436714
1.6090219978921336 	 0.7552066065641647
1.6100219978921335 	 0.751028621375496
1.6110219978921334 	 0.7469318255110257
1.6120219978921333 	 0.7429139212055167
1.6130219978921332 	 0.7389726384663284
1.614021997892133 	 0.7351059111158629
1.615021997892133 	 0.7313119378102211
1.6160219978921329 	 0.7275891890895877
1.6170219978921327 	 0.7239363959817073
1.6180219978921326 	 0.7203525522696544
1.6190219978921325 	 0.7168368973344788
1.6200219978921324 	 0.7133889024064108
1.6210219978921323 	 0.7100082538227385
1.6220219978921322 	 0.7066947800495831
1.623021997892132 	 0.7034483253629447
1.624021997892132 	 0.700268882007227
1.6250219978921319 	 0.6971566232171925
1.6260219978921318 	 0.6941118856007703
1.6270219978921316 	 0.6911351441974385
1.6280219978921315 	 0.6882270243777956
1.6290219978921314 	 0.6853883006792453
1.6300219978921313 	 0.6826198919747272
1.6310219978921312 	 0.6799228462749961
1.632021997892131 	 0.6772982701316398
1.633021997892131 	 0.6747472328137876
1.6340219978921309 	 0.672270899501813
1.6350219978921308 	 0.6698705636356482
1.6360219978921307 	 0.6675476330194982
1.6370219978921305 	 0.6653035963539174
1.6380219978921304 	 0.6631400489901429
1.6390219978921303 	 0.6610586985270642
1.6400219978921302 	 0.6590613581233703
1.64102199789213 	 0.657149931114306
1.64202199789213 	 0.6553263408008083
1.6430219978921299 	 0.6535924720779054
1.6440219978921298 	 0.6519502691619962
1.6450219978921297 	 0.6504017564176938
1.6460219978921296 	 0.6489490204541907
1.6470219978921294 	 0.6475941692800209
1.6480219978921293 	 0.6463393595354946
1.6490219978921292 	 0.645186797694684
1.650021997892129 	 0.6441387306833838
1.651021997892129 	 0.6431974268879455
1.652021997892129 	 0.6423651174486035
1.6530219978921288 	 0.6416439728162001
1.6540219978921287 	 0.6410361521530622
1.6550219978921286 	 0.6405438097904845
1.6560219978921285 	 0.6401690741189963
1.6570219978921283 	 0.6399140087212396
1.6580219978921282 	 0.6397806327022046
1.6590219978921281 	 0.6397709178863467
1.660021997892128 	 0.6398867794851856
1.661021997892128 	 0.6401300582429367
1.6620219978921278 	 0.6405024773097067
1.6630219978921277 	 0.6410056606442688
1.6640219978921276 	 0.6416411318738321
1.6650219978921275 	 0.6424103089788489
1.6660219978921273 	 0.643314488548859
1.6670219978921272 	 0.6443548179894614
1.6680219978921271 	 0.6455323083731398
1.669021997892127 	 0.6468478338676422
1.670021997892127 	 0.6483021256752015
1.6710219978921268 	 0.6498957614513416
1.6720219978921267 	 0.6516291567119957
1.6730219978921266 	 0.6535026059171816
1.6740219978921265 	 0.655516254814584
1.6750219978921264 	 0.6576700897035704
1.6760219978921262 	 0.6599639333856064
1.6770219978921261 	 0.6623974357957495
1.678021997892126 	 0.6649700848600192
1.679021997892126 	 0.6676812116162177
1.6800219978921258 	 0.6705299926703796
1.6810219978921257 	 0.6735154526988048
1.6820219978921256 	 0.6766364843017822
1.6830219978921255 	 0.6798919156578418
1.6840219978921254 	 0.6832804610670968
1.6850219978921253 	 0.6868007095862663
1.6860219978921251 	 0.6904511318053845
1.687021997892125 	 0.6942300869725204
1.688021997892125 	 0.6981358300899572
1.6890219978921248 	 0.7021665191817646
1.6900219978921247 	 0.706320222607226
1.6910219978921246 	 0.7105949278765089
1.6920219978921245 	 0.7149885802412446
1.6930219978921244 	 0.7194991621879284
1.6940219978921243 	 0.7241246259169412
1.6950219978921242 	 0.7288628771414709
1.696021997892124 	 0.733711784523708
1.697021997892124 	 0.7386691940356633
1.6980219978921238 	 0.7437329268092043
1.6990219978921237 	 0.7489007818820806
1.7000219978921236 	 0.7541705409151571
1.7010219978921235 	 0.7595399764019748
1.7020219978921234 	 0.765006896696975
1.7030219978921233 	 0.7705692239013145
1.7040219978921232 	 0.7762249132782985
1.705021997892123 	 0.7819719305475968
1.706021997892123 	 0.7878082612251899
1.7070219978921228 	 0.7937319177211299
1.7080219978921227 	 0.79974094031633
1.7090219978921226 	 0.8058333857464697
1.7100219978921225 	 0.8120073295708223
1.7110219978921224 	 0.8182608718945104
1.7120219978921223 	 0.8245921825134472
1.7130219978921222 	 0.8309995702707392
1.714021997892122 	 0.8374813988743851
1.715021997892122 	 0.8440360610946414
1.7160219978921218 	 0.8506619837889668
1.7170219978921217 	 0.8573576438009495
1.7180219978921216 	 0.8641215505964638
1.7190219978921215 	 0.8709522396140962
1.7200219978921214 	 0.8778482705061973
1.7210219978921213 	 0.884808230062512
1.7220219978921212 	 0.8918307799206492
1.723021997892121 	 0.8989147062883078
1.724021997892121 	 0.9060588469849894
1.7250219978921209 	 0.913262065515639
1.7260219978921207 	 0.9205232552895609
1.7270219978921206 	 0.9278413554399808
1.7280219978921205 	 0.935215332170345
1.7290219978921204 	 0.9426441704665784
1.7300219978921203 	 0.9501268731209345
1.7310219978921202 	 0.9576624638854178
1.73202199789212 	 0.9652500251613164
1.73302199789212 	 0.9728887424438
1.7340219978921199 	 0.9805778383614764
1.7350219978921197 	 0.9883165520565251
1.7360219978921196 	 0.9961041431687869
1.7370219978921195 	 0.99999938022269
1.7380219978921194 	 0.999999380213536
1.7390219978921193 	 0.9999993802043867
1.7400219978921192 	 0.9999993801952426
1.741021997892119 	 0.9999993801861035
1.742021997892119 	 0.9999993801769692
1.7430219978921189 	 0.9999993801678402
1.7440219978921188 	 0.9999993801587161
1.7450219978921186 	 0.9999993801495971
1.7460219978921185 	 0.9999993801404831
1.7470219978921184 	 0.999999380131374
1.7480219978921183 	 0.9999993801222701
1.7490219978921182 	 0.9999993801131711
1.750021997892118 	 0.9999993801040772
1.751021997892118 	 0.9999993800949883
1.7520219978921179 	 0.9999993800859046
1.7530219978921178 	 0.9999993800768258
1.7540219978921177 	 0.9999993800677521
1.7550219978921175 	 0.9999993800586835
1.7560219978921174 	 0.9999993800496197
1.7570219978921173 	 0.9999993800405613
1.7580219978921172 	 0.9999993800315078
1.759021997892117 	 0.9999993800224592
1.760021997892117 	 0.999999380013416
1.7610219978921169 	 0.9999993800043777
1.7620219978921168 	 0.9999993799953445
1.7630219978921167 	 0.9999993799863163
1.7640219978921166 	 0.9999993799772932
1.7650219978921164 	 0.9999993799682751
1.7660219978921163 	 0.9999993799592622
1.7670219978921162 	 0.9999993799502545
1.7680219978921161 	 0.9999993799412517
1.769021997892116 	 0.9999993799322539
1.770021997892116 	 0.9999993799232613
1.7710219978921158 	 0.9999993799142737
1.7720219978921157 	 0.9999993799052913
1.7730219978921156 	 0.9999993798963139
1.7740219978921155 	 0.9999993798873417
1.7750219978921153 	 0.9999993798783746
1.7760219978921152 	 0.9999993798694126
1.7770219978921151 	 0.9999993798604556
1.778021997892115 	 0.9999993798515038
1.779021997892115 	 0.9999993798425569
1.7800219978921148 	 0.9999993798336153
1.7810219978921147 	 0.9999993798246787
1.7820219978921146 	 0.9999993798157472
1.7830219978921145 	 0.9999993798068209
1.7840219978921144 	 0.9999993797978997
1.7850219978921142 	 0.9999993797889836
1.7860219978921141 	 0.9999993797800726
1.787021997892114 	 0.9999993797711666
1.788021997892114 	 0.9999993797622657
1.7890219978921138 	 0.9999993797533702
1.7900219978921137 	 0.9999993797444795
1.7910219978921136 	 0.999999379735594
1.7920219978921135 	 0.9999993797267138
1.7930219978921134 	 0.9999993797178385
1.7940219978921133 	 0.9999993797089685
1.7950219978921131 	 0.9999993797001036
1.796021997892113 	 0.9999993796912436
1.797021997892113 	 0.999999379682389
1.7980219978921128 	 0.9999993796735392
1.7990219978921127 	 0.9999993796646948
1.8000219978921126 	 0.9999993796558555
1.8010219978921125 	 0.9999993796470212
1.8020219978921124 	 0.9999993796381921
1.8030219978921123 	 0.999999379629368
1.8040219978921122 	 0.9999993796205493
1.805021997892112 	 0.9999993796117356
1.806021997892112 	 0.9999993796029271
1.8070219978921118 	 0.9999993795941235
1.8080219978921117 	 0.9999993795853251
1.8090219978921116 	 0.999999379576532
1.8100219978921115 	 0.9999993795677439
1.8110219978921114 	 0.999999379558961
1.8120219978921113 	 0.999999379550183
1.8130219978921112 	 0.9999993795414105
1.814021997892111 	 0.9999993795326428
1.815021997892111 	 0.9999993795238805
1.8160219978921108 	 0.9999993795151232
1.8170219978921107 	 0.9999993795063711
1.8180219978921106 	 0.9999993794976241
1.8190219978921105 	 0.9999993794888822
1.8200219978921104 	 0.9999993794801455
1.8210219978921103 	 0.9999993794714138
1.8220219978921102 	 0.9999993794626874
1.82302199789211 	 0.999999379453966
1.82402199789211 	 0.9999993794452497
1.8250219978921098 	 0.9999993794365387
1.8260219978921097 	 0.9999993794278328
1.8270219978921096 	 0.999999379419132
1.8280219978921095 	 0.9999993794104363
1.8290219978921094 	 0.9999993794017458
1.8300219978921093 	 0.9999993793930605
1.8310219978921092 	 0.9999993793843802
1.832021997892109 	 0.999999379375705
1.833021997892109 	 0.9999993793670351
1.8340219978921088 	 0.9999993793583702
1.8350219978921087 	 0.9999993793497105
1.8360219978921086 	 0.9999993793410559
1.8370219978921085 	 0.9999993793324063
1.8380219978921084 	 0.999999379323762
1.8390219978921083 	 0.999999379315123
1.8400219978921082 	 0.9999993793064889
1.841021997892108 	 0.99999937929786
1.842021997892108 	 0.9999993792892361
1.8430219978921079 	 0.9999993792806174
1.8440219978921077 	 0.9999993792720039
1.8450219978921076 	 0.9999993792633954
1.8460219978921075 	 0.9999993792547921
1.8470219978921074 	 0.999999379246194
1.8480219978921073 	 0.9999993792376011
1.8490219978921072 	 0.9999993792290132
1.850021997892107 	 0.9999993792204305
1.851021997892107 	 0.9999993792118528
1.8520219978921069 	 0.9999993792032802
1.8530219978921068 	 0.9999993791947128
1.8540219978921066 	 0.9999993791861506
1.8550219978921065 	 0.9999993791775935
1.8560219978921064 	 0.9999993791690415
1.8570219978921063 	 0.9999993791604945
1.8580219978921062 	 0.9999993791519528
1.859021997892106 	 0.9999993791434161
1.860021997892106 	 0.9999993791348846
1.8610219978921059 	 0.9999993791263582
1.8620219978921058 	 0.9999993791178369
1.8630219978921057 	 0.9999993791093207
1.8640219978921055 	 0.9999993791008096
1.8650219978921054 	 0.9999993790923037
1.8660219978921053 	 0.9999993790838029
1.8670219978921052 	 0.999999379075307
1.868021997892105 	 0.9999993790668166
1.869021997892105 	 0.999999379058331
1.8700219978921049 	 0.9999993790498506
1.8710219978921048 	 0.9999993790413754
1.8720219978921047 	 0.9999993790329051
1.8730219978921046 	 0.9999993790244401
1.8740219978921044 	 0.9999993790159801
1.8750219978921043 	 0.9999993790075253
1.8760219978921042 	 0.9999993789990755
1.877021997892104 	 0.999999378990631
1.878021997892104 	 0.9999993789821914
1.879021997892104 	 0.9999993789737569
1.8800219978921038 	 0.9999993789653276
1.8810219978921037 	 0.9999993789569033
1.8820219978921036 	 0.9999993789484841
1.8830219978921034 	 0.9999993789400701
1.8840219978921033 	 0.9999993789316611
1.8850219978921032 	 0.9999993789232573
1.8860219978921031 	 0.9999993789148585
1.887021997892103 	 0.9999993789064648
1.888021997892103 	 0.9999993788980762
1.8890219978921028 	 0.9999993788896928
1.8900219978921027 	 0.9999993788813143
1.8910219978921026 	 0.9999993788729409
1.8920219978921025 	 0.9999993788645727
1.8930219978921023 	 0.9999993788562095
1.8940219978921022 	 0.9999993788478514
1.8950219978921021 	 0.9999993788394983
1.896021997892102 	 0.9999993788311504
1.897021997892102 	 0.9999993788228075
1.8980219978921018 	 0.9999993788144698
1.8990219978921017 	 0.999999378806137
1.9000219978921016 	 0.9999993787978093
1.9010219978921015 	 0.9999993787894867
1.9020219978921014 	 0.9999993787811692
1.9030219978921012 	 0.9999993787728568
1.9040219978921011 	 0.9999993787645494
1.905021997892101 	 0.9999993787562471
1.906021997892101 	 0.9999993787479498
1.9070219978921008 	 0.9999993787396576
1.9080219978921007 	 0.9999993787313705
1.9090219978921006 	 0.9999993787230883
1.9100219978921005 	 0.9999993787148114
1.9110219978921004 	 0.9999993787065393
1.9120219978921003 	 0.9999993786982723
1.9130219978921001 	 0.9999993786900104
1.9140219978921 	 0.9999993786817537
1.9150219978921 	 0.9999993786735017
1.9160219978920998 	 0.999999378665255
1.9170219978920997 	 0.9999993786570134
1.9180219978920996 	 0.9999993786487766
1.9190219978920995 	 0.9999993786405449
1.9200219978920994 	 0.9999993786323185
1.9210219978920993 	 0.9999993786240968
1.9220219978920992 	 0.9999993786158803
1.923021997892099 	 0.9999993786076687
1.924021997892099 	 0.9999993785994622
1.9250219978920988 	 0.9999993785912608
1.9260219978920987 	 0.9999993785830643
1.9270219978920986 	 0.999999378574873
1.9280219978920985 	 0.9999993785666864
1.9290219978920984 	 0.9999993785585051
1.9300219978920983 	 0.9999993785503287
1.9310219978920982 	 0.9999993785421574
1.932021997892098 	 0.999999378533991
1.933021997892098 	 0.9999993785258297
1.9340219978920978 	 0.9999993785176733
1.9350219978920977 	 0.999999378509522
1.9360219978920976 	 0.9999993785013757
1.9370219978920975 	 0.9999993784932344
1.9380219978920974 	 0.9999993784850981
1.9390219978920973 	 0.9999993784769667
1.9400219978920972 	 0.9999993784688405
1.941021997892097 	 0.9999993784607191
1.942021997892097 	 0.9999993784526028
1.9430219978920968 	 0.9999993784444914
1.9440219978920967 	 0.9999993784363851
1.9450219978920966 	 0.9999993784282837
1.9460219978920965 	 0.9999993784201872
1.9470219978920964 	 0.9999993784120957
1.9480219978920963 	 0.9999993784040093
1.9490219978920962 	 0.9999993783959279
1.950021997892096 	 0.9999993783878514
1.951021997892096 	 0.9999993783797798
1.9520219978920959 	 0.9999993783717132
1.9530219978920957 	 0.9999993783636516
1.9540219978920956 	 0.9999993783555949
1.9550219978920955 	 0.9999993783475433
1.9560219978920954 	 0.9999993783394966
1.9570219978920953 	 0.9999993783314548
1.9580219978920952 	 0.999999378323418
1.959021997892095 	 0.9999993783153861
1.960021997892095 	 0.9999993783073592
1.9610219978920949 	 0.9999993782993372
1.9620219978920947 	 0.9999993782913201
1.9630219978920946 	 0.9999993782833082
1.9640219978920945 	 0.9999993782753009
1.9650219978920944 	 0.9999993782672987
1.9660219978920943 	 0.9999993782593015
1.9670219978920942 	 0.9999993782513091
1.968021997892094 	 0.9999993782433216
1.969021997892094 	 0.9999993782353392
1.9700219978920939 	 0.9999993782273616
1.9710219978920938 	 0.9999993782193891
1.9720219978920936 	 0.9999993782114214
1.9730219978920935 	 0.9999993782034585
1.9740219978920934 	 0.9999993781955007
1.9750219978920933 	 0.9999993781875477
1.9760219978920932 	 0.9999993781795996
1.977021997892093 	 0.9999993781716564
1.978021997892093 	 0.9999993781637181
1.9790219978920929 	 0.9999993781557848
1.9800219978920928 	 0.9999993781478563
1.9810219978920927 	 0.9999993781399328
1.9820219978920925 	 0.9999993781320141
1.9830219978920924 	 0.9999993781241003
1.9840219978920923 	 0.9999993781161914
1.9850219978920922 	 0.9999993781082875
1.986021997892092 	 0.9999993781003883
1.987021997892092 	 0.9999993780924942
1.9880219978920919 	 0.9999993780846048
1.9890219978920918 	 0.9999993780767202
1.9900219978920917 	 0.9999993780688406
1.9910219978920916 	 0.999999378060966
1.9920219978920914 	 0.9999993780530961
1.9930219978920913 	 0.9999993780452311
1.9940219978920912 	 0.9999993780373709
1.9950219978920911 	 0.9999993780295157
1.996021997892091 	 0.9999993780216653
1.997021997892091 	 0.9999993780138197
1.9980219978920908 	 0.9999993780059789
1.9990219978920907 	 0.999999377998143
