0.0010219978922 	 0
0.0020219978922 	 0.0
0.0030219978922 	 0.0
0.0040219978922 	 0.0
0.0050219978922 	 0.0
0.0060219978922 	 0.0
0.0070219978922 	 0.0
0.0080219978922 	 0.0
0.009021997892200002 	 0.0
0.010021997892200003 	 0.0
0.011021997892200004 	 0.0
0.012021997892200004 	 0.0
0.013021997892200005 	 0.0
0.014021997892200006 	 0.0
0.015021997892200007 	 0.0
0.016021997892200008 	 0.0
0.01702199789220001 	 0.0
0.01802199789220001 	 0.0
0.01902199789220001 	 0.0
0.02002199789220001 	 0.0
0.021021997892200012 	 0.0
0.022021997892200013 	 0.0
0.023021997892200014 	 0.0
0.024021997892200015 	 0.0
0.025021997892200016 	 0.0
0.026021997892200017 	 0.0
0.027021997892200018 	 0.0
0.02802199789220002 	 0.0
0.02902199789220002 	 0.0
0.03002199789220002 	 0.0
0.03102199789220002 	 0.0
0.03202199789220002 	 0.0
0.03302199789220002 	 0.0
0.03402199789220002 	 0.0
0.03502199789220002 	 0.0
0.03602199789220002 	 0.0
0.03702199789220002 	 0.0
0.038021997892200024 	 0.0
0.039021997892200025 	 0.0
0.040021997892200026 	 0.0
0.04102199789220003 	 0.0
0.04202199789220003 	 0.0
0.04302199789220003 	 0.0
0.04402199789220003 	 0.0
0.04502199789220003 	 0.0
0.04602199789220003 	 0.0
0.04702199789220003 	 0.0
0.04802199789220003 	 0.0
0.049021997892200034 	 0.0
0.050021997892200035 	 0.0
0.051021997892200036 	 0.0
0.052021997892200036 	 0.0
0.05302199789220004 	 0.0
0.05402199789220004 	 0.0
0.05502199789220004 	 0.0
0.05602199789220004 	 0.0
0.05702199789220004 	 0.0
0.05802199789220004 	 0.0
0.05902199789220004 	 0.0
0.060021997892200044 	 0.0
0.061021997892200044 	 0.0
0.062021997892200045 	 0.0
0.06302199789220005 	 0.0
0.06402199789220005 	 0.0
0.06502199789220005 	 0.0
0.06602199789220005 	 0.0
0.06702199789220005 	 0.0
0.06802199789220005 	 0.0
0.06902199789220005 	 0.0
0.07002199789220005 	 0.0
0.07102199789220005 	 0.0
0.07202199789220005 	 0.0
0.07302199789220006 	 0.0
0.07402199789220006 	 0.0
0.07502199789220006 	 0.0
0.07602199789220006 	 0.0
0.07702199789220006 	 0.0
0.07802199789220006 	 0.0
0.07902199789220006 	 0.0
0.08002199789220006 	 0.0
0.08102199789220006 	 0.0
0.08202199789220006 	 0.0
0.08302199789220006 	 0.0
0.08402199789220006 	 0.0
0.08502199789220007 	 0.0
0.08602199789220007 	 0.0
0.08702199789220007 	 0.0
0.08802199789220007 	 0.0
0.08902199789220007 	 0.0
0.09002199789220007 	 0.0
0.09102199789220007 	 0.0
0.09202199789220007 	 0.0
0.09302199789220007 	 0.0
0.09402199789220007 	 0.0
0.09502199789220007 	 0.0
0.09602199789220008 	 0.0
0.09702199789220008 	 0.0
0.09802199789220008 	 0.0
0.09902199789220008 	 0.0
0.10002199789220008 	 0.0
0.10102199789220008 	 0.0
0.10202199789220008 	 0.0
0.10302199789220008 	 0.0
0.10402199789220008 	 0.0
0.10502199789220008 	 0.0
0.10602199789220008 	 0.0
0.10702199789220009 	 0.0
0.10802199789220009 	 0.0
0.10902199789220009 	 0.0
0.11002199789220009 	 0.0
0.11102199789220009 	 0.0
0.11202199789220009 	 0.0
0.11302199789220009 	 0.0
0.11402199789220009 	 0.0
0.11502199789220009 	 0.0
0.1160219978922001 	 0.0
0.1170219978922001 	 0.0
0.1180219978922001 	 0.0
0.1190219978922001 	 0.0
0.1200219978922001 	 0.0
0.1210219978922001 	 0.0
0.1220219978922001 	 0.0
0.1230219978922001 	 0.0
0.1240219978922001 	 0.0
0.1250219978922001 	 0.0
0.1260219978922001 	 0.0
0.1270219978922001 	 0.0
0.1280219978922001 	 0.0
0.1290219978922001 	 0.0
0.1300219978922001 	 0.0
0.1310219978922001 	 0.0
0.1320219978922001 	 0.0
0.1330219978922001 	 0.0
0.1340219978922001 	 0.0
0.1350219978922001 	 0.0
0.1360219978922001 	 0.0
0.1370219978922001 	 0.0
0.1380219978922001 	 0.0
0.1390219978922001 	 0.0
0.1400219978922001 	 0.0
0.1410219978922001 	 0.0
0.1420219978922001 	 0.0
0.1430219978922001 	 0.0
0.1440219978922001 	 0.0
0.1450219978922001 	 0.0
0.1460219978922001 	 0.0
0.1470219978922001 	 0.0
0.1480219978922001 	 0.0
0.1490219978922001 	 0.0
0.1500219978922001 	 0.0
0.1510219978922001 	 0.0
0.1520219978922001 	 0.0
0.1530219978922001 	 0.0
0.1540219978922001 	 0.0
0.15502199789220011 	 0.0
0.15602199789220011 	 0.0
0.15702199789220012 	 0.0
0.15802199789220012 	 0.0
0.15902199789220012 	 0.0
0.16002199789220012 	 0.0
0.16102199789220012 	 0.0
0.16202199789220012 	 0.0
0.16302199789220012 	 0.0
0.16402199789220012 	 0.0
0.16502199789220012 	 0.0
0.16602199789220012 	 0.0
0.16702199789220012 	 0.0
0.16802199789220013 	 0.0
0.16902199789220013 	 0.0
0.17002199789220013 	 0.0
0.17102199789220013 	 0.0
0.17202199789220013 	 0.0
0.17302199789220013 	 0.0
0.17402199789220013 	 0.0
0.17502199789220013 	 0.0
0.17602199789220013 	 0.0
0.17702199789220013 	 0.0
0.17802199789220013 	 0.0
0.17902199789220014 	 0.0
0.18002199789220014 	 0.0
0.18102199789220014 	 0.0
0.18202199789220014 	 0.0
0.18302199789220014 	 0.0
0.18402199789220014 	 0.0
0.18502199789220014 	 0.0
0.18602199789220014 	 0.0
0.18702199789220014 	 0.0
0.18802199789220014 	 0.0
0.18902199789220014 	 0.0
0.19002199789220015 	 0.0
0.19102199789220015 	 0.0
0.19202199789220015 	 0.0
0.19302199789220015 	 0.0
0.19402199789220015 	 0.0
0.19502199789220015 	 0.0
0.19602199789220015 	 0.0
0.19702199789220015 	 0.0
0.19802199789220015 	 0.0
0.19902199789220015 	 0.0
0.20002199789220015 	 0.0
0.20102199789220015 	 0.0
0.20202199789220016 	 0.0
0.20302199789220016 	 0.0
0.20402199789220016 	 0.0
0.20502199789220016 	 0.0
0.20602199789220016 	 0.0
0.20702199789220016 	 0.0
0.20802199789220016 	 0.0
0.20902199789220016 	 0.0
0.21002199789220016 	 0.0
0.21102199789220016 	 0.0
0.21202199789220016 	 0.0
0.21302199789220017 	 0.0
0.21402199789220017 	 0.0
0.21502199789220017 	 0.0
0.21602199789220017 	 0.0
0.21702199789220017 	 0.0
0.21802199789220017 	 0.0
0.21902199789220017 	 0.0
0.22002199789220017 	 0.0
0.22102199789220017 	 0.0
0.22202199789220017 	 0.0
0.22302199789220017 	 0.0
0.22402199789220018 	 0.0
0.22502199789220018 	 0.0
0.22602199789220018 	 0.0
0.22702199789220018 	 0.0
0.22802199789220018 	 0.0
0.22902199789220018 	 0.0
0.23002199789220018 	 0.0
0.23102199789220018 	 0.0
0.23202199789220018 	 0.0
0.23302199789220018 	 0.0
0.23402199789220018 	 0.0
0.23502199789220019 	 0.0
0.23602199789220019 	 0.0
0.2370219978922002 	 0.0
0.2380219978922002 	 0.0
0.2390219978922002 	 0.0
0.2400219978922002 	 0.0
0.2410219978922002 	 0.0
0.2420219978922002 	 0.0
0.2430219978922002 	 0.0
0.2440219978922002 	 0.0
0.2450219978922002 	 0.0
0.2460219978922002 	 0.0
0.2470219978922002 	 0.0
0.2480219978922002 	 0.0
0.2490219978922002 	 0.0
0.2500219978922002 	 0.0
0.2510219978922002 	 0.0
0.2520219978922002 	 0.0
0.2530219978922002 	 0.0
0.2540219978922002 	 0.0
0.2550219978922002 	 0.0
0.2560219978922002 	 0.0
0.2570219978922002 	 0.0
0.2580219978922002 	 0.0
0.2590219978922002 	 0.0
0.2600219978922002 	 0.0
0.2610219978922002 	 0.0
0.2620219978922002 	 0.0
0.2630219978922002 	 0.0
0.2640219978922002 	 0.0
0.2650219978922002 	 0.0
0.2660219978922002 	 0.0
0.2670219978922002 	 0.0
0.2680219978922002 	 0.0
0.2690219978922002 	 0.0
0.2700219978922002 	 0.0
0.2710219978922002 	 0.0
0.2720219978922002 	 0.0
0.2730219978922002 	 0.0
0.2740219978922002 	 0.0
0.2750219978922002 	 0.0
0.2760219978922002 	 0.0
0.2770219978922002 	 0.0
0.2780219978922002 	 0.0
0.2790219978922002 	 0.0
0.2800219978922002 	 0.0
0.2810219978922002 	 0.0
0.2820219978922002 	 0.0
0.2830219978922002 	 0.0
0.28402199789220023 	 0.0
0.28502199789220023 	 0.0
0.28602199789220023 	 0.0
0.28702199789220023 	 0.0
0.28802199789220023 	 0.0
0.28902199789220023 	 0.0
0.29002199789220023 	 0.0
0.29102199789220023 	 0.0
0.29202199789220024 	 0.0
0.29302199789220024 	 0.0
0.29402199789220024 	 0.0
0.29502199789220024 	 0.0
0.29602199789220024 	 0.0
0.29702199789220024 	 0.0
0.29802199789220024 	 0.0
0.29902199789220024 	 0.0
0.30002199789220024 	 0.0
0.30102199789220024 	 0.0
0.30202199789220024 	 0.0
0.30302199789220025 	 0.0
0.30402199789220025 	 0.0
0.30502199789220025 	 0.0
0.30602199789220025 	 0.0
0.30702199789220025 	 0.0
0.30802199789220025 	 0.0
0.30902199789220025 	 0.0
0.31002199789220025 	 0.0
0.31102199789220025 	 0.0
0.31202199789220025 	 0.0
0.31302199789220025 	 0.0
0.31402199789220026 	 0.0
0.31502199789220026 	 0.0
0.31602199789220026 	 0.0
0.31702199789220026 	 0.0
0.31802199789220026 	 0.0
0.31902199789220026 	 0.0
0.32002199789220026 	 0.0
0.32102199789220026 	 0.0
0.32202199789220026 	 0.0
0.32302199789220026 	 0.0
0.32402199789220026 	 0.0
0.32502199789220027 	 0.0
0.32602199789220027 	 0.0
0.32702199789220027 	 0.0
0.32802199789220027 	 0.0
0.32902199789220027 	 0.0
0.33002199789220027 	 0.0
0.33102199789220027 	 0.0
0.33202199789220027 	 0.0
0.33302199789220027 	 0.0
0.3340219978922003 	 0.0
0.3350219978922003 	 0.0
0.3360219978922003 	 0.0
0.3370219978922003 	 0.0
0.3380219978922003 	 0.0
0.3390219978922003 	 0.0
0.3400219978922003 	 0.0
0.3410219978922003 	 0.0
0.3420219978922003 	 0.0
0.3430219978922003 	 0.0
0.3440219978922003 	 0.0
0.3450219978922003 	 0.0
0.3460219978922003 	 0.0
0.3470219978922003 	 0.0
0.3480219978922003 	 0.0
0.3490219978922003 	 0.0
0.3500219978922003 	 0.0
0.3510219978922003 	 0.0
0.3520219978922003 	 0.0
0.3530219978922003 	 0.0
0.3540219978922003 	 0.0
0.3550219978922003 	 0.0
0.3560219978922003 	 0.0
0.3570219978922003 	 0.0
0.3580219978922003 	 0.0
0.3590219978922003 	 0.0
0.3600219978922003 	 0.0
0.3610219978922003 	 0.0
0.3620219978922003 	 0.0
0.3630219978922003 	 0.0
0.3640219978922003 	 0.0
0.3650219978922003 	 0.0
0.3660219978922003 	 0.0
0.3670219978922003 	 0.0
0.3680219978922003 	 0.0
0.3690219978922003 	 0.0
0.3700219978922003 	 0.0
0.3710219978922003 	 0.0
0.3720219978922003 	 0.0
0.3730219978922003 	 0.0
0.3740219978922003 	 0.0
0.3750219978922003 	 0.0
0.3760219978922003 	 0.0
0.3770219978922003 	 0.0
0.3780219978922003 	 0.0
0.3790219978922003 	 0.0
0.3800219978922003 	 0.0
0.3810219978922003 	 0.0
0.3820219978922003 	 0.0
0.3830219978922003 	 0.0
0.3840219978922003 	 0.0
0.3850219978922003 	 0.0
0.3860219978922003 	 0.0
0.3870219978922003 	 0.0
0.3880219978922003 	 0.0
0.3890219978922003 	 0.0
0.3900219978922003 	 0.0
0.3910219978922003 	 0.0
0.3920219978922003 	 0.0
0.3930219978922003 	 0.0
0.3940219978922003 	 0.0
0.3950219978922003 	 0.0
0.39602199789220033 	 0.0
0.39702199789220033 	 0.0
0.39802199789220033 	 0.0
0.39902199789220033 	 0.0
0.40002199789220033 	 0.0
0.40102199789220033 	 0.0
0.40202199789220033 	 0.0
0.40302199789220033 	 0.0
0.40402199789220034 	 0.0
0.40502199789220034 	 0.0
0.40602199789220034 	 0.0
0.40702199789220034 	 0.0
0.40802199789220034 	 0.0
0.40902199789220034 	 0.0
0.41002199789220034 	 0.0
0.41102199789220034 	 0.0
0.41202199789220034 	 0.0
0.41302199789220034 	 0.0
0.41402199789220034 	 0.0
0.41502199789220034 	 0.0
0.41602199789220035 	 0.0
0.41702199789220035 	 0.0
0.41802199789220035 	 0.0
0.41902199789220035 	 0.0
0.42002199789220035 	 0.0
0.42102199789220035 	 0.0
0.42202199789220035 	 0.0
0.42302199789220035 	 0.0
0.42402199789220035 	 0.0
0.42502199789220035 	 0.0
0.42602199789220035 	 0.0
0.42702199789220036 	 0.0
0.42802199789220036 	 0.0
0.42902199789220036 	 0.0
0.43002199789220036 	 0.0
0.43102199789220036 	 0.0
0.43202199789220036 	 0.0
0.43302199789220036 	 0.0
0.43402199789220036 	 0.0
0.43502199789220036 	 0.0
0.43602199789220036 	 0.0
0.43702199789220036 	 0.0
0.43802199789220037 	 0.0
0.43902199789220037 	 0.0
0.44002199789220037 	 0.0
0.44102199789220037 	 0.0
0.44202199789220037 	 0.0
0.44302199789220037 	 0.0
0.44402199789220037 	 0.0
0.44502199789220037 	 0.0
0.4460219978922004 	 0.0
0.4470219978922004 	 0.0
0.4480219978922004 	 0.0
0.4490219978922004 	 0.0
0.4500219978922004 	 0.0
0.4510219978922004 	 0.0
0.4520219978922004 	 0.0
0.4530219978922004 	 0.0
0.4540219978922004 	 0.0
0.4550219978922004 	 0.0
0.4560219978922004 	 0.0
0.4570219978922004 	 0.0
0.4580219978922004 	 0.0
0.4590219978922004 	 0.0
0.4600219978922004 	 0.0
0.4610219978922004 	 0.0
0.4620219978922004 	 0.0
0.4630219978922004 	 0.0
0.4640219978922004 	 0.0
0.4650219978922004 	 0.0
0.4660219978922004 	 0.0
0.4670219978922004 	 0.0
0.4680219978922004 	 0.0
0.4690219978922004 	 0.0
0.4700219978922004 	 0.0
0.4710219978922004 	 0.0
0.4720219978922004 	 0.0
0.4730219978922004 	 0.0
0.4740219978922004 	 0.0
0.4750219978922004 	 0.0
0.4760219978922004 	 0.0
0.4770219978922004 	 0.0
0.4780219978922004 	 0.0
0.4790219978922004 	 0.0
0.4800219978922004 	 0.0
0.4810219978922004 	 0.0
0.4820219978922004 	 0.0
0.4830219978922004 	 0.0
0.4840219978922004 	 0.0
0.4850219978922004 	 0.0
0.4860219978922004 	 0.0
0.4870219978922004 	 0.0
0.4880219978922004 	 0.0
0.4890219978922004 	 0.0
0.4900219978922004 	 0.0
0.4910219978922004 	 0.0
0.4920219978922004 	 0.0
0.4930219978922004 	 0.0
0.4940219978922004 	 0.0
0.4950219978922004 	 0.0
0.4960219978922004 	 0.0
0.4970219978922004 	 0.0
0.4980219978922004 	 0.0
0.4990219978922004 	 0.0
0.5000219978922004 	 0.0
0.5010219978922004 	 0.0
0.5020219978922004 	 0.0
0.5030219978922004 	 0.0
0.5040219978922004 	 0.0
0.5050219978922004 	 0.0
0.5060219978922004 	 0.0
0.5070219978922004 	 0.0
0.5080219978922004 	 0.0
0.5090219978922004 	 0.0
0.5100219978922004 	 0.0
0.5110219978922004 	 0.0
0.5120219978922004 	 0.0
0.5130219978922004 	 0.0
0.5140219978922004 	 0.0
0.5150219978922004 	 0.0
0.5160219978922004 	 0.0
0.5170219978922004 	 0.0
0.5180219978922004 	 0.0
0.5190219978922004 	 0.0
0.5200219978922004 	 0.0
0.5210219978922004 	 0.0
0.5220219978922004 	 0.0
0.5230219978922004 	 0.0
0.5240219978922004 	 0.0
0.5250219978922004 	 0.0
0.5260219978922004 	 0.0
0.5270219978922004 	 0.0
0.5280219978922004 	 0.0
0.5290219978922004 	 0.0
0.5300219978922004 	 0.0
0.5310219978922004 	 0.0
0.5320219978922004 	 0.0
0.5330219978922004 	 0.0
0.5340219978922004 	 0.0
0.5350219978922004 	 0.0
0.5360219978922004 	 0.0
0.5370219978922004 	 0.0
0.5380219978922004 	 0.0
0.5390219978922004 	 0.0
0.5400219978922004 	 0.0
0.5410219978922004 	 0.0
0.5420219978922004 	 0.0
0.5430219978922004 	 0.0
0.5440219978922004 	 0.0
0.5450219978922004 	 0.0
0.5460219978922004 	 0.0
0.5470219978922004 	 0.0
0.5480219978922004 	 0.0
0.5490219978922004 	 0.0
0.5500219978922004 	 0.0
0.5510219978922004 	 0.0
0.5520219978922004 	 0.0
0.5530219978922004 	 0.0
0.5540219978922004 	 0.0
0.5550219978922004 	 0.0
0.5560219978922004 	 0.0
0.5570219978922004 	 0.0
0.5580219978922004 	 0.0
0.5590219978922004 	 0.0
0.5600219978922004 	 0.0
0.5610219978922004 	 0.0
0.5620219978922004 	 0.0
0.5630219978922004 	 0.0
0.5640219978922004 	 0.0
0.5650219978922004 	 0.0
0.5660219978922004 	 0.0
0.5670219978922004 	 0.0
0.5680219978922004 	 0.0
0.5690219978922004 	 0.0
0.5700219978922004 	 0.0
0.5710219978922004 	 0.0
0.5720219978922004 	 0.0
0.5730219978922004 	 0.0
0.5740219978922004 	 0.0
0.5750219978922004 	 0.0
0.5760219978922004 	 0.0
0.5770219978922004 	 0.0
0.5780219978922004 	 0.0
0.5790219978922004 	 0.0
0.5800219978922004 	 0.0
0.5810219978922004 	 0.0
0.5820219978922004 	 0.0
0.5830219978922004 	 0.0
0.5840219978922004 	 0.0
0.5850219978922004 	 0.0
0.5860219978922004 	 0.0
0.5870219978922004 	 0.0
0.5880219978922004 	 0.0
0.5890219978922004 	 0.0
0.5900219978922004 	 0.0
0.5910219978922004 	 0.0
0.5920219978922004 	 0.0
0.5930219978922004 	 0.0
0.5940219978922004 	 0.0
0.5950219978922004 	 0.0
0.5960219978922005 	 0.0
0.5970219978922005 	 0.0
0.5980219978922005 	 0.0
0.5990219978922005 	 0.0
0.6000219978922005 	 0.0
0.6010219978922005 	 0.0
0.6020219978922005 	 0.0
0.6030219978922005 	 0.0
0.6040219978922005 	 0.0
0.6050219978922005 	 0.0
0.6060219978922005 	 0.0
0.6070219978922005 	 0.0
0.6080219978922005 	 0.0
0.6090219978922005 	 0.0
0.6100219978922005 	 0.0
0.6110219978922005 	 0.0
0.6120219978922005 	 0.0
0.6130219978922005 	 0.0
0.6140219978922005 	 0.0
0.6150219978922005 	 0.0
0.6160219978922005 	 0.0
0.6170219978922005 	 0.0
0.6180219978922005 	 0.0
0.6190219978922005 	 0.0
0.6200219978922005 	 0.0
0.6210219978922005 	 0.0
0.6220219978922005 	 0.0
0.6230219978922005 	 0.0
0.6240219978922005 	 0.0
0.6250219978922005 	 0.0
0.6260219978922005 	 0.0
0.6270219978922005 	 0.0
0.6280219978922005 	 0.0
0.6290219978922005 	 0.0
0.6300219978922005 	 0.0
0.6310219978922005 	 0.0
0.6320219978922005 	 0.0
0.6330219978922005 	 0.0
0.6340219978922005 	 0.0
0.6350219978922005 	 0.0
0.6360219978922005 	 0.0
0.6370219978922005 	 0.0
0.6380219978922005 	 0.0
0.6390219978922005 	 0.0
0.6400219978922005 	 0.0
0.6410219978922005 	 0.0
0.6420219978922005 	 0.0
0.6430219978922005 	 0.0
0.6440219978922005 	 0.0
0.6450219978922005 	 0.0
0.6460219978922005 	 0.0
0.6470219978922005 	 0.0
0.6480219978922005 	 0.0
0.6490219978922005 	 0.0
0.6500219978922005 	 0.0
0.6510219978922005 	 0.0
0.6520219978922005 	 0.0
0.6530219978922005 	 0.0
0.6540219978922005 	 0.0
0.6550219978922005 	 0.0
0.6560219978922005 	 0.0
0.6570219978922005 	 0.0
0.6580219978922005 	 0.0
0.6590219978922005 	 0.0
0.6600219978922005 	 0.0
0.6610219978922005 	 0.0
0.6620219978922005 	 0.0
0.6630219978922005 	 0.0
0.6640219978922005 	 0.0
0.6650219978922005 	 0.0
0.6660219978922005 	 0.0
0.6670219978922005 	 0.0
0.6680219978922005 	 0.0
0.6690219978922005 	 0.0
0.6700219978922005 	 0.0
0.6710219978922005 	 0.0
0.6720219978922005 	 0.0
0.6730219978922005 	 0.0
0.6740219978922005 	 0.0
0.6750219978922005 	 0.0
0.6760219978922005 	 0.0
0.6770219978922005 	 0.0
0.6780219978922005 	 0.0
0.6790219978922005 	 0.0
0.6800219978922005 	 0.0
0.6810219978922005 	 0.0
0.6820219978922005 	 0.0
0.6830219978922005 	 0.0
0.6840219978922005 	 0.0
0.6850219978922005 	 0.0
0.6860219978922005 	 0.0
0.6870219978922005 	 0.0
0.6880219978922005 	 0.0
0.6890219978922005 	 0.0
0.6900219978922005 	 0.0
0.6910219978922005 	 0.0
0.6920219978922005 	 0.0
0.6930219978922005 	 0.0
0.6940219978922005 	 0.0
0.6950219978922005 	 0.0
0.6960219978922005 	 0.0
0.6970219978922005 	 0.0
0.6980219978922005 	 0.0
0.6990219978922005 	 0.0
0.7000219978922005 	 0.0
0.7010219978922005 	 0.0
0.7020219978922005 	 0.0
0.7030219978922005 	 0.0
0.7040219978922005 	 0.0
0.7050219978922005 	 0.0
0.7060219978922005 	 0.0
0.7070219978922005 	 0.0
0.7080219978922005 	 0.0
0.7090219978922006 	 0.0
0.7100219978922006 	 0.0
0.7110219978922006 	 0.0
0.7120219978922006 	 0.0
0.7130219978922006 	 0.0
0.7140219978922006 	 0.0
0.7150219978922006 	 0.0
0.7160219978922006 	 0.0
0.7170219978922006 	 0.0
0.7180219978922006 	 0.0
0.7190219978922006 	 0.0
0.7200219978922006 	 0.0
0.7210219978922006 	 0.0
0.7220219978922006 	 0.0
0.7230219978922006 	 0.0
0.7240219978922006 	 0.0
0.7250219978922006 	 0.0
0.7260219978922006 	 0.0
0.7270219978922006 	 0.0
0.7280219978922006 	 0.0
0.7290219978922006 	 0.0
0.7300219978922006 	 0.0
0.7310219978922006 	 0.0
0.7320219978922006 	 0.0
0.7330219978922006 	 0.0
0.7340219978922006 	 0.0
0.7350219978922006 	 0.0
0.7360219978922006 	 0.0
0.7370219978922006 	 0.0
0.7380219978922006 	 0.0
0.7390219978922006 	 0.0
0.7400219978922006 	 0.0
0.7410219978922006 	 0.0
0.7420219978922006 	 0.0
0.7430219978922006 	 0.0
0.7440219978922006 	 0.0
0.7450219978922006 	 0.0
0.7460219978922006 	 0.0
0.7470219978922006 	 0.0
0.7480219978922006 	 0.0
0.7490219978922006 	 0.0
0.7500219978922006 	 0.0
0.7510219978922006 	 0.0
0.7520219978922006 	 0.0
0.7530219978922006 	 0.0
0.7540219978922006 	 0.0
0.7550219978922006 	 0.0
0.7560219978922006 	 0.0
0.7570219978922006 	 0.0
0.7580219978922006 	 0.0
0.7590219978922006 	 0.0
0.7600219978922006 	 0.0
0.7610219978922006 	 0.0
0.7620219978922006 	 0.0
0.7630219978922006 	 0.0
0.7640219978922006 	 0.0
0.7650219978922006 	 0.0
0.7660219978922006 	 0.0
0.7670219978922006 	 0.0
0.7680219978922006 	 0.0
0.7690219978922006 	 0.0
0.7700219978922006 	 0.0
0.7710219978922006 	 0.0
0.7720219978922006 	 0.0
0.7730219978922006 	 0.0
0.7740219978922006 	 0.0
0.7750219978922006 	 0.0
0.7760219978922006 	 0.0
0.7770219978922006 	 0.0
0.7780219978922006 	 0.0
0.7790219978922006 	 0.0
0.7800219978922006 	 0.0
0.7810219978922006 	 0.0
0.7820219978922006 	 0.0
0.7830219978922006 	 0.0
0.7840219978922006 	 0.0
0.7850219978922006 	 0.0
0.7860219978922006 	 0.0
0.7870219978922006 	 0.0
0.7880219978922006 	 0.0
0.7890219978922006 	 0.0
0.7900219978922006 	 0.0
0.7910219978922006 	 0.0
0.7920219978922006 	 0.0
0.7930219978922006 	 0.0
0.7940219978922006 	 0.0
0.7950219978922006 	 0.0
0.7960219978922006 	 0.0
0.7970219978922006 	 0.0
0.7980219978922006 	 0.0
0.7990219978922006 	 0.0
0.8000219978922006 	 0.0
0.8010219978922006 	 0.0
0.8020219978922006 	 0.0
0.8030219978922006 	 0.0
0.8040219978922006 	 0.0
0.8050219978922006 	 0.0
0.8060219978922006 	 0.0
0.8070219978922006 	 0.0
0.8080219978922006 	 0.0
0.8090219978922006 	 0.0
0.8100219978922006 	 0.0
0.8110219978922006 	 0.0
0.8120219978922006 	 0.0
0.8130219978922006 	 0.0
0.8140219978922006 	 0.0
0.8150219978922006 	 0.0
0.8160219978922006 	 0.0
0.8170219978922006 	 0.0
0.8180219978922006 	 0.0
0.8190219978922006 	 0.0
0.8200219978922006 	 0.0
0.8210219978922007 	 0.0
0.8220219978922007 	 0.0
0.8230219978922007 	 0.0
0.8240219978922007 	 0.0
0.8250219978922007 	 0.0
0.8260219978922007 	 0.0
0.8270219978922007 	 0.0
0.8280219978922007 	 0.0
0.8290219978922007 	 0.0
0.8300219978922007 	 0.0
0.8310219978922007 	 0.0
0.8320219978922007 	 0.0
0.8330219978922007 	 0.0
0.8340219978922007 	 0.0
0.8350219978922007 	 0.0
0.8360219978922007 	 0.0
0.8370219978922007 	 0.0
0.8380219978922007 	 0.0
0.8390219978922007 	 0.0
0.8400219978922007 	 0.0
0.8410219978922007 	 0.0
0.8420219978922007 	 0.0
0.8430219978922007 	 0.0
0.8440219978922007 	 0.0
0.8450219978922007 	 0.0
0.8460219978922007 	 0.0
0.8470219978922007 	 0.0
0.8480219978922007 	 0.0
0.8490219978922007 	 0.0
0.8500219978922007 	 0.0
0.8510219978922007 	 0.0
0.8520219978922007 	 0.0
0.8530219978922007 	 0.0
0.8540219978922007 	 0.0
0.8550219978922007 	 0.0
0.8560219978922007 	 0.0
0.8570219978922007 	 0.0
0.8580219978922007 	 0.0
0.8590219978922007 	 0.0
0.8600219978922007 	 0.0
0.8610219978922007 	 0.0
0.8620219978922007 	 0.0
0.8630219978922007 	 0.0
0.8640219978922007 	 0.0
0.8650219978922007 	 0.0
0.8660219978922007 	 0.0
0.8670219978922007 	 0.0
0.8680219978922007 	 0.0
0.8690219978922007 	 0.0
0.8700219978922007 	 0.0
0.8710219978922007 	 0.0
0.8720219978922007 	 0.0
0.8730219978922007 	 0.0
0.8740219978922007 	 0.0
0.8750219978922007 	 0.0
0.8760219978922007 	 0.0
0.8770219978922007 	 0.0
0.8780219978922007 	 0.0
0.8790219978922007 	 0.0
0.8800219978922007 	 0.0
0.8810219978922007 	 0.0
0.8820219978922007 	 0.0
0.8830219978922007 	 0.0
0.8840219978922007 	 0.0
0.8850219978922007 	 0.0
0.8860219978922007 	 0.0
0.8870219978922007 	 0.0
0.8880219978922007 	 0.0
0.8890219978922007 	 0.0
0.8900219978922007 	 0.0
0.8910219978922007 	 0.0
0.8920219978922007 	 0.0
0.8930219978922007 	 0.0
0.8940219978922007 	 0.0
0.8950219978922007 	 0.0
0.8960219978922007 	 0.0
0.8970219978922007 	 0.0
0.8980219978922007 	 0.0
0.8990219978922007 	 0.0
0.9000219978922007 	 0.0
0.9010219978922007 	 0.0
0.9020219978922007 	 0.0
0.9030219978922007 	 0.0
0.9040219978922007 	 0.0
0.9050219978922007 	 0.0
0.9060219978922007 	 0.0
0.9070219978922007 	 0.0
0.9080219978922007 	 0.0
0.9090219978922007 	 0.0
0.9100219978922007 	 0.0
0.9110219978922007 	 0.0
0.9120219978922007 	 0.0
0.9130219978922007 	 0.0
0.9140219978922007 	 0.0
0.9150219978922007 	 0.0
0.9160219978922007 	 0.0
0.9170219978922007 	 0.0
0.9180219978922007 	 0.0
0.9190219978922007 	 0.0
0.9200219978922007 	 0.0
0.9210219978922007 	 0.0
0.9220219978922007 	 0.0
0.9230219978922007 	 0.0
0.9240219978922007 	 0.0
0.9250219978922007 	 0.0
0.9260219978922007 	 0.0
0.9270219978922007 	 0.0
0.9280219978922007 	 0.0
0.9290219978922007 	 0.0
0.9300219978922007 	 0.0
0.9310219978922007 	 0.0
0.9320219978922007 	 0.0
0.9330219978922007 	 0.0
0.9340219978922008 	 0.0
0.9350219978922008 	 0.0
0.9360219978922008 	 0.0
0.9370219978922008 	 0.0
0.9380219978922008 	 0.0
0.9390219978922008 	 0.0
0.9400219978922008 	 0.0
0.9410219978922008 	 0.0
0.9420219978922008 	 0.0
0.9430219978922008 	 0.0
0.9440219978922008 	 0.0
0.9450219978922008 	 0.0
0.9460219978922008 	 0.0
0.9470219978922008 	 0.0
0.9480219978922008 	 0.0
0.9490219978922008 	 0.0
0.9500219978922008 	 0.0
0.9510219978922008 	 0.0
0.9520219978922008 	 0.0
0.9530219978922008 	 0.0
0.9540219978922008 	 0.0
0.9550219978922008 	 0.0
0.9560219978922008 	 0.0
0.9570219978922008 	 0.0
0.9580219978922008 	 0.0
0.9590219978922008 	 0.0
0.9600219978922008 	 0.0
0.9610219978922008 	 0.0
0.9620219978922008 	 0.0
0.9630219978922008 	 0.0
0.9640219978922008 	 0.0
0.9650219978922008 	 0.0
0.9660219978922008 	 0.0
0.9670219978922008 	 0.0
0.9680219978922008 	 0.0
0.9690219978922008 	 0.0
0.9700219978922008 	 0.0
0.9710219978922008 	 0.0
0.9720219978922008 	 0.0
0.9730219978922008 	 0.0
0.9740219978922008 	 0.0
0.9750219978922008 	 0.0
0.9760219978922008 	 0.0
0.9770219978922008 	 0.0
0.9780219978922008 	 0.0
0.9790219978922008 	 0.0
0.9800219978922008 	 0.0
0.9810219978922008 	 0.0
0.9820219978922008 	 0.0
0.9830219978922008 	 0.0
0.9840219978922008 	 0.0
0.9850219978922008 	 0.0
0.9860219978922008 	 0.0
0.9870219978922008 	 0.0
0.9880219978922008 	 0.0029988602062144183
0.9890219978922008 	 0.012665469992304067
0.9900219978922008 	 0.027401048818181506
0.9910219978922008 	 0.047206435512096856
0.9920219978922008 	 0.0723701591634564
0.9930219978922008 	 0.1032753131532548
0.9940219978922008 	 0.1403113842212453
0.9950219978922008 	 0.18379875230546672
0.9960219978922008 	 0.2394253686016652
0.9970219978922008 	 0.30842641425227013
0.9980219978922008 	 0.38565088303078565
0.9990219978922008 	 0.4675434856850941
1.0000219978922007 	 0.5505497116836293
1.0010219978922006 	 0.6312175444584003
1.0020219978922005 	 0.7064704352476702
1.0030219978922004 	 0.7738617453498102
1.0040219978922003 	 0.8317292910121691
1.0050219978922001 	 0.879223745398035
1.0060219978922 	 0.9162265635610075
1.0070219978922 	 0.943197206770497
1.0080219978921998 	 0.9609942014002336
1.0090219978921997 	 0.9707055575129534
1.0100219978921996 	 0.9735095408269654
1.0110219978921995 	 0.9705733339235758
1.0120219978921994 	 0.9629876179369811
1.0130219978921993 	 0.951730224263491
1.0140219978921992 	 0.9376483805281252
1.015021997892199 	 0.9214466797775357
1.016021997892199 	 0.9036448588835428
1.0170219978921988 	 0.8844194797745276
1.0180219978921987 	 0.8631340081589384
1.0190219978921986 	 0.8386786122882651
1.0200219978921985 	 0.8131476713953182
1.0210219978921984 	 0.7911571425900978
1.0220219978921983 	 0.7712058749058036
1.0230219978921982 	 0.7519196859318674
1.024021997892198 	 0.7328672766969705
1.025021997892198 	 0.7140702198377119
1.0260219978921978 	 0.6955921578457062
1.0270219978921977 	 0.6774977840368736
1.0280219978921976 	 0.6598307445492466
1.0290219978921975 	 0.6426196885918588
1.0300219978921974 	 0.6258807697903528
1.0310219978921973 	 0.6096212728150054
1.0320219978921972 	 0.5938419321750261
1.033021997892197 	 0.5785387727824659
1.034021997892197 	 0.5637044270938514
1.0350219978921968 	 0.549329123064305
1.0360219978921967 	 0.5354014181431634
1.0370219978921966 	 0.5219087512699467
1.0380219978921965 	 0.5088378584688688
1.0390219978921964 	 0.496175086429466
1.0400219978921963 	 0.483906628702383
1.0410219978921962 	 0.472018702865891
1.042021997892196 	 0.46049768237817396
1.043021997892196 	 0.44933019351167625
1.0440219978921959 	 0.4385031853103231
1.0450219978921957 	 0.4280039786821869
1.0460219978921956 	 0.4178202993398667
1.0470219978921955 	 0.4079402983707988
1.0480219978921954 	 0.39835256309669576
1.0490219978921953 	 0.3890461207192772
1.0500219978921952 	 0.3800104363740103
1.051021997892195 	 0.37123540700630686
1.052021997892195 	 0.3627113521357573
1.0530219978921949 	 0.3544290024871831
1.0540219978921948 	 0.34637948692059417
1.0550219978921946 	 0.3385543184371042
1.0560219978921945 	 0.3309453795050953
1.0570219978921944 	 0.3235449070818188
1.0580219978921943 	 0.3163454775617396
1.0590219978921942 	 0.3093399918377995
1.060021997892194 	 0.3025216606137573
1.061021997892194 	 0.2958839900706264
1.0620219978921939 	 0.289420736959509
1.0630219978921938 	 0.2831255879128449
1.0640219978921936 	 0.27699289547241607
1.0650219978921935 	 0.27101726096180184
1.0660219978921934 	 0.26519349251257823
1.0670219978921933 	 0.2595166112167894
1.0680219978921932 	 0.25398184430390786
1.069021997892193 	 0.24858461617985114
1.070021997892193 	 0.24332053956665617
1.0710219978921929 	 0.23818540628927126
1.0720219978921928 	 0.23317517894817902
1.0730219978921927 	 0.22828598255203142
1.0740219978921925 	 0.22351409673316455
1.0750219978921924 	 0.21885594831843705
1.0760219978921923 	 0.2143081042643628
1.0770219978921922 	 0.20986726504914463
1.078021997892192 	 0.20553025823794585
1.079021997892192 	 0.2012940325634426
1.0800219978921919 	 0.19715565221762013
1.0810219978921918 	 0.193112291549202
1.0820219978921917 	 0.1891612298736942
1.0830219978921916 	 0.18529984671202443
1.0840219978921914 	 0.18152561727951166
1.0850219978921913 	 0.17783610803114572
1.0860219978921912 	 0.1742289727577914
1.0870219978921911 	 0.17070194855081436
1.088021997892191 	 0.16725285215082122
1.089021997892191 	 0.16387957652656954
1.0900219978921908 	 0.1605800875691875
1.0910219978921907 	 0.15735242089103
1.0920219978921906 	 0.15419467886814464
1.0930219978921905 	 0.1511050278038106
1.0940219978921903 	 0.14808169540899538
1.0950219978921902 	 0.14512296796754756
1.0960219978921901 	 0.1422271881252757
1.09702199789219 	 0.1393927525652046
1.09802199789219 	 0.13661810972155913
1.0990219978921898 	 0.13390175780704283
1.1000219978921897 	 0.13124224253425978
1.1010219978921896 	 0.12863815672208773
1.1020219978921895 	 0.12608819166406957
1.1030219978921894 	 0.12359100084988632
1.1040219978921892 	 0.12114526695724098
1.1050219978921891 	 0.11874972480527045
1.106021997892189 	 0.11640315824035795
1.107021997892189 	 0.11410439740658622
1.1080219978921888 	 0.11185231599809123
1.1090219978921887 	 0.1096458288225859
1.1100219978921886 	 0.10748388951363726
1.1110219978921885 	 0.10536548827816553
1.1120219978921884 	 0.10328963887556974
1.1130219978921883 	 0.10125534764086967
1.1140219978921881 	 0.09926164598019506
1.115021997892188 	 0.09730759853107933
1.116021997892188 	 0.0953923016324237
1.1170219978921878 	 0.09351488155552619
1.1180219978921877 	 0.0916744931642592
1.1190219978921876 	 0.08987031849170152
1.1200219978921875 	 0.08810156535305938
1.1210219978921874 	 0.08636746623915585
1.1220219978921873 	 0.08466727191201774
1.1230219978921872 	 0.08300023737059195
1.124021997892187 	 0.08136563619141782
1.125021997892187 	 0.07976276428980056
1.1260219978921868 	 0.07819093875573627
1.1270219978921867 	 0.07664949704313814
1.1280219978921866 	 0.07513779599734416
1.1290219978921865 	 0.07365521113645894
1.1300219978921864 	 0.07220113569590045
1.1310219978921863 	 0.07077498007893165
1.1320219978921862 	 0.06937616828154915
1.133021997892186 	 0.0680041304789936
1.134021997892186 	 0.0666583104985568
1.1350219978921858 	 0.06533748501224962
1.1360219978921857 	 0.06404253638416968
1.1370219978921856 	 0.06277222545562884
1.1380219978921855 	 0.061526054628324126
1.1390219978921854 	 0.06030353951048489
1.1400219978921853 	 0.059104208499176795
1.1410219978921852 	 0.057927602168339594
1.142021997892185 	 0.05677327159898648
1.143021997892185 	 0.05564077424673658
1.1440219978921848 	 0.05452967789575633
1.1450219978921847 	 0.05343956143056844
1.1460219978921846 	 0.052370014526408354
1.1470219978921845 	 0.05132063715184785
1.1480219978921844 	 0.05029103933566614
1.1490219978921843 	 0.04928084076647502
1.1500219978921842 	 0.04828967041155605
1.151021997892184 	 0.047317166323143825
1.152021997892184 	 0.046362974494643217
1.1530219978921838 	 0.04542674675369528
1.1540219978921837 	 0.04450814271272808
1.1550219978921836 	 0.04360683022135616
1.1560219978921835 	 0.042722485053682625
1.1570219978921834 	 0.041854790655903744
1.1580219978921833 	 0.04100343796121776
1.1590219978921832 	 0.040168125060665714
1.160021997892183 	 0.03934855709044478
1.161021997892183 	 0.03854444592455569
1.1620219978921829 	 0.037755509642586185
1.1630219978921827 	 0.03698147134595492
1.1640219978921826 	 0.036222060114393655
1.1650219978921825 	 0.03547701123756421
1.1660219978921824 	 0.03474606594479942
1.1670219978921823 	 0.03402897131789626
1.1680219978921822 	 0.03332548008345278
1.169021997892182 	 0.03263535041514882
1.170021997892182 	 0.03195834586028672
1.1710219978921819 	 0.03129423511327884
1.1720219978921818 	 0.030642791735720747
1.1730219978921816 	 0.03000379349387174
1.1740219978921815 	 0.02937702285187486
1.1750219978921814 	 0.028762266995629445
1.1760219978921813 	 0.028159317670155823
1.1770219978921812 	 0.027567971126929904
1.178021997892181 	 0.026988027939013132
1.179021997892181 	 0.026419292924596653
1.1800219978921809 	 0.02586157503559435
1.1810219978921808 	 0.025314687219217733
1.1820219978921807 	 0.024778446282114487
1.1830219978921805 	 0.024252672558053554
1.1840219978921804 	 0.023737189185716233
1.1850219978921803 	 0.02323182479517207
1.1860219978921802 	 0.0227364093788819
1.18702199789218 	 0.022250778441629183
1.18802199789218 	 0.02177477071518407
1.1890219978921799 	 0.021308227627065267
1.1900219978921798 	 0.020850993856024166
1.1910219978921797 	 0.020402917228519495
1.1920219978921796 	 0.019963848656695943
1.1930219978921794 	 0.01953364202140028
1.1940219978921793 	 0.01911215412065912
1.1950219978921792 	 0.018699244657392596
1.1960219978921791 	 0.018294776149418702
1.197021997892179 	 0.017898613857185865
1.198021997892179 	 0.01751062574505816
1.1990219978921788 	 0.01713068239951223
1.2000219978921787 	 0.01675865699502667
1.2010219978921786 	 0.016394425219060094
1.2020219978921785 	 0.016037865243022986
1.2030219978921783 	 0.015688857749650356
1.2040219978921782 	 0.015347285795423837
1.2050219978921781 	 0.015013034720576893
1.206021997892178 	 0.014685992139508892
1.207021997892178 	 0.014366047857954185
1.2080219978921778 	 0.014053093857594127
1.2090219978921777 	 0.013747024235161769
1.2100219978921776 	 0.01344773516105669
1.2110219978921775 	 0.013155124852284265
1.2120219978921773 	 0.012869093573489252
1.2130219978921772 	 0.012589543705139676
1.2140219978921771 	 0.01231637958546519
1.215021997892177 	 0.012049507416391485
1.216021997892177 	 0.011788835224326399
1.2170219978921768 	 0.01153427284260889
1.2180219978921767 	 0.011285731865340456
1.2190219978921766 	 0.011043125630893512
1.2200219978921765 	 0.01080636918624327
1.2210219978921764 	 0.010575379245035783
1.2220219978921762 	 0.010350074243617878
1.2230219978921761 	 0.010130374456669726
1.224021997892176 	 0.009916201775395758
1.225021997892176 	 0.00970747963827694
1.2260219978921758 	 0.009504133007495861
1.2270219978921757 	 0.009306088334739197
1.2280219978921756 	 0.009113273554927305
1.2290219978921755 	 0.008925618058050056
1.2300219978921754 	 0.00874305266230053
1.2310219978921753 	 0.008565509609331603
1.2320219978921751 	 0.00839292259568065
1.233021997892175 	 0.008225226944423515
1.234021997892175 	 0.008062359366054022
1.2350219978921748 	 0.007904257883084874
1.2360219978921747 	 0.007750861815181576
1.2370219978921746 	 0.0076021117646054345
1.2380219978921745 	 0.007457949602664343
1.2390219978921744 	 0.007318318456390746
1.2400219978921743 	 0.007183162695568904
1.2410219978921742 	 0.00705242792009093
1.242021997892174 	 0.00692606101943187
1.243021997892174 	 0.006804010347907914
1.2440219978921738 	 0.006686225490826094
1.2450219978921737 	 0.006572657190734332
1.2460219978921736 	 0.006463257339394078
1.2470219978921735 	 0.006357978969906924
1.2480219978921734 	 0.0062567762497929315
1.2490219978921733 	 0.00615960447415354
1.2500219978921732 	 0.006066420059061953
1.251021997892173 	 0.00597718053516156
1.252021997892173 	 0.005891844615148334
1.2530219978921728 	 0.005810372381240848
1.2540219978921727 	 0.005732725058916984
1.2550219978921726 	 0.005658864942279638
1.2560219978921725 	 0.005588755395853692
1.2570219978921724 	 0.005522360851658022
1.2580219978921723 	 0.005459646808233644
1.2590219978921722 	 0.005400579829669144
1.260021997892172 	 0.0053451275447923
1.261021997892172 	 0.005293258646507198
1.2620219978921718 	 0.005244942965801028
1.2630219978921717 	 0.00520015167124479
1.2640219978921716 	 0.005158857047092099
1.2650219978921715 	 0.005121032430006262
1.2660219978921714 	 0.0050866522127255166
1.2670219978921713 	 0.005055691847726792
1.2680219978921712 	 0.005028127852083882
1.269021997892171 	 0.00500393781227784
1.270021997892171 	 0.004983100389167463
1.2710219978921709 	 0.004965595323091109
1.2720219978921707 	 0.0049514035131796455
1.2730219978921706 	 0.004940507225395849
1.2740219978921705 	 0.004932889883905172
1.2750219978921704 	 0.004928536014885304
1.2760219978921703 	 0.004927431256089848
1.2770219978921702 	 0.004929562366382998
1.27802199789217 	 0.004934917236859095
1.27902199789217 	 0.0049434849019004985
1.2800219978921699 	 0.004955255550440404
1.2810219978921698 	 0.00497022053737933
1.2820219978921696 	 0.004988372467193734
1.2830219978921695 	 0.005009705392898931
1.2840219978921694 	 0.005034214644348094
1.2850219978921693 	 0.00506189677468772
1.2860219978921692 	 0.005092749578544052
1.287021997892169 	 0.005126772108072377
1.288021997892169 	 0.005163964691283205
1.2890219978921689 	 0.005204328950276021
1.2900219978921688 	 0.005247867802504756
1.2910219978921686 	 0.005294585443601827
1.2920219978921685 	 0.005344487534823342
1.2930219978921684 	 0.0053975813291917175
1.2940219978921683 	 0.005453875531568464
1.2950219978921682 	 0.0055133802737701056
1.296021997892168 	 0.00557610713781088
1.297021997892168 	 0.005642069179165936
1.2980219978921679 	 0.0057112809534165645
1.2990219978921678 	 0.005783758523496238
1.3000219978921677 	 0.00585951936152625
1.3010219978921675 	 0.00593858263592565
1.3020219978921674 	 0.006020969175240764
1.3030219978921673 	 0.00610670151970406
1.3040219978921672 	 0.006195803897585485
1.305021997892167 	 0.006288302238726771
1.306021997892167 	 0.006384224205101875
1.3070219978921669 	 0.006483599219926018
1.3080219978921668 	 0.006586458502689518
1.3090219978921667 	 0.006692835102704255
1.3100219978921666 	 0.006802763932593992
1.3110219978921664 	 0.0069162818013912206
1.3120219978921663 	 0.0070334273877109945
1.3130219978921662 	 0.007154241110942367
1.3140219978921661 	 0.007278765320757091
1.315021997892166 	 0.007407044380125193
1.316021997892166 	 0.007539124697277936
1.3170219978921658 	 0.007675054755140046
1.3180219978921657 	 0.007814885148500901
1.3190219978921656 	 0.007958668618237706
1.3200219978921655 	 0.008106460083703679
1.3210219978921653 	 0.008258316671979666
1.3220219978921652 	 0.008414297540317509
1.3230219978921651 	 0.008574463326200172
1.324021997892165 	 0.008738876706258841
1.325021997892165 	 0.008907602587693107
1.3260219978921648 	 0.009080708122450586
1.3270219978921647 	 0.009258262713636325
1.3280219978921646 	 0.00944033803068397
1.3290219978921645 	 0.009627008031339099
1.3300219978921644 	 0.009818348944823386
1.3310219978921642 	 0.010014409805182027
1.3320219978921641 	 0.010215204143699912
1.333021997892164 	 0.010420846170725945
1.334021997892164 	 0.01063142595093231
1.3350219978921638 	 0.01084702996882385
1.3360219978921637 	 0.011067744556037238
1.3370219978921636 	 0.011293656826393413
1.3380219978921635 	 0.011524854972981053
1.3390219978921634 	 0.011761428373857567
1.3400219978921633 	 0.01200346758401249
1.3410219978921631 	 0.012251064259039436
1.342021997892163 	 0.012504310267240522
1.343021997892163 	 0.01276329537766024
1.3440219978921628 	 0.013028109033669657
1.3450219978921627 	 0.01329884075487478
1.3460219978921626 	 0.013575579860268264
1.3470219978921625 	 0.013858415134865052
1.3480219978921624 	 0.014147434522593856
1.3490219978921623 	 0.014442724758247767
1.3500219978921622 	 0.01474437094812341
1.351021997892162 	 0.015052456087588406
1.352021997892162 	 0.015367059395312707
1.3530219978921618 	 0.015688252571475592
1.3540219978921617 	 0.01601610203581704
1.3550219978921616 	 0.01635066913650292
1.3560219978921615 	 0.016692009335763227
1.3570219978921614 	 0.017040171281860163
1.3580219978921613 	 0.017395195926234563
1.3590219978921612 	 0.01775711552001098
1.360021997892161 	 0.01812595249795155
1.361021997892161 	 0.01850171823980417
1.3620219978921608 	 0.018884410297162705
1.3630219978921607 	 0.01927400709227643
1.3640219978921606 	 0.019670469961897096
1.3650219978921605 	 0.020073742646460203
1.3660219978921604 	 0.020483749462593275
1.3670219978921603 	 0.020900393276142078
1.3680219978921602 	 0.0213235535997133
1.36902199789216 	 0.02175308449538709
1.37002199789216 	 0.02218881231617611
1.3710219978921598 	 0.022630533281682907
1.3720219978921597 	 0.02307800946966861
1.3730219978921596 	 0.02353096243999141
1.3740219978921595 	 0.023989074167751624
1.3750219978921594 	 0.02445198544504203
1.3760219978921593 	 0.024919293027652847
1.3770219978921592 	 0.025390546651027187
1.378021997892159 	 0.025865246395330534
1.379021997892159 	 0.026342839993154343
1.3800219978921588 	 0.026822720190375602
1.3810219978921587 	 0.027304222211641197
1.3820219978921586 	 0.027786620440402664
1.3830219978921585 	 0.028269123868274088
1.3840219978921584 	 0.028750876967703558
1.3850219978921583 	 0.029230959154690195
1.3860219978921582 	 0.029708384334753504
1.387021997892158 	 0.030182100773885247
1.388021997892158 	 0.030650991856393677
1.3890219978921579 	 0.031113877666145012
1.3900219978921577 	 0.03156951753418254
1.3910219978921576 	 0.032016613707957546
1.3920219978921575 	 0.03245381624264304
1.3930219978921574 	 0.03287972880349146
1.3940219978921573 	 0.033292916135165974
1.3950219978921572 	 0.033691912907833375
1.396021997892157 	 0.0340752340332802
1.397021997892157 	 0.03444138655315041
1.3980219978921569 	 0.03478888256273605
1.3990219978921568 	 0.035116253598671925
1.4000219978921566 	 0.035422066310037664
1.4010219978921565 	 0.03570493922427431
1.4020219978921564 	 0.03596356146994207
1.4030219978921563 	 0.03619671360644564
1.4040219978921562 	 0.03640328304056233
1.405021997892156 	 0.03658228130385837
1.406021997892156 	 0.03673286169413938
1.4070219978921559 	 0.03685433600054952
1.4080219978921558 	 0.03694618969718514
1.4090219978921557 	 0.03700809534178324
1.4100219978921555 	 0.03703992373834742
1.4110219978921554 	 0.037041752419641555
1.4120219978921553 	 0.037013873123544
1.4130219978921552 	 0.03695679897977055
1.414021997892155 	 0.036871258262949944
1.415021997892155 	 0.03675818817079285
1.4160219978921549 	 0.03661872677028759
1.4170219978921548 	 0.03645420161923461
1.4180219978921547 	 0.0362661153961014
1.4190219978921546 	 0.03605612874545937
1.4200219978921544 	 0.0358260407588482
1.4210219978921543 	 0.035577767520393086
1.4220219978921542 	 0.035313321268791394
1.4230219978921541 	 0.03503479239340337
1.424021997892154 	 0.03474431942110962
1.425021997892154 	 0.0344440634619307
1.4260219978921538 	 0.034136185159557166
1.4270219978921537 	 0.03382282275909691
1.4280219978921536 	 0.033506071932360326
1.4290219978921535 	 0.03318796737993433
1.4300219978921533 	 0.03287046649653394
1.4310219978921532 	 0.032555435238768075
1.4320219978921531 	 0.0322446381209297
1.433021997892153 	 0.031939733522989136
1.434021997892153 	 0.03164226153496921
1.4350219978921528 	 0.03135363725575201
1.4360219978921527 	 0.031075148009949646
1.4370219978921526 	 0.030807952338451648
1.4380219978921525 	 0.0305530809580536
1.4390219978921523 	 0.030311439112681117
1.4400219978921522 	 0.030083810170542784
1.4410219978921521 	 0.029870860238825875
1.442021997892152 	 0.029673144946861293
1.443021997892152 	 0.029491119485002836
1.4440219978921518 	 0.02932514117513166
1.4450219978921517 	 0.029175475228265173
1.4460219978921516 	 0.029042301869242473
1.4470219978921515 	 0.028925723417386653
1.4480219978921514 	 0.028825771557723985
1.4490219978921512 	 0.028742414364070417
1.4500219978921511 	 0.02867556304093838
1.451021997892151 	 0.028625078337181593
1.452021997892151 	 0.028590777551791176
1.4530219978921508 	 0.028572443163787268
1.4540219978921507 	 0.028569825343152274
1.4550219978921506 	 0.028582646081573418
1.4560219978921505 	 0.0286106037622862
1.4570219978921504 	 0.028653377258434306
1.4580219978921503 	 0.028710629935257963
1.4590219978921501 	 0.02878201318075027
1.46002199789215 	 0.02886716954743712
1.46102199789215 	 0.028965735513532966
1.4620219978921498 	 0.02907734458093679
1.4630219978921497 	 0.029201631547674915
1.4640219978921496 	 0.02933823245285089
1.4650219978921495 	 0.029486785657617837
1.4660219978921494 	 0.029646933237895454
1.4670219978921493 	 0.02981832203180976
1.4680219978921492 	 0.030000604940451384
1.469021997892149 	 0.030193441898180975
1.470021997892149 	 0.030396500623614132
1.4710219978921488 	 0.030609457211633984
1.4720219978921487 	 0.030831997078902693
1.4730219978921486 	 0.031063816828353977
1.4740219978921485 	 0.031304623105567767
1.4750219978921484 	 0.031554132358006526
1.4760219978921483 	 0.03181207088151484
1.4770219978921482 	 0.03207817465078025
1.478021997892148 	 0.03235218957044692
1.479021997892148 	 0.03263387158234733
1.4800219978921478 	 0.03292298629815016
1.4810219978921477 	 0.03321930927182795
1.4820219978921476 	 0.03352262587422515
1.4830219978921475 	 0.03383273246487775
1.4840219978921474 	 0.03414943506450916
1.4850219978921473 	 0.03447254878601851
1.4860219978921472 	 0.034801897532239695
1.487021997892147 	 0.035137313537974155
1.488021997892147 	 0.035478637360075366
1.4890219978921468 	 0.035825717702469784
1.4900219978921467 	 0.03617841116612245
1.4910219978921466 	 0.03653658196530826
1.4920219978921465 	 0.03690010201260247
1.4930219978921464 	 0.03726885193622073
1.4940219978921463 	 0.03764271966114224
1.4950219978921462 	 0.03802159978967759
1.496021997892146 	 0.038405393278454575
1.497021997892146 	 0.038794006984835414
1.4980219978921459 	 0.039187353636703254
1.4990219978921457 	 0.039585351659527965
1.5000219978921456 	 0.03998792494186959
1.5010219978921455 	 0.04039500256433018
1.5020219978921454 	 0.040806519001819176
1.5030219978921453 	 0.04122241551894751
1.5040219978921452 	 0.04164263841610426
1.505021997892145 	 0.04206713854115149
1.506021997892145 	 0.04249587074069714
1.5070219978921449 	 0.04292879373362355
1.5080219978921447 	 0.043365869971625795
1.5090219978921446 	 0.0438070654682706
1.5100219978921445 	 0.044252349601205526
1.5110219978921444 	 0.044701694887967755
1.5120219978921443 	 0.04515507748799193
1.5130219978921442 	 0.04561247917799987
1.514021997892144 	 0.046073885034745604
1.515021997892144 	 0.04653928257691336
1.5160219978921439 	 0.04700866156577516
1.5170219978921438 	 0.04748201380242696
1.5180219978921436 	 0.04795933293113859
1.5190219978921435 	 0.04844061423785368
1.5200219978921434 	 0.048925854444679416
1.5210219978921433 	 0.049415051290070656
1.5220219978921432 	 0.04990820425457112
1.523021997892143 	 0.05040531828780103
1.524021997892143 	 0.05090639997211101
1.5250219978921429 	 0.05141145619413636
1.5260219978921428 	 0.0519204711620196
1.5270219978921427 	 0.052433436310286595
1.5280219978921425 	 0.05295035699823403
1.5290219978921424 	 0.05347123794377811
1.5300219978921423 	 0.05399608224957699
1.5310219978921422 	 0.05452489221892432
1.532021997892142 	 0.05505767083330185
1.533021997892142 	 0.055594424651707885
1.5340219978921419 	 0.056135159384849656
1.5350219978921418 	 0.056679878238572005
1.5360219978921417 	 0.05722858174928442
1.5370219978921416 	 0.05778126781716786
1.5380219978921414 	 0.058337930788720106
1.5390219978921413 	 0.05889856079971494
1.5400219978921412 	 0.05946314327196592
1.5410219978921411 	 0.060031658626932556
1.542021997892141 	 0.06060408417911671
1.543021997892141 	 0.06118039765351893
1.5440219978921408 	 0.06176057130622258
1.5450219978921407 	 0.062344569666427534
1.5460219978921406 	 0.06293234910654023
1.5470219978921405 	 0.06352385797269897
1.5480219978921403 	 0.06411903468841806
1.5490219978921402 	 0.06471780647874892
1.5500219978921401 	 0.06532008832731777
1.55102199789214 	 0.0659257823159991
1.55202199789214 	 0.06653477965911182
1.5530219978921398 	 0.06714696355783616
1.5540219978921397 	 0.06776220188795794
1.5550219978921396 	 0.06838034398093414
1.5560219978921395 	 0.06900121969872197
1.5570219978921394 	 0.06962463940679794
1.5580219978921392 	 0.0702503906973082
1.5590219978921391 	 0.0708782361241262
1.560021997892139 	 0.07150791152853433
1.561021997892139 	 0.07213912505355612
1.5620219978921388 	 0.0727715594712937
1.5630219978921387 	 0.0734048739447967
1.5640219978921386 	 0.07403869707994291
1.5650219978921385 	 0.07467262474041894
1.5660219978921384 	 0.07530622115342793
1.5670219978921383 	 0.07593902246621571
1.5680219978921381 	 0.07656977705534716
1.569021997892138 	 0.0771973234366304
1.570021997892138 	 0.07782167626181716
1.5710219978921378 	 0.07844243615784433
1.5720219978921377 	 0.07905914792214322
1.5730219978921376 	 0.07967136760506874
1.5740219978921375 	 0.0802787032840941
1.5750219978921374 	 0.08088086183871987
1.5760219978921373 	 0.08147770878699592
1.5770219978921372 	 0.08206934555144478
1.578021997892137 	 0.08265620003648258
1.579021997892137 	 0.08323914259810448
1.5800219978921368 	 0.0838196283246372
1.5810219978921367 	 0.08439986630842056
1.5820219978921366 	 0.08498301304308166
1.5830219978921365 	 0.08557337084260139
1.5840219978921364 	 0.08617657973820048
1.5850219978921363 	 0.08679976864237457
1.5860219978921362 	 0.08745161762133907
1.587021997892136 	 0.08814226900559992
1.588021997892136 	 0.0888830080630369
1.5890219978921358 	 0.08968566181584621
1.5900219978921357 	 0.09056168851923431
1.5910219978921356 	 0.09152099972704766
1.5920219978921355 	 0.09257064656030001
1.5930219978921354 	 0.09371358462300372
1.5940219978921353 	 0.09494781403851835
1.5950219978921352 	 0.09626612600307585
1.596021997892135 	 0.09765658121375956
1.597021997892135 	 0.09910366505450224
1.5980219978921348 	 0.10058987875269428
1.5990219978921347 	 0.10209744565892176
1.6000219978921346 	 0.10360981466349284
1.6010219978921345 	 0.10511274441632525
1.6020219978921344 	 0.10659488760557952
1.6030219978921343 	 0.10804790633508986
1.6040219978921342 	 0.10946627340172597
1.605021997892134 	 0.11084686097093131
1.606021997892134 	 0.11218844180182865
1.6070219978921338 	 0.11349119383526185
1.6080219978921337 	 0.11475625576493824
1.6090219978921336 	 0.11598536277447548
1.6100219978921335 	 0.11718056461351535
1.6110219978921334 	 0.11834402044561965
1.6120219978921333 	 0.11947785037540316
1.6130219978921332 	 0.12058402234184679
1.614021997892133 	 0.12166431656021955
1.615021997892133 	 0.12272030343867853
1.6160219978921329 	 0.12375333423585662
1.6170219978921327 	 0.12476454269839832
1.6180219978921326 	 0.12575485784998297
1.6190219978921325 	 0.12672501863797164
1.6200219978921324 	 0.12767559169676335
1.6210219978921323 	 0.12860698943569804
1.6220219978921322 	 0.12951947756453264
1.623021997892132 	 0.13041317110013403
1.624021997892132 	 0.13128807619345723
1.6250219978921319 	 0.13214411361418518
1.6260219978921318 	 0.13298113164142716
1.6270219978921316 	 0.13379891603335275
1.6280219978921315 	 0.1345972056855603
1.6290219978921314 	 0.13537570472582205
1.6300219978921313 	 0.13613409283218858
1.6310219978921312 	 0.13687203247383012
1.632021997892131 	 0.1375891638865777
1.633021997892131 	 0.13828509336311176
1.6340219978921309 	 0.13895942723374316
1.6350219978921308 	 0.13961178569227112
1.6360219978921307 	 0.14024180669639355
1.6370219978921305 	 0.14084914507689447
1.6380219978921304 	 0.14143348349389157
1.6390219978921303 	 0.14199453888317623
1.6400219978921302 	 0.14253206588196327
1.64102199789213 	 0.1430458579025843
1.64202199789213 	 0.14353573568534894
1.6430219978921299 	 0.14400153754780734
1.6440219978921298 	 0.14444314348872517
1.6450219978921297 	 0.1448604826131358
1.6460219978921296 	 0.14525353170190533
1.6470219978921294 	 0.14562230816579344
1.6480219978921293 	 0.14596687780745576
1.6490219978921292 	 0.1462873565411051
1.650021997892129 	 0.1465839093942485
1.651021997892129 	 0.14685674695624035
1.652021997892129 	 0.1471061123483015
1.6530219978921288 	 0.14733227579372596
1.6540219978921287 	 0.14753554566614932
1.6550219978921286 	 0.14771626959227377
1.6560219978921285 	 0.1478748289747614
1.6570219978921283 	 0.14801162914297664
1.6580219978921282 	 0.14812710296373105
1.6590219978921281 	 0.1482217089742549
1.660021997892128 	 0.1482959278520336
1.661021997892128 	 0.14835025677688995
1.6620219978921278 	 0.14838519783772608
1.6630219978921277 	 0.14840126064982057
1.6640219978921276 	 0.14839896041449657
1.6650219978921275 	 0.14837881499661437
1.6660219978921273 	 0.14834133960371806
1.6670219978921272 	 0.14828703874818686
1.6680219978921271 	 0.14821640767142463
1.669021997892127 	 0.1481299307302766
1.670021997892127 	 0.14802807860984882
1.6710219978921268 	 0.1479113046206259
1.6720219978921267 	 0.1477800415971945
1.6730219978921266 	 0.14763471018010008
1.6740219978921265 	 0.14747571152972042
1.6750219978921264 	 0.14730342408730582
1.6760219978921262 	 0.14711820201510875
1.6770219978921261 	 0.14692037261450058
1.678021997892126 	 0.14671023840549002
1.679021997892126 	 0.14648807800595687
1.6800219978921258 	 0.14625414651619478
1.6810219978921257 	 0.14600867601151843
1.6820219978921256 	 0.14575187986330043
1.6830219978921255 	 0.145483967223286
1.6840219978921254 	 0.14520513211019007
1.6850219978921253 	 0.14491555102145193
1.6860219978921251 	 0.14461538451949882
1.687021997892125 	 0.14430477889734744
1.688021997892125 	 0.14398386783195774
1.6890219978921248 	 0.1436527740569878
1.6900219978921247 	 0.14331161101856607
1.6910219978921246 	 0.14296048479829024
1.6920219978921245 	 0.14259950191642573
1.6930219978921244 	 0.14222878483958268
1.6940219978921243 	 0.14184845784947134
1.6950219978921242 	 0.1414586435929116
1.696021997892124 	 0.1410594647510263
1.697021997892124 	 0.1406510465592651
1.6980219978921238 	 0.14023351606914664
1.6990219978921237 	 0.13980700236037671
1.7000219978921236 	 0.13937163709968822
1.7010219978921235 	 0.1389275556985277
1.7020219978921234 	 0.1384749050554203
1.7030219978921233 	 0.13801385668222288
1.7040219978921232 	 0.13754459086897733
1.705021997892123 	 0.13706729192967862
1.706021997892123 	 0.13658214928419746
1.7070219978921228 	 0.1360893580703319
1.7080219978921227 	 0.13558911865939016
1.7090219978921226 	 0.13508163410719654
1.7100219978921225 	 0.13456711004539856
1.7110219978921224 	 0.13404575512030079
1.7120219978921223 	 0.13351778777547804
1.7130219978921222 	 0.13298344642288037
1.714021997892122 	 0.1324429745802725
1.715021997892122 	 0.13189661612071496
1.7160219978921218 	 0.13134461560405156
1.7170219978921217 	 0.1307872202408331
1.7180219978921216 	 0.13022467669726737
1.7190219978921215 	 0.12965722971817975
1.7200219978921214 	 0.12908512157023233
1.7210219978921213 	 0.12850859221064043
1.7220219978921212 	 0.12792788587372966
1.723021997892121 	 0.12734325745712982
1.724021997892121 	 0.12675496125209804
1.7250219978921209 	 0.1261632469822681
1.7260219978921207 	 0.12556836025250814
1.7270219978921206 	 0.12497054453756133
1.7280219978921205 	 0.12437003844506778
1.7290219978921204 	 0.12376707455168878
1.7300219978921203 	 0.1231618792875814
1.7310219978921202 	 0.12255467337314724
1.73202199789212 	 0.1219456766005892
1.73302199789212 	 0.12133511310393685
1.7340219978921199 	 0.12072320263045526
1.7350219978921197 	 0.12011015798125038
1.7360219978921196 	 0.11949618561088715
1.7370219978921195 	 0.11841487026469091
1.7380219978921194 	 0.11688424512154409
1.7390219978921193 	 0.11537165462147346
1.7400219978921192 	 0.11387713799522295
1.741021997892119 	 0.11240071679843316
1.742021997892119 	 0.11094239595461185
1.7430219978921189 	 0.10950216475916981
1.7440219978921188 	 0.10807999784476387
1.7450219978921186 	 0.10667585610829503
1.7460219978921185 	 0.1052896876000509
1.7470219978921184 	 0.10392142837555673
1.7480219978921183 	 0.1025710033108189
1.7490219978921182 	 0.10123832688168366
1.750021997892118 	 0.09992330390812657
1.751021997892118 	 0.09862583026433527
1.7520219978921179 	 0.09734579355547225
1.7530219978921178 	 0.0960830737620686
1.7540219978921177 	 0.0948375438530074
1.7550219978921175 	 0.09360907036807584
1.7560219978921174 	 0.09239751397108661
1.7570219978921173 	 0.09120272997457683
1.7580219978921172 	 0.09002456883707735
1.759021997892117 	 0.08886287663397023
1.760021997892117 	 0.08771749550292576
1.7610219978921169 	 0.08658826406490573
1.7620219978921168 	 0.08547501782171073
1.7630219978921167 	 0.08437758953102828
1.7640219978921166 	 0.08329580955992871
1.7650219978921164 	 0.082229506217722
1.7660219978921163 	 0.08117850606908432
1.7670219978921162 	 0.08014263422832803
1.7680219978921161 	 0.07912171463566828
1.769021997892116 	 0.07811557031632031
1.770021997892116 	 0.0771240236232254
1.7710219978921158 	 0.07614689646419233
1.7720219978921157 	 0.07518401051419749
1.7730219978921156 	 0.07423518741357965
1.7740219978921155 	 0.07330024895282235
1.7750219978921153 	 0.07237901724460798
1.7760219978921152 	 0.07147131488378139
1.7770219978921151 	 0.07057696509585719
1.778021997892115 	 0.06969579187466438
1.779021997892115 	 0.06882762010970501
1.7800219978921148 	 0.06797227570377355
1.7810219978921147 	 0.06712958568137249
1.7820219978921146 	 0.06629937828841564
1.7830219978921145 	 0.06548148308371449
1.7840219978921144 	 0.06467573102269845
1.7850219978921142 	 0.0638819545338106
1.7860219978921141 	 0.06309998758800159
1.787021997892114 	 0.062329665761715954
1.788021997892114 	 0.061570826293754495
1.7890219978921138 	 0.06082330813637225
1.7900219978921137 	 0.06008695200096081
1.7910219978921136 	 0.05936160039863653
1.7920219978921135 	 0.05864709767605213
1.7930219978921134 	 0.05794329004672142
1.7940219978921133 	 0.057250025618142845
1.7950219978921131 	 0.05656715441498384
1.796021997892113 	 0.05589452839858206
1.797021997892113 	 0.05523200148299856
1.7980219978921128 	 0.054579429547854226
1.7990219978921127 	 0.053936670448160556
1.8000219978921126 	 0.05330358402134788
1.8010219978921125 	 0.05268003209168608
1.8020219978921124 	 0.052065878472275146
1.8030219978921123 	 0.0514609889647819
1.8040219978921122 	 0.050865231357079294
1.805021997892112 	 0.050278475418947435
1.806021997892112 	 0.04970059289597533
1.8070219978921118 	 0.049131457501803116
1.8080219978921117 	 0.04857094490883201
1.8090219978921116 	 0.04801893273752166
1.8100219978921115 	 0.04747530054439104
1.8110219978921114 	 0.04693992980882944
1.8120219978921113 	 0.04641270391881702
1.8130219978921112 	 0.04589350815565189
1.814021997892111 	 0.04538222967777139
1.815021997892111 	 0.0448787575037526
1.8160219978921108 	 0.044382982494569706
1.8170219978921107 	 0.043894797335182395
1.8180219978921106 	 0.04341409651552473
1.8190219978921105 	 0.04294077631095869
1.8200219978921104 	 0.04247473476225517
1.8210219978921103 	 0.042015871655155364
1.8220219978921102 	 0.041564088499570155
1.82302199789211 	 0.041119288508464566
1.82402199789211 	 0.040681376576473506
1.8250219978921098 	 0.04025025925829438
1.8260219978921097 	 0.03982584474689445
1.8270219978921096 	 0.03940804285157225
1.8280219978921095 	 0.03899676497590674
1.8290219978921094 	 0.03859192409562854
1.8300219978921093 	 0.03819343473644149
1.8310219978921092 	 0.037801212951824245
1.832021997892109 	 0.037415176300836156
1.833021997892109 	 0.03703524382595431
1.8340219978921088 	 0.03666133603095998
1.8350219978921087 	 0.036293374858898955
1.8360219978921086 	 0.035931283670131556
1.8370219978921085 	 0.03557498722049259
1.8380219978921084 	 0.03522441163957313
1.8390219978921083 	 0.03487948440914388
1.8400219978921082 	 0.03454013434172953
1.841021997892108 	 0.034206291559346055
1.842021997892108 	 0.0338778874724165
1.8430219978921079 	 0.03355485475886978
1.8440219978921077 	 0.03323712734343421
1.8450219978921076 	 0.0329246403771348
1.8460219978921075 	 0.032617330216998974
1.8470219978921074 	 0.03231513440597879
1.8480219978921073 	 0.032017991653095816
1.8490219978921072 	 0.03172584181381178
1.850021997892107 	 0.031438625870631336
1.851021997892107 	 0.031156285913939322
1.8520219978921069 	 0.030878765123076107
1.8530219978921068 	 0.03060600774765409
1.8540219978921066 	 0.030337959089116243
1.8550219978921065 	 0.030074565482540117
1.8560219978921064 	 0.029815774278686556
1.8570219978921063 	 0.029561533826296154
1.8580219978921062 	 0.02931179345463157
1.859021997892106 	 0.029066503456268235
1.860021997892106 	 0.028825615070130386
1.8610219978921059 	 0.0285890804647754
1.8620219978921058 	 0.02835685272192309
1.8630219978921057 	 0.02812888582022887
1.8640219978921055 	 0.02790513461930211
1.8650219978921054 	 0.027685554843965038
1.8660219978921053 	 0.027470103068753197
1.8670219978921052 	 0.027258736702653368
1.868021997892105 	 0.027051413974079445
1.869021997892105 	 0.026848093916081464
1.8700219978921049 	 0.026648736351787515
1.8710219978921048 	 0.026453301880076684
1.8720219978921047 	 0.026261751861476265
1.8730219978921046 	 0.02607404840428758
1.8740219978921044 	 0.02589015435093106
1.8750219978921043 	 0.02571003326451188
1.8760219978921042 	 0.025533649415602735
1.877021997892104 	 0.02536096776923892
1.878021997892104 	 0.025191953972125335
1.879021997892104 	 0.02502657434005093
1.8800219978921038 	 0.02486479584550819
1.8810219978921037 	 0.02470658610551417
1.8820219978921036 	 0.024551913369630446
1.8830219978921034 	 0.024400746508178518
1.8840219978921033 	 0.024253055000648473
1.8850219978921032 	 0.024108808924296437
1.8860219978921031 	 0.023967978942928677
1.887021997892103 	 0.02383053629586956
1.888021997892103 	 0.023696452787108673
1.8890219978921028 	 0.023565700774626403
1.8900219978921027 	 0.023438253159892525
1.8910219978921026 	 0.023314083377536394
1.8920219978921025 	 0.023193165385185156
1.8930219978921023 	 0.02307547365346695
1.8940219978921022 	 0.022960983156175865
1.8950219978921021 	 0.022849669360595896
1.896021997892102 	 0.022741508217982043
1.897021997892102 	 0.022636476154192915
1.8980219978921018 	 0.022534550060475365
1.8990219978921017 	 0.022435707284395208
1.9000219978921016 	 0.022339925620913748
1.9010219978921015 	 0.022247183303605426
1.9020219978921014 	 0.022157458996015143
1.9030219978921012 	 0.022070731783151543
1.9040219978921011 	 0.021986981163114983
1.905021997892101 	 0.021906187038855374
1.906021997892101 	 0.021828329710060067
1.9070219978921008 	 0.021753389865166634
1.9080219978921007 	 0.02168134857350014
1.9090219978921006 	 0.021612187277530618
1.9100219978921005 	 0.021545887785250042
1.9110219978921004 	 0.02148243226266513
1.9120219978921003 	 0.02142180322640467
1.9130219978921001 	 0.021363983536437373
1.9140219978921 	 0.021308956388901026
1.9150219978921 	 0.021256705309036943
1.9160219978920998 	 0.021207214144231074
1.9170219978920997 	 0.021160467057157146
1.9180219978920996 	 0.021116448519021228
1.9190219978920995 	 0.021075143302904987
1.9200219978920994 	 0.02103653647720591
1.9210219978920993 	 0.021000613399172263
1.9220219978920992 	 0.02096735970853173
1.923021997892099 	 0.02093676132121053
1.924021997892099 	 0.020908804423142656
1.9250219978920988 	 0.02088347546416592
1.9260219978920987 	 0.020860761152004886
1.9270219978920986 	 0.02084064844633719
1.9280219978920985 	 0.020823124552943006
1.9290219978920984 	 0.02080817691793522
1.9300219978920983 	 0.02079579322206906
1.9310219978920982 	 0.020785961375129808
1.932021997892098 	 0.02077866951039664
1.933021997892098 	 0.020773905979181693
1.9340219978920978 	 0.02077165934544268
1.9350219978920977 	 0.02077191838046776
1.9360219978920976 	 0.020774672057631074
1.9370219978920975 	 0.020779909547218155
1.9380219978920974 	 0.02078762021131982
1.9390219978920973 	 0.0207977935987926
1.9400219978920972 	 0.02081041944028621
1.941021997892097 	 0.02082548764333471
1.942021997892097 	 0.020842988287512288
1.9430219978920968 	 0.020862911619651557
1.9440219978920967 	 0.020885248049122937
1.9450219978920966 	 0.020909988143175764
1.9460219978920965 	 0.020937122622338038
1.9470219978920964 	 0.02096664235587581
1.9480219978920963 	 0.020998538357309512
1.9490219978920962 	 0.02103280177998907
1.950021997892096 	 0.021069423912722554
1.951021997892096 	 0.021108396175462937
1.9520219978920959 	 0.021149710115047696
1.9530219978920957 	 0.021193357400992978
1.9540219978920956 	 0.021239329821341336
1.9550219978920955 	 0.021287619278560797
1.9560219978920954 	 0.021338217785497063
1.9570219978920953 	 0.021391117461376934
1.9580219978920952 	 0.021446310527860387
1.959021997892095 	 0.021503789305146404
1.960021997892095 	 0.02156354620812429
1.9610219978920949 	 0.021625573742577526
1.9620219978920947 	 0.021689864501433547
1.9630219978920946 	 0.021756411161063527
1.9640219978920945 	 0.02182520647762859
1.9650219978920944 	 0.021896243283474243
1.9660219978920943 	 0.021969514483570575
1.9670219978920942 	 0.02204501305199986
1.968021997892094 	 0.022122732028489953
1.969021997892094 	 0.022202664514993753
1.9700219978920939 	 0.022284803672313683
1.9710219978920938 	 0.022369142716771567
1.9720219978920936 	 0.022455674916924472
1.9730219978920935 	 0.022544393590323394
1.9740219978920934 	 0.022635292100318147
1.9750219978920933 	 0.02272836385290581
1.9760219978920932 	 0.022823602293623062
1.977021997892093 	 0.022921000904483152
1.978021997892093 	 0.02302055320095598
1.9790219978920929 	 0.023122252728992144
1.9800219978920928 	 0.023226093062090118
1.9810219978920927 	 0.02333206779840767
1.9820219978920925 	 0.02344017055791527
1.9830219978920924 	 0.02355039497959401
1.9840219978920923 	 0.02366273471867553
1.9850219978920922 	 0.023777183443925615
1.986021997892092 	 0.023893734834970648
1.987021997892092 	 0.0240123825796672
1.9880219978920919 	 0.024133120371513685
1.9890219978920918 	 0.024255941907106233
1.9900219978920917 	 0.02438084088363634
1.9910219978920916 	 0.024507810996431463
1.9920219978920914 	 0.02463684593653954
1.9930219978920913 	 0.02476793938835462
1.9940219978920912 	 0.02490108502728719
1.9950219978920911 	 0.0250362765174753
1.996021997892091 	 0.02517350750954139
1.997021997892091 	 0.025312771638388697
1.9980219978920908 	 0.025454062521043486
1.9990219978920907 	 0.02559737375453838
