0.0010219978922 	 0
0.0020219978922 	 0.0
0.0030219978922 	 0.0
0.0040219978922 	 0.0
0.0050219978922 	 0.0
0.0060219978922 	 0.0
0.0070219978922 	 0.0
0.0080219978922 	 0.0
0.009021997892200002 	 0.0
0.010021997892200003 	 0.0
0.011021997892200004 	 0.0
0.012021997892200004 	 0.0
0.013021997892200005 	 0.0
0.014021997892200006 	 0.0
0.015021997892200007 	 0.0
0.016021997892200008 	 0.0
0.01702199789220001 	 0.0
0.01802199789220001 	 0.0
0.01902199789220001 	 0.0
0.02002199789220001 	 0.0
0.021021997892200012 	 0.0
0.022021997892200013 	 0.0
0.023021997892200014 	 0.0
0.024021997892200015 	 0.0
0.025021997892200016 	 0.0
0.026021997892200017 	 0.0
0.027021997892200018 	 0.0
0.02802199789220002 	 0.0
0.02902199789220002 	 0.0
0.03002199789220002 	 0.0
0.03102199789220002 	 0.0
0.03202199789220002 	 0.0
0.03302199789220002 	 0.0
0.03402199789220002 	 0.0
0.03502199789220002 	 0.0
0.03602199789220002 	 0.0
0.03702199789220002 	 0.0
0.038021997892200024 	 0.0
0.039021997892200025 	 0.0
0.040021997892200026 	 0.0
0.04102199789220003 	 0.0
0.04202199789220003 	 0.0
0.04302199789220003 	 0.0
0.04402199789220003 	 0.0
0.04502199789220003 	 0.0
0.04602199789220003 	 0.0
0.04702199789220003 	 0.0
0.04802199789220003 	 0.0
0.049021997892200034 	 0.0
0.050021997892200035 	 0.0
0.051021997892200036 	 0.0
0.052021997892200036 	 0.0
0.05302199789220004 	 0.0
0.05402199789220004 	 0.0
0.05502199789220004 	 0.0
0.05602199789220004 	 0.0
0.05702199789220004 	 0.0
0.05802199789220004 	 0.0
0.05902199789220004 	 0.0
0.060021997892200044 	 0.0
0.061021997892200044 	 0.0
0.062021997892200045 	 0.0
0.06302199789220005 	 0.0
0.06402199789220005 	 0.0
0.06502199789220005 	 0.0
0.06602199789220005 	 0.0
0.06702199789220005 	 0.0
0.06802199789220005 	 0.0
0.06902199789220005 	 0.0
0.07002199789220005 	 0.0
0.07102199789220005 	 0.0
0.07202199789220005 	 0.0
0.07302199789220006 	 0.0
0.07402199789220006 	 0.0
0.07502199789220006 	 0.0
0.07602199789220006 	 0.0
0.07702199789220006 	 0.0
0.07802199789220006 	 0.0
0.07902199789220006 	 0.0
0.08002199789220006 	 0.0
0.08102199789220006 	 0.0
0.08202199789220006 	 0.0
0.08302199789220006 	 0.0
0.08402199789220006 	 0.0
0.08502199789220007 	 0.0
0.08602199789220007 	 0.0
0.08702199789220007 	 0.0
0.08802199789220007 	 0.0
0.08902199789220007 	 0.0
0.09002199789220007 	 0.0
0.09102199789220007 	 0.0
0.09202199789220007 	 0.0
0.09302199789220007 	 0.0
0.09402199789220007 	 0.0
0.09502199789220007 	 0.0
0.09602199789220008 	 0.0
0.09702199789220008 	 0.0
0.09802199789220008 	 0.0
0.09902199789220008 	 0.0
0.10002199789220008 	 0.0
0.10102199789220008 	 0.0
0.10202199789220008 	 0.0
0.10302199789220008 	 0.0
0.10402199789220008 	 0.0
0.10502199789220008 	 0.0
0.10602199789220008 	 0.0
0.10702199789220009 	 0.0
0.10802199789220009 	 0.0
0.10902199789220009 	 0.0
0.11002199789220009 	 0.0
0.11102199789220009 	 0.0
0.11202199789220009 	 0.0
0.11302199789220009 	 0.0
0.11402199789220009 	 0.0
0.11502199789220009 	 0.0
0.1160219978922001 	 0.0
0.1170219978922001 	 0.0
0.1180219978922001 	 0.0
0.1190219978922001 	 0.0
0.1200219978922001 	 0.0
0.1210219978922001 	 0.0
0.1220219978922001 	 0.0
0.1230219978922001 	 0.0
0.1240219978922001 	 0.0
0.1250219978922001 	 0.0
0.1260219978922001 	 0.0
0.1270219978922001 	 0.0
0.1280219978922001 	 0.0
0.1290219978922001 	 0.0
0.1300219978922001 	 0.0
0.1310219978922001 	 0.0
0.1320219978922001 	 0.0
0.1330219978922001 	 0.0
0.1340219978922001 	 0.0
0.1350219978922001 	 0.0
0.1360219978922001 	 0.0
0.1370219978922001 	 0.0
0.1380219978922001 	 0.0
0.1390219978922001 	 0.0
0.1400219978922001 	 0.0
0.1410219978922001 	 0.0
0.1420219978922001 	 0.0
0.1430219978922001 	 0.0
0.1440219978922001 	 0.0
0.1450219978922001 	 0.0
0.1460219978922001 	 0.0
0.1470219978922001 	 0.0
0.1480219978922001 	 0.0
0.1490219978922001 	 0.0
0.1500219978922001 	 0.0
0.1510219978922001 	 0.0
0.1520219978922001 	 0.0
0.1530219978922001 	 0.0
0.1540219978922001 	 0.0
0.15502199789220011 	 0.0
0.15602199789220011 	 0.0
0.15702199789220012 	 0.0
0.15802199789220012 	 0.0
0.15902199789220012 	 0.0
0.16002199789220012 	 0.0
0.16102199789220012 	 0.0
0.16202199789220012 	 0.0
0.16302199789220012 	 0.0
0.16402199789220012 	 0.0
0.16502199789220012 	 0.0
0.16602199789220012 	 0.0
0.16702199789220012 	 0.0
0.16802199789220013 	 0.0
0.16902199789220013 	 0.0
0.17002199789220013 	 0.0
0.17102199789220013 	 0.0
0.17202199789220013 	 0.0
0.17302199789220013 	 0.0
0.17402199789220013 	 0.0
0.17502199789220013 	 0.0
0.17602199789220013 	 0.0
0.17702199789220013 	 0.0
0.17802199789220013 	 0.0
0.17902199789220014 	 0.0
0.18002199789220014 	 0.0
0.18102199789220014 	 0.0
0.18202199789220014 	 0.0
0.18302199789220014 	 0.0
0.18402199789220014 	 0.0
0.18502199789220014 	 0.0
0.18602199789220014 	 0.0
0.18702199789220014 	 0.0
0.18802199789220014 	 0.0
0.18902199789220014 	 0.0
0.19002199789220015 	 0.0
0.19102199789220015 	 0.0
0.19202199789220015 	 0.0
0.19302199789220015 	 0.0
0.19402199789220015 	 0.0
0.19502199789220015 	 0.0
0.19602199789220015 	 0.0
0.19702199789220015 	 0.0
0.19802199789220015 	 0.0
0.19902199789220015 	 0.0
0.20002199789220015 	 0.0
0.20102199789220015 	 0.0
0.20202199789220016 	 0.0
0.20302199789220016 	 0.0
0.20402199789220016 	 0.0
0.20502199789220016 	 0.0
0.20602199789220016 	 0.0
0.20702199789220016 	 0.0
0.20802199789220016 	 0.0
0.20902199789220016 	 0.0
0.21002199789220016 	 0.0
0.21102199789220016 	 0.0
0.21202199789220016 	 0.0
0.21302199789220017 	 0.0
0.21402199789220017 	 0.0
0.21502199789220017 	 0.0
0.21602199789220017 	 0.0
0.21702199789220017 	 0.0
0.21802199789220017 	 0.0
0.21902199789220017 	 0.0
0.22002199789220017 	 0.0
0.22102199789220017 	 0.0
0.22202199789220017 	 0.0
0.22302199789220017 	 0.0
0.22402199789220018 	 0.0
0.22502199789220018 	 0.0
0.22602199789220018 	 0.0
0.22702199789220018 	 0.0
0.22802199789220018 	 0.0
0.22902199789220018 	 0.0
0.23002199789220018 	 0.0
0.23102199789220018 	 0.0
0.23202199789220018 	 0.0
0.23302199789220018 	 0.0
0.23402199789220018 	 0.0
0.23502199789220019 	 0.0
0.23602199789220019 	 0.0
0.2370219978922002 	 0.0
0.2380219978922002 	 0.0
0.2390219978922002 	 0.0
0.2400219978922002 	 0.0
0.2410219978922002 	 0.0
0.2420219978922002 	 0.0
0.2430219978922002 	 0.0
0.2440219978922002 	 0.0
0.2450219978922002 	 0.0
0.2460219978922002 	 0.0
0.2470219978922002 	 0.0
0.2480219978922002 	 0.0
0.2490219978922002 	 0.0
0.2500219978922002 	 0.0
0.2510219978922002 	 0.0
0.2520219978922002 	 0.0
0.2530219978922002 	 0.0
0.2540219978922002 	 0.0
0.2550219978922002 	 0.0
0.2560219978922002 	 0.0
0.2570219978922002 	 0.0
0.2580219978922002 	 0.0
0.2590219978922002 	 0.0
0.2600219978922002 	 0.0
0.2610219978922002 	 0.0
0.2620219978922002 	 0.0
0.2630219978922002 	 0.0
0.2640219978922002 	 0.0
0.2650219978922002 	 0.0
0.2660219978922002 	 0.0
0.2670219978922002 	 0.0
0.2680219978922002 	 0.0
0.2690219978922002 	 0.0
0.2700219978922002 	 0.0
0.2710219978922002 	 0.0
0.2720219978922002 	 0.0
0.2730219978922002 	 0.0
0.2740219978922002 	 0.0
0.2750219978922002 	 0.0
0.2760219978922002 	 0.0
0.2770219978922002 	 0.0
0.2780219978922002 	 0.0
0.2790219978922002 	 0.0
0.2800219978922002 	 0.0
0.2810219978922002 	 0.0
0.2820219978922002 	 0.0
0.2830219978922002 	 0.0
0.28402199789220023 	 0.0
0.28502199789220023 	 0.0
0.28602199789220023 	 0.0
0.28702199789220023 	 0.0
0.28802199789220023 	 0.0
0.28902199789220023 	 0.0
0.29002199789220023 	 0.0
0.29102199789220023 	 0.0
0.29202199789220024 	 0.0
0.29302199789220024 	 0.0
0.29402199789220024 	 0.0
0.29502199789220024 	 0.0
0.29602199789220024 	 0.0
0.29702199789220024 	 0.0
0.29802199789220024 	 0.0
0.29902199789220024 	 0.0
0.30002199789220024 	 0.0
0.30102199789220024 	 0.0
0.30202199789220024 	 0.0
0.30302199789220025 	 0.0
0.30402199789220025 	 0.0
0.30502199789220025 	 0.0
0.30602199789220025 	 0.0
0.30702199789220025 	 0.0
0.30802199789220025 	 0.0
0.30902199789220025 	 0.0
0.31002199789220025 	 0.0
0.31102199789220025 	 0.0
0.31202199789220025 	 0.0
0.31302199789220025 	 0.0
0.31402199789220026 	 0.0
0.31502199789220026 	 0.0
0.31602199789220026 	 0.0
0.31702199789220026 	 0.0
0.31802199789220026 	 0.0
0.31902199789220026 	 0.0
0.32002199789220026 	 0.0
0.32102199789220026 	 0.0
0.32202199789220026 	 0.0
0.32302199789220026 	 0.0
0.32402199789220026 	 0.0
0.32502199789220027 	 0.0
0.32602199789220027 	 0.0
0.32702199789220027 	 0.0
0.32802199789220027 	 0.0
0.32902199789220027 	 0.0
0.33002199789220027 	 0.0
0.33102199789220027 	 0.0
0.33202199789220027 	 0.0
0.33302199789220027 	 0.0
0.3340219978922003 	 0.0
0.3350219978922003 	 0.0
0.3360219978922003 	 0.0
0.3370219978922003 	 0.0
0.3380219978922003 	 0.0
0.3390219978922003 	 0.0
0.3400219978922003 	 0.0
0.3410219978922003 	 0.0
0.3420219978922003 	 0.0
0.3430219978922003 	 0.0
0.3440219978922003 	 0.0
0.3450219978922003 	 0.0
0.3460219978922003 	 0.0
0.3470219978922003 	 0.0
0.3480219978922003 	 0.0
0.3490219978922003 	 0.0
0.3500219978922003 	 0.0
0.3510219978922003 	 0.0
0.3520219978922003 	 0.0
0.3530219978922003 	 0.0
0.3540219978922003 	 0.0
0.3550219978922003 	 0.0
0.3560219978922003 	 0.0
0.3570219978922003 	 0.0
0.3580219978922003 	 0.0
0.3590219978922003 	 0.0
0.3600219978922003 	 0.0
0.3610219978922003 	 0.0
0.3620219978922003 	 0.0
0.3630219978922003 	 0.0
0.3640219978922003 	 0.0
0.3650219978922003 	 0.0
0.3660219978922003 	 0.0
0.3670219978922003 	 0.0
0.3680219978922003 	 0.0
0.3690219978922003 	 0.0
0.3700219978922003 	 0.0
0.3710219978922003 	 0.0
0.3720219978922003 	 0.0
0.3730219978922003 	 0.0
0.3740219978922003 	 0.0
0.3750219978922003 	 0.0
0.3760219978922003 	 0.0
0.3770219978922003 	 0.0
0.3780219978922003 	 0.0
0.3790219978922003 	 0.0
0.3800219978922003 	 0.0
0.3810219978922003 	 0.0
0.3820219978922003 	 0.0
0.3830219978922003 	 0.0
0.3840219978922003 	 0.0
0.3850219978922003 	 0.0
0.3860219978922003 	 0.0
0.3870219978922003 	 0.0
0.3880219978922003 	 0.0
0.3890219978922003 	 0.0
0.3900219978922003 	 0.0
0.3910219978922003 	 0.0
0.3920219978922003 	 0.0
0.3930219978922003 	 0.0
0.3940219978922003 	 0.0
0.3950219978922003 	 0.0
0.39602199789220033 	 0.0
0.39702199789220033 	 0.0
0.39802199789220033 	 0.0
0.39902199789220033 	 0.0
0.40002199789220033 	 0.0
0.40102199789220033 	 0.0
0.40202199789220033 	 0.0
0.40302199789220033 	 0.0
0.40402199789220034 	 0.0
0.40502199789220034 	 0.0
0.40602199789220034 	 0.0
0.40702199789220034 	 0.0
0.40802199789220034 	 0.0
0.40902199789220034 	 0.0
0.41002199789220034 	 0.0
0.41102199789220034 	 0.0
0.41202199789220034 	 0.0
0.41302199789220034 	 0.0
0.41402199789220034 	 0.0
0.41502199789220034 	 0.0
0.41602199789220035 	 0.0
0.41702199789220035 	 0.0
0.41802199789220035 	 0.0
0.41902199789220035 	 0.0
0.42002199789220035 	 0.0
0.42102199789220035 	 0.0
0.42202199789220035 	 0.0
0.42302199789220035 	 0.0
0.42402199789220035 	 0.0
0.42502199789220035 	 0.0
0.42602199789220035 	 0.0
0.42702199789220036 	 0.0
0.42802199789220036 	 0.0
0.42902199789220036 	 0.0
0.43002199789220036 	 0.0
0.43102199789220036 	 0.0
0.43202199789220036 	 0.0
0.43302199789220036 	 0.0
0.43402199789220036 	 0.0
0.43502199789220036 	 0.0
0.43602199789220036 	 0.0
0.43702199789220036 	 0.0
0.43802199789220037 	 0.0
0.43902199789220037 	 0.0
0.44002199789220037 	 0.0
0.44102199789220037 	 0.0
0.44202199789220037 	 0.0
0.44302199789220037 	 0.0
0.44402199789220037 	 0.0
0.44502199789220037 	 0.0
0.4460219978922004 	 0.0
0.4470219978922004 	 0.0
0.4480219978922004 	 0.0
0.4490219978922004 	 0.0
0.4500219978922004 	 0.0
0.4510219978922004 	 0.0
0.4520219978922004 	 0.0
0.4530219978922004 	 0.0
0.4540219978922004 	 0.0
0.4550219978922004 	 0.0
0.4560219978922004 	 0.0
0.4570219978922004 	 0.0
0.4580219978922004 	 0.0
0.4590219978922004 	 0.0
0.4600219978922004 	 0.0
0.4610219978922004 	 0.0
0.4620219978922004 	 0.0
0.4630219978922004 	 0.0
0.4640219978922004 	 0.0
0.4650219978922004 	 0.0
0.4660219978922004 	 0.0
0.4670219978922004 	 0.0
0.4680219978922004 	 0.0
0.4690219978922004 	 0.0
0.4700219978922004 	 0.0
0.4710219978922004 	 0.0
0.4720219978922004 	 0.0
0.4730219978922004 	 0.0
0.4740219978922004 	 0.0
0.4750219978922004 	 0.0
0.4760219978922004 	 0.0
0.4770219978922004 	 0.0
0.4780219978922004 	 0.0
0.4790219978922004 	 0.0
0.4800219978922004 	 0.0
0.4810219978922004 	 0.0
0.4820219978922004 	 0.0
0.4830219978922004 	 0.0
0.4840219978922004 	 0.0
0.4850219978922004 	 0.0
0.4860219978922004 	 0.0
0.4870219978922004 	 0.0
0.4880219978922004 	 0.0
0.4890219978922004 	 0.0
0.4900219978922004 	 0.0
0.4910219978922004 	 0.0
0.4920219978922004 	 0.0
0.4930219978922004 	 0.0
0.4940219978922004 	 0.0
0.4950219978922004 	 0.0
0.4960219978922004 	 0.0
0.4970219978922004 	 0.0
0.4980219978922004 	 0.0
0.4990219978922004 	 0.0
0.5000219978922004 	 0.0
0.5010219978922004 	 0.0
0.5020219978922004 	 0.0
0.5030219978922004 	 0.0
0.5040219978922004 	 0.0
0.5050219978922004 	 0.0
0.5060219978922004 	 0.0
0.5070219978922004 	 0.0
0.5080219978922004 	 0.0
0.5090219978922004 	 0.0
0.5100219978922004 	 0.0
0.5110219978922004 	 0.0
0.5120219978922004 	 0.0
0.5130219978922004 	 0.0
0.5140219978922004 	 0.0
0.5150219978922004 	 0.0
0.5160219978922004 	 0.0
0.5170219978922004 	 0.0
0.5180219978922004 	 0.0
0.5190219978922004 	 0.0
0.5200219978922004 	 0.0
0.5210219978922004 	 0.0
0.5220219978922004 	 0.0
0.5230219978922004 	 0.0
0.5240219978922004 	 0.0
0.5250219978922004 	 0.0
0.5260219978922004 	 0.0
0.5270219978922004 	 0.0
0.5280219978922004 	 0.0
0.5290219978922004 	 0.0
0.5300219978922004 	 0.0
0.5310219978922004 	 0.0
0.5320219978922004 	 0.0
0.5330219978922004 	 0.0
0.5340219978922004 	 0.0
0.5350219978922004 	 0.0
0.5360219978922004 	 0.0
0.5370219978922004 	 0.0
0.5380219978922004 	 0.0
0.5390219978922004 	 0.0
0.5400219978922004 	 0.0
0.5410219978922004 	 0.0
0.5420219978922004 	 0.0
0.5430219978922004 	 0.0
0.5440219978922004 	 0.0
0.5450219978922004 	 0.0
0.5460219978922004 	 0.0
0.5470219978922004 	 0.0
0.5480219978922004 	 2.2918960254463708e-11
0.5490219978922004 	 8.603953773253734e-09
0.5500219978922004 	 5.471851902453554e-08
0.5510219978922004 	 1.6875472254033352e-07
0.5520219978922004 	 3.792007575590602e-07
0.5530219978922004 	 7.126981684875254e-07
0.5540219978922004 	 1.1940944110875731e-06
0.5550219978922004 	 1.84649473398881e-06
0.5560219978922004 	 2.6913134054903717e-06
0.5570219978922004 	 3.7483243067845724e-06
0.5580219978922004 	 5.03571091000724e-06
0.5590219978922004 	 6.570115656899875e-06
0.5600219978922004 	 8.366688751358114e-06
0.5610219978922004 	 1.043913637673921e-05
0.5620219978922004 	 1.2799768346514014e-05
0.5630219978922004 	 1.5459545194685827e-05
0.5640219978922004 	 1.8428124710308924e-05
0.5650219978922004 	 2.1713907918646006e-05
0.5660219978922004 	 2.5324084509086273e-05
0.5670219978922004 	 2.9264677701304285e-05
0.5680219978922004 	 3.354058859635642e-05
0.5690219978922004 	 3.815563988450265e-05
0.5700219978922004 	 4.311261906851139e-05
0.5710219978922004 	 4.8413321073302465e-05
0.5720219978922004 	 5.405859028401716e-05
0.5730219978922004 	 6.004836199435105e-05
0.5740219978922004 	 6.638170325635003e-05
0.5750219978922004 	 7.305685312120388e-05
0.5760219978922004 	 8.007126226024645e-05
0.5770219978922004 	 8.742163195479241e-05
0.5780219978922004 	 9.510395244309503e-05
0.5790219978922004 	 0.00010311354061241586
0.5800219978922004 	 0.0001114450770240721
0.5810219978922004 	 0.00012009264225913946
0.5820219978922004 	 0.00012904975257299083
0.5830219978922004 	 0.00013830939484521344
0.5840219978922004 	 0.00014786406079647822
0.5850219978922004 	 0.0001577057805758806
0.5860219978922004 	 0.0001678261554127501
0.5870219978922004 	 0.00017821638971825176
0.5880219978922004 	 0.0001888673223279265
0.5890219978922004 	 0.00019976945699576217
0.5900219978922004 	 0.000210912992075694
0.5910219978922004 	 0.000222287849607426
0.5920219978922004 	 0.0002338837032239672
0.5930219978922004 	 0.0002456900056449403
0.5940219978922004 	 0.00025769601518725875
0.5950219978922004 	 0.00026989082146873283
0.5960219978922005 	 0.00028226337033711394
0.5970219978922005 	 0.00029480248796249543
0.5980219978922005 	 0.0003074969041159041
0.5990219978922005 	 0.0003203352746285313
0.6000219978922005 	 0.00033330620303191003
0.6010219978922005 	 0.00034639826138001793
0.6020219978922005 	 0.00035960001025537783
0.6030219978922005 	 0.00037290001796218015
0.6040219978922005 	 0.00038628687891046335
0.6050219978922005 	 0.0003997492311963916
0.6060219978922005 	 0.00041327577338433124
0.6070219978922005 	 0.00042685528049862776
0.6080219978922005 	 0.00044047661922896485
0.6090219978922005 	 0.00045412876231585984
0.6100219978922005 	 0.0004678008024238154
0.6110219978922005 	 0.0004814819647420104
0.6120219978922005 	 0.0004951616193657759
0.6130219978922005 	 0.0005088292926783085
0.6140219978922005 	 0.0005224746780724752
0.6150219978922005 	 0.000536087645961546
0.6160219978922005 	 0.0005496582530649401
0.6170219978922005 	 0.0005631767512068489
0.6180219978922005 	 0.0005766335950612704
0.6190219978922005 	 0.0005900194496478352
0.6200219978922005 	 0.000603325196993276
0.6210219978922005 	 0.0006165419422232007
0.6220219978922005 	 0.0006296610190542275
0.6230219978922005 	 0.000642673994706377
0.6240219978922005 	 0.0006555726742524221
0.6250219978922005 	 0.0006683491044220094
0.6260219978922005 	 0.0006809955768783836
0.6270219978922005 	 0.000693504630985709
0.6280219978922005 	 0.0007058690560851174
0.6290219978922005 	 0.0007180818932976383
0.6300219978922005 	 0.0007301364368723165
0.6310219978922005 	 0.0007420262350974656
0.6320219978922005 	 0.0007537450907941545
0.6330219978922005 	 0.0007652870614066677
0.6340219978922005 	 0.0007766464586767747
0.6350219978922005 	 0.0007878178481452507
0.6360219978922005 	 0.00079879604787812
0.6370219978922005 	 0.0008095761274339805
0.6380219978922005 	 0.000820153405972589
0.6390219978922005 	 0.0008305234504581652
0.6400219978922005 	 0.0008406820734054632
0.6410219978922005 	 0.0008506253304031478
0.6420219978922005 	 0.0008603495173893124
0.6430219978922005 	 0.000869851167697524
0.6440219978922005 	 0.0008791270488880923
0.6450219978922005 	 0.0008881741593798634
0.6460219978922005 	 0.0008969897248971534
0.6470219978922005 	 0.0009055711947462108
0.6480219978922005 	 0.0009139162379348594
0.6490219978922005 	 0.0009220227391496106
0.6500219978922005 	 0.0009298887946006746
0.6510219978922005 	 0.0009375127077228844
0.6520219978922005 	 0.000944892984922789
0.6530219978922005 	 0.0009520283309202415
0.6540219978922005 	 0.0009589176443259071
0.6550219978922005 	 0.0009655600129844789
0.6560219978922005 	 0.0009719547092930412
0.6570219978922005 	 0.0009781011854672415
0.6580219978922005 	 0.0009839990687670415
0.6590219978922005 	 0.0009896481566907024
0.6600219978922005 	 0.0009950484121459522
0.6610219978922005 	 0.0010001999586066377
0.6620219978922005 	 0.0010051030752628528
0.6630219978922005 	 0.0010097581921721316
0.6640219978922005 	 0.001014165885418618
0.6650219978922005 	 0.0010183268722849215
0.6660219978922005 	 0.0010222420064582563
0.6670219978922005 	 0.0010259122732370622
0.6680219978922005 	 0.001029338784797333
0.6690219978922005 	 0.001032522775470864
0.6700219978922005 	 0.001035465597138106
0.6710219978922005 	 0.0010381687145270813
0.6720219978922005 	 0.0010406337007088744
0.6730219978922005 	 0.001042862232574451
0.6740219978922005 	 0.001044856086387512
0.6750219978922005 	 0.0010466171333985827
0.6760219978922005 	 0.001048147335514857
0.6770219978922005 	 0.0010494487410968312
0.6780219978922005 	 0.0010505234807054163
0.6790219978922005 	 0.001051373763045316
0.6800219978922005 	 0.0010520018709202737
0.6810219978922005 	 0.0010524101572790398
0.6820219978922005 	 0.0010526010413390433
0.6830219978922005 	 0.0010525770047898446
0.6840219978922005 	 0.0010523405880771262
0.6850219978922005 	 0.0010518943867683284
0.6860219978922005 	 0.0010512410479997976
0.6870219978922005 	 0.0010503832669989627
0.6880219978922005 	 0.0010493237837322252
0.6890219978922005 	 0.001048065379546959
0.6900219978922005 	 0.001046610873986527
0.6910219978922005 	 0.0010449631216300098
0.6920219978922005 	 0.0010431250090869202
0.6930219978922005 	 0.0010410994519438094
0.6940219978922005 	 0.00103888939192402
0.6950219978922005 	 0.0010364977940596953
0.6960219978922005 	 0.0010339276439578695
0.6970219978922005 	 0.0010311819451440812
0.6980219978922005 	 0.0010282637164831265
0.6990219978922005 	 0.001025175989675473
0.7000219978922005 	 0.0010219218068279329
0.7010219978922005 	 0.0010185042180970137
0.7020219978922005 	 0.0010149262794033566
0.7030219978922005 	 0.0010111910502154102
0.7040219978922005 	 0.0010073015914005138
0.7050219978922005 	 0.0010032609631413195
0.7060219978922005 	 0.000999072222915466
0.7070219978922005 	 0.0009947384235362007
0.7080219978922005 	 0.0009902626112516055
0.7090219978922006 	 0.000985647823899829
0.7100219978922006 	 0.0009808970891177096
0.7110219978922006 	 0.000976013422599893
0.7120219978922006 	 0.0009709998264054304
0.7130219978922006 	 0.0009658592873086867
0.7140219978922006 	 0.0009605947751911095
0.7150219978922006 	 0.0009552092414702177
0.7160219978922006 	 0.0009497056175615115
0.7170219978922006 	 0.0009440868133697485
0.7180219978922006 	 0.0009383557158096529
0.7190219978922006 	 0.0009325151873326899
0.7200219978922006 	 0.0009265680644841825
0.7210219978922006 	 0.0009205171564604509
0.7220219978922006 	 0.000914365243670386
0.7230219978922006 	 0.0009081150762925948
0.7240219978922006 	 0.0009017693728206246
0.7250219978922006 	 0.0008953308185879799
0.7260219978922006 	 0.0008888020642636609
0.7270219978922006 	 0.0008821857243080304
0.7280219978922006 	 0.0008754843753775498
0.7290219978922006 	 0.0008687005546655729
0.7300219978922006 	 0.0008618367581648869
0.7310219978922006 	 0.0008548954388356201
0.7320219978922006 	 0.000847879004659501
0.7330219978922006 	 0.0008407898165650702
0.7340219978922006 	 0.0008336301861857605
0.7350219978922006 	 0.0008264023734434341
0.7360219978922006 	 0.0008191085839108947
0.7370219978922006 	 0.0008117509659254605
0.7380219978922006 	 0.0008043316074079214
0.7390219978922006 	 0.0007968525323435385
0.7400219978922006 	 0.0007893156968669135
0.7410219978922006 	 0.0007817229848877909
0.7420219978922006 	 0.0007740762031828104
0.7430219978922006 	 0.0007663770758659285
0.7440219978922006 	 0.0007586272381350356
0.7450219978922006 	 0.0007508282291747151
0.7460219978922006 	 0.0007429814840735387
0.7470219978922006 	 0.000735088324589175
0.7480219978922006 	 0.000727149948564239
0.7490219978922006 	 0.0007191674177596426
0.7500219978922006 	 0.0007111416438297048
0.7510219978922006 	 0.0007030733721118635
0.7520219978922006 	 0.0006949631628444748
0.7530219978922006 	 0.0006868113693553344
0.7540219978922006 	 0.0006786181126831709
0.7550219978922006 	 0.000670383252001937
0.7560219978922006 	 0.0006621063501187572
0.7570219978922006 	 0.0006537866332102245
0.7580219978922006 	 0.0006454229438712389
0.7590219978922006 	 0.0006370136864833961
0.7600219978922006 	 0.0006285567639247238
0.7610219978922006 	 0.0006200495048085804
0.7620219978922006 	 0.0006114885809049178
0.7630219978922006 	 0.0006028699154192902
0.7640219978922006 	 0.0005941885848494572
0.7650219978922006 	 0.0005854387210482554
0.7660219978922006 	 0.0005766134274238454
0.7670219978922006 	 0.0005677047367263405
0.7680219978922006 	 0.0005587036628212956
0.7690219978922006 	 0.0005496004450737577
0.7700219978922006 	 0.0005403851701249528
0.7710219978922006 	 0.0005310491177981327
0.7720219978922006 	 0.0005215874847298933
0.7730219978922006 	 0.0005120047241781359
0.7740219978922006 	 0.0005023248523893808
0.7750219978922006 	 0.0004926111493834144
0.7760219978922006 	 0.0004830033417108406
0.7770219978922006 	 0.0004737858415141391
0.7780219978922006 	 0.00046550457691565473
0.7790219978922006 	 0.0004591336964661009
0.7800219978922006 	 0.0004561927807477602
0.7810219978922006 	 0.0004584231494457992
0.7820219978922006 	 0.00046636368995421406
0.7830219978922006 	 0.00047735887530087593
0.7840219978922006 	 0.0004861838413080424
0.7850219978922006 	 0.0004891142988980508
0.7860219978922006 	 0.0004861011088442752
0.7870219978922006 	 0.0004790730230715766
0.7880219978922006 	 0.0004699315855539797
0.7890219978922006 	 0.0004599098163977859
0.7900219978922006 	 0.00044967054684936874
0.7910219978922006 	 0.000439530983070524
0.7920219978922006 	 0.0004296254965099987
0.7930219978922006 	 0.00041999846191047643
0.7940219978922006 	 0.0004106524681024858
0.7950219978922006 	 0.0004015722678066691
0.7960219978922006 	 0.0003927363225269186
0.7970219978922006 	 0.0003841221706316093
0.7980219978922006 	 0.00037570876375294055
0.7990219978922006 	 0.00036747733796098055
0.8000219978922006 	 0.00035941159584301465
0.8010219978922006 	 0.00035149758236893973
0.8020219978922006 	 0.0003437234414964775
0.8030219978922006 	 0.00033607914267974126
0.8040219978922006 	 0.0003285562176919109
0.8050219978922006 	 0.0003211475240752229
0.8060219978922006 	 0.00031384703987634557
0.8070219978922006 	 0.0003066496889471171
0.8080219978922006 	 0.0002995511938534674
0.8090219978922006 	 0.00029254795273687056
0.8100219978922006 	 0.00028563693649640736
0.8110219978922006 	 0.0002788156029913009
0.8120219978922006 	 0.00027208182539849724
0.8130219978922006 	 0.00026543383230002385
0.8140219978922006 	 0.00025887015747759576
0.8150219978922006 	 0.00025238959774237426
0.8160219978922006 	 0.00024599117742409265
0.8170219978922006 	 0.00023967411839008622
0.8180219978922006 	 0.00023343781466758973
0.8190219978922006 	 0.00022728181090858707
0.8200219978922006 	 0.00022120578407191358
0.8210219978922007 	 0.00021520952780762728
0.8220219978922007 	 0.00020929293911855563
0.8230219978922007 	 0.00020345600694725313
0.8240219978922007 	 0.00019769880239651648
0.8250219978922007 	 0.00019202147034064383
0.8260219978922007 	 0.00018642422222484934
0.8270219978922007 	 0.00018090732988335586
0.8280219978922007 	 0.00017547112023402772
0.8290219978922007 	 0.00017011597072994953
0.8300219978922007 	 0.00016484230546716386
0.8310219978922007 	 0.00015965059186336323
0.8320219978922007 	 0.00015454133783536424
0.8330219978922007 	 0.0001495150894141245
0.8340219978922007 	 0.00014457242874522138
0.8350219978922007 	 0.00013971397243044882
0.8360219978922007 	 0.00013494037017273438
0.8370219978922007 	 0.00013025230369211478
0.8380219978922007 	 0.00012565048588524102
0.8390219978922007 	 0.00012113566020491904
0.8400219978922007 	 0.00011670860023965498
0.8410219978922007 	 0.00011237010947615138
0.8420219978922007 	 0.00010812102123027436
0.8430219978922007 	 0.00010396219873426063
0.8440219978922007 	 9.98945353698665e-05
0.8450219978922007 	 9.591895503888413e-05
0.8460219978922007 	 9.203641266395208e-05
0.8470219978922007 	 8.824789481392114e-05
0.8480219978922007 	 8.455442044922516e-05
0.8490219978922007 	 8.095704178380254e-05
0.8500219978922007 	 7.745684526101294e-05
0.8510219978922007 	 7.405495264198383e-05
0.8520219978922007 	 7.075252220552878e-05
0.8530219978922007 	 6.755075005959636e-05
0.8540219978922007 	 6.44508715648942e-05
0.8550219978922007 	 6.145416287199634e-05
0.8560219978922007 	 5.8561942573890654e-05
0.8570219978922007 	 5.577557347652454e-05
0.8580219978922007 	 5.3096464490515455e-05
0.8590219978922007 	 5.0526072647769884e-05
0.8600219978922007 	 4.806590524734618e-05
0.8610219978922007 	 4.5717522135468924e-05
0.8620219978922007 	 4.348253812519131e-05
0.8630219978922007 	 4.136262556179992e-05
0.8640219978922007 	 3.9359517040653375e-05
0.8650219978922007 	 3.747500828477625e-05
0.8660219978922007 	 3.5710961190171024e-05
0.8670219978922007 	 3.40693070474743e-05
0.8680219978922007 	 3.2552049949282994e-05
0.8690219978922007 	 3.116127039319958e-05
0.8700219978922007 	 2.989912909140905e-05
0.8710219978922007 	 2.8767870998402693e-05
0.8720219978922007 	 2.776982956931987e-05
0.8730219978922007 	 2.6907431262237945e-05
0.8740219978922007 	 2.618320029875982e-05
0.8750219978922007 	 2.5599763698182754e-05
0.8760219978922007 	 2.515985660165576e-05
0.8770219978922007 	 2.4866327903857677e-05
0.8780219978922007 	 2.4722146210956114e-05
0.8790219978922007 	 2.4730406144914912e-05
0.8800219978922007 	 2.489433501561769e-05
0.8810219978922007 	 2.521729988377865e-05
0.8820219978922007 	 2.5702815039224546e-05
0.8830219978922007 	 2.6354549920868044e-05
0.8840219978922007 	 2.717633750656082e-05
0.8850219978922007 	 2.8172183203028747e-05
0.8860219978922007 	 2.9346274268268276e-05
0.8870219978922007 	 3.070298980112954e-05
0.8880219978922007 	 3.224691133535786e-05
0.8890219978922007 	 3.398283407811492e-05
0.8900219978922007 	 3.591577883598957e-05
0.8910219978922007 	 3.8051004674745656e-05
0.8920219978922007 	 4.039402236257569e-05
0.8930219978922007 	 4.295060865045669e-05
0.8940219978922007 	 4.5726821447370976e-05
0.8950219978922007 	 4.872901595270293e-05
0.8960219978922007 	 5.1963861813011536e-05
0.8970219978922007 	 5.543836137596699e-05
0.8980219978922007 	 5.9159869119827485e-05
0.8990219978922007 	 6.313611234359673e-05
0.9000219978922007 	 6.73752132098736e-05
0.9010219978922007 	 7.188571224018597e-05
0.9020219978922007 	 7.66765933710588e-05
0.9030219978922007 	 8.17573106882362e-05
0.9040219978922007 	 8.713781696762973e-05
0.9050219978922007 	 9.282859415965825e-05
0.9060219978922007 	 9.884068597125482e-05
0.9070219978922007 	 0.00010518573270785532
0.9080219978922007 	 0.00011187600855605263
0.9090219978922007 	 0.00011892446150257596
0.9100219978922007 	 0.00012634475610378814
0.9110219978922007 	 0.0001341513193395735
0.9120219978922007 	 0.00014235938980776278
0.9130219978922007 	 0.00015098507053920072
0.9140219978922007 	 0.00016004538574090137
0.9150219978922007 	 0.00016955834180420602
0.9160219978922007 	 0.00017954299294801996
0.9170219978922007 	 0.00019001951190371097
0.9180219978922007 	 0.00020100926608916772
0.9190219978922007 	 0.00021253489976437605
0.9200219978922007 	 0.00022462042271148664
0.9210219978922007 	 0.0002372913060381854
0.9220219978922007 	 0.00025057458576576683
0.9230219978922007 	 0.0002644989749331066
0.9240219978922007 	 0.0002790949850255301
0.9250219978922007 	 0.00029439505762525204
0.9260219978922007 	 0.00031043370727750716
0.9270219978922007 	 0.00032724767667646016
0.9280219978922007 	 0.00034487610539826773
0.9290219978922007 	 0.0003633607135477112
0.9300219978922007 	 0.0003827460018399849
0.9310219978922007 	 0.00040307946981824397
0.9320219978922007 	 0.00042441185410252685
0.9330219978922007 	 0.0004467973887960504
0.9340219978922008 	 0.00047029409042646206
0.9350219978922008 	 0.0004949640700917676
0.9360219978922008 	 0.0005208738758095494
0.9370219978922008 	 0.0005480948684441634
0.9380219978922008 	 0.0005767036350135589
0.9390219978922008 	 0.0006067824436685745
0.9400219978922008 	 0.0006384197451957975
0.9410219978922008 	 0.0006717107265383474
0.9420219978922008 	 0.000706757922566302
0.9430219978922008 	 0.0007436718931777825
0.9440219978922008 	 0.000782571973791644
0.9450219978922008 	 0.0008235871084229778
0.9460219978922008 	 0.0008668567758450455
0.9470219978922008 	 0.0009125320208657647
0.9480219978922008 	 0.0009607766045301063
0.9490219978922008 	 0.0010117682888252666
0.9500219978922008 	 0.0010657002754161189
0.9510219978922008 	 0.0011227828163814216
0.9520219978922008 	 0.0011832450261674405
0.9530219978922008 	 0.0012473369182539867
0.9540219978922008 	 0.0013153317025466876
0.9550219978922008 	 0.0013875283806676357
0.9560219978922008 	 0.0014642546840673925
0.9570219978922008 	 0.001545870407935303
0.9580219978922008 	 0.001632771202048115
0.9590219978922008 	 0.001725392891803193
0.9600219978922008 	 0.0018242164150954465
0.9610219978922008 	 0.001929773477617298
0.9620219978922008 	 0.0020426530469413538
0.9630219978922008 	 0.0021635088311604306
0.9640219978922008 	 0.0022930679148960363
0.9650219978922008 	 0.002432140761324536
0.9660219978922008 	 0.0025816328316618643
0.9670219978922008 	 0.0027425581267090087
0.9680219978922008 	 0.002916055020897903
0.9690219978922008 	 0.003103404841263598
0.9700219978922008 	 0.003306053746385821
0.9710219978922008 	 0.0035256385893526095
0.9720219978922008 	 0.003764017611942628
0.9730219978922008 	 0.004023307024559014
0.9740219978922008 	 0.004305924791585801
0.9750219978922008 	 0.004614643282882513
0.9760219978922008 	 0.0049526528934476545
0.9770219978922008 	 0.005323639306827502
0.9780219978922008 	 0.0057318778486081245
0.9790219978922008 	 0.00618234930437532
0.9800219978922008 	 0.00668088308509661
0.9810219978922008 	 0.007234335109450776
0.9820219978922008 	 0.007850810522144442
0.9830219978922008 	 0.008539944428947694
0.9840219978922008 	 0.009313258511279756
0.9850219978922008 	 0.010184617716006237
0.9860219978922008 	 0.011170820199168024
0.9870219978922008 	 0.012292366508244687
0.9880219978922008 	 0.013533764538049838
0.9890219978922008 	 0.014857822143053106
0.9900219978922008 	 0.0162942996018735
0.9910219978922008 	 0.017854216291266035
0.9920219978922008 	 0.019543349724617142
0.9930219978922008 	 0.021362600975309724
0.9940219978922008 	 0.02330672150032468
0.9950219978922008 	 0.02536242545825646
0.9960219978922008 	 0.02730804749850611
0.9970219978922008 	 0.02895409825101299
0.9980219978922008 	 0.03030626303104309
0.9990219978922008 	 0.03132092223321993
1.0000219978922007 	 0.031963348980441515
1.0010219978922006 	 0.03221862561373551
1.0020219978922005 	 0.03209508090462595
1.0030219978922004 	 0.031622818086901046
1.0040219978922003 	 0.030848717158876954
1.0050219978922001 	 0.029829610410569814
1.0060219978922 	 0.02862534418839196
1.0070219978922 	 0.02729300332057532
1.0080219978921998 	 0.025882924169034174
1.0090219978921997 	 0.02443653354729646
1.0100219978921996 	 0.022985677880495405
1.0110219978921995 	 0.021552971856004275
1.0120219978921994 	 0.02015274536718172
1.0130219978921993 	 0.018792390819731317
1.0140219978921992 	 0.017474417895997678
1.015021997892199 	 0.016201104106333707
1.016021997892199 	 0.014988838941030883
1.0170219978921988 	 0.013917815377972107
1.0180219978921987 	 0.013280588021695747
1.0190219978921986 	 0.013686693171623033
1.0200219978921985 	 0.014786605346836105
1.0210219978921984 	 0.014910271452287314
1.0220219978921983 	 0.014168045941541644
1.0230219978921982 	 0.013247548569794465
1.024021997892198 	 0.012384366773542535
1.025021997892198 	 0.01161698003621051
1.0260219978921978 	 0.010937399585625384
1.0270219978921977 	 0.010331357453617478
1.0280219978921976 	 0.009786249259758614
1.0290219978921975 	 0.0092921621417423
1.0300219978921974 	 0.00884141493642858
1.0310219978921973 	 0.008427999813880746
1.0320219978921972 	 0.008047132061844329
1.033021997892197 	 0.007694928718357848
1.034021997892197 	 0.007368182591811334
1.0350219978921968 	 0.007064203353130499
1.0360219978921967 	 0.006780704049760964
1.0370219978921966 	 0.006515718597826381
1.0380219978921965 	 0.006267540583075953
1.0390219978921964 	 0.006034676968409161
1.0400219978921963 	 0.005815812411907705
1.0410219978921962 	 0.005609781279123543
1.042021997892196 	 0.005415545337360863
1.043021997892196 	 0.005232175720745132
1.0440219978921959 	 0.005058838159520299
1.0450219978921957 	 0.0048947807436334175
1.0460219978921956 	 0.004739323682388975
1.0470219978921955 	 0.004591850658590152
1.0480219978921954 	 0.004451801468735521
1.0490219978921953 	 0.0043186657163466905
1.0500219978921952 	 0.004191977372757926
1.051021997892195 	 0.0040713100602861405
1.052021997892195 	 0.003956272941328566
1.0530219978921949 	 0.003846507120915534
1.0540219978921948 	 0.003741682483623251
1.0550219978921946 	 0.0036414949047249455
1.0560219978921945 	 0.003545663781652272
1.0570219978921944 	 0.0034539298428883066
1.0580219978921943 	 0.0033660531975817005
1.0590219978921942 	 0.003281811594963587
1.060021997892194 	 0.0032009988672611115
1.061021997892194 	 0.003123423533643485
1.0620219978921939 	 0.0030489072193287245
1.0630219978921938 	 0.002977280298212706
1.0640219978921936 	 0.0029083887642073585
1.0650219978921935 	 0.0028420890294501714
1.0660219978921934 	 0.002778246776971897
1.0670219978921933 	 0.0027167363909143603
1.0680219978921932 	 0.002657440313341353
1.069021997892193 	 0.0026002484350396236
1.070021997892193 	 0.002545057537654073
1.0710219978921929 	 0.0024917707769615215
1.0720219978921928 	 0.0024402972154261037
1.0730219978921927 	 0.0023905513901015733
1.0740219978921925 	 0.002342452918645219
1.0750219978921924 	 0.002295926137747418
1.0760219978921923 	 0.00225089977113502
1.0770219978921922 	 0.0022073066255192484
1.078021997892192 	 0.0021650833091993596
1.079021997892192 	 0.0021241699748570267
1.0800219978921919 	 0.002084510081518485
1.0810219978921918 	 0.002046050176098375
1.0820219978921917 	 0.0020087396899720906
1.0830219978921916 	 0.0019725307526081435
1.0840219978921914 	 0.0019373780192170314
1.0850219978921913 	 0.0019032385092948197
1.0860219978921912 	 0.0018700714603917565
1.0870219978921911 	 0.001837838188983306
1.088021997892191 	 0.0018065019631763064
1.089021997892191 	 0.0017760278849380934
1.0900219978921908 	 0.0017463827799935035
1.0910219978921907 	 0.0017175350947005123
1.0920219978921906 	 0.0016894548009047886
1.0930219978921905 	 0.0016621133069930373
1.0940219978921903 	 0.0016354833768872901
1.0950219978921902 	 0.0016095390496515833
1.0960219978921901 	 0.0015842555696881627
1.09702199789219 	 0.0015596093191247774
1.09802199789219 	 0.0015355777537523025
1.0990219978921898 	 0.001512139345331109
1.1000219978921897 	 0.0014892735230854818
1.1010219978921896 	 0.0014669606390029701
1.1020219978921895 	 0.0014451825291376744
1.1030219978921894 	 0.001423920934049141
1.1040219978921892 	 0.001403158227406982
1.1050219978921891 	 0.001382877657366767
1.106021997892189 	 0.0013630632934772317
1.107021997892189 	 0.0013436999792434405
1.1080219978921888 	 0.001324773285560659
1.1090219978921887 	 0.0013062694687562336
1.1100219978921886 	 0.0012881754312784731
1.1110219978921885 	 0.0012704786835868826
1.1120219978921884 	 0.0012531671760458983
1.1130219978921883 	 0.001236228907168963
1.1140219978921881 	 0.001219652298383814
1.115021997892188 	 0.0012034262837232151
1.116021997892188 	 0.001187540283981489
1.1170219978921878 	 0.0011719841783864005
1.1180219978921877 	 0.0011567482819839503
1.1190219978921876 	 0.0011418233223880545
1.1200219978921875 	 0.0011272004172990617
1.1210219978921874 	 0.0011128710558832354
1.1220219978921873 	 0.0010988270117221535
1.1230219978921872 	 0.0010850601532681012
1.124021997892187 	 0.001071562620534601
1.125021997892187 	 0.0010583268701654706
1.1260219978921868 	 0.0010453456575890813
1.1270219978921867 	 0.001032612023973461
1.1280219978921866 	 0.001020119281190529
1.1290219978921865 	 0.0010078610003117926
1.1300219978921864 	 0.0009958309970129363
1.1310219978921863 	 0.0009840233226026032
1.1320219978921862 	 0.0009724322128489434
1.133021997892186 	 0.0009610519806440506
1.134021997892186 	 0.0009498771159997159
1.1350219978921858 	 0.0009388925010911539
1.1360219978921857 	 0.000928113177204664
1.1370219978921856 	 0.0009175238429948619
1.1380219978921855 	 0.0009071197441631822
1.1390219978921854 	 0.000896896294131673
1.1400219978921853 	 0.0008868490678566929
1.1410219978921852 	 0.0008769737927725279
1.142021997892185 	 0.0008672663234669723
1.143021997892185 	 0.0008577225773702392
1.1440219978921848 	 0.0008483385930358912
1.1450219978921847 	 0.0008391105420339999
1.1460219978921846 	 0.000830034724688117
1.1470219978921845 	 0.0008211075628654047
1.1480219978921844 	 0.0008123255969055784
1.1490219978921843 	 0.0008036854799146268
1.1500219978921842 	 0.0007951839722983273
1.151021997892184 	 0.0007868179393346228
1.152021997892184 	 0.0007785843328793287
1.1530219978921838 	 0.0007704801558602276
1.1540219978921837 	 0.000762502494350576
1.1550219978921836 	 0.0007546485258824636
1.1560219978921835 	 0.0007469155150896938
1.1570219978921834 	 0.0007393008103283656
1.1580219978921833 	 0.0007318018414615278
1.1590219978921832 	 0.0007244161150718479
1.160021997892183 	 0.0007171412134730831
1.161021997892183 	 0.0007099747902232666
1.1620219978921829 	 0.000702914561304848
1.1630219978921827 	 0.0006959582836071431
1.1640219978921826 	 0.000689103772850587
1.1650219978921825 	 0.0006823489088898702
1.1660219978921824 	 0.0006756916317320215
1.1670219978921823 	 0.0006691299409997216
1.1680219978921822 	 0.0006626618930713028
1.169021997892182 	 0.0006562855983283882
1.170021997892182 	 0.0006499992208401686
1.1710219978921819 	 0.0006438009749708233
1.1720219978921818 	 0.0006376891207279391
1.1730219978921816 	 0.000631661950816364
1.1740219978921815 	 0.0006257178014815939
1.1750219978921814 	 0.0006198550540961571
1.1760219978921813 	 0.000614072132867701
1.1770219978921812 	 0.0006083675048789357
1.178021997892181 	 0.0006027396772447664
1.179021997892181 	 0.0005971871965756335
1.1800219978921809 	 0.0005917086476625689
1.1810219978921808 	 0.0005863026514966016
1.1820219978921807 	 0.0005809678632557019
1.1830219978921805 	 0.0005757029655306732
1.1840219978921804 	 0.000570506651723192
1.1850219978921803 	 0.0005653776912024459
1.1860219978921802 	 0.0005603148315168066
1.18702199789218 	 0.0005553168997509583
1.18802199789218 	 0.0005503827491096914
1.1890219978921799 	 0.0005455112462587738
1.1900219978921798 	 0.0005407012859053872
1.1910219978921797 	 0.0005359517892597636
1.1920219978921796 	 0.0005312617035124348
1.1930219978921794 	 0.0005266299998194992
1.1940219978921793 	 0.000522055672945455
1.1950219978921792 	 0.0005175377419928348
1.1960219978921791 	 0.000513075249037717
1.197021997892179 	 0.0005086672581827311
1.198021997892179 	 0.000504312855522878
1.1990219978921788 	 0.0005000111478726778
1.2000219978921787 	 0.0004957612628202488
1.2010219978921786 	 0.0004915623475782595
1.2020219978921785 	 0.0004874135691554869
1.2030219978921783 	 0.0004833141162963714
1.2040219978921782 	 0.00047926319644254133
1.2050219978921781 	 0.00047526003395728807
1.206021997892178 	 0.00047130387079521866
1.207021997892178 	 0.0004673939648574864
1.2080219978921778 	 0.0004635295904445389
1.2090219978921777 	 0.00045971003723589135
1.2100219978921776 	 0.00045593460985447266
1.2110219978921775 	 0.00045220262789559296
1.2120219978921773 	 0.0004485134269451068
1.2130219978921772 	 0.00044486636206076384
1.2140219978921771 	 0.0004412608034386301
1.215021997892177 	 0.0004376961340310313
1.216021997892177 	 0.00043417174898477195
1.2170219978921768 	 0.0004306870558452941
1.2180219978921767 	 0.00042724147369815717
1.2190219978921766 	 0.00042383443337960113
1.2200219978921765 	 0.0004204653769606725
1.2210219978921764 	 0.00041713375694157076
1.2220219978921762 	 0.0004138390392965375
1.2230219978921761 	 0.000410580709184685
1.224021997892176 	 0.0004073582632520654
1.225021997892176 	 0.00040417120762574704
1.2260219978921758 	 0.0004010190576645042
1.2270219978921757 	 0.00039790133723262777
1.2280219978921756 	 0.0003948175791225611
1.2290219978921755 	 0.00039176732454800425
1.2300219978921754 	 0.000388750122649926
1.2310219978921753 	 0.0003857655309561329
1.2320219978921751 	 0.00038281311752184053
1.233021997892175 	 0.00037989246970129517
1.234021997892175 	 0.0003770031843467773
1.2350219978921748 	 0.00037414486497167347
1.2360219978921747 	 0.0003713171215889211
1.2370219978921746 	 0.0003685195705466408
1.2380219978921745 	 0.0003657518343948715
1.2390219978921744 	 0.0003630135417471084
1.2400219978921743 	 0.0003603043271421094
1.2410219978921742 	 0.0003576238309047677
1.242021997892174 	 0.00035497170268519024
1.243021997892174 	 0.0003523476112051798
1.2440219978921738 	 0.0003497512331639692
1.2450219978921737 	 0.00034718224985374444
1.2460219978921736 	 0.0003446403470580019
1.2470219978921735 	 0.0003421252149432036
1.2480219978921734 	 0.00033963654798646094
1.2490219978921733 	 0.00033717404489375726
1.2500219978921732 	 0.00033473740851566904
1.251021997892173 	 0.0003323263457590834
1.252021997892173 	 0.00032994057162023886
1.2530219978921728 	 0.00032757982013338605
1.2540219978921727 	 0.0003252438322176327
1.2550219978921726 	 0.0003229323516215943
1.2560219978921725 	 0.00032064512508191536
1.2570219978921724 	 0.0003183819022030598
1.2580219978921723 	 0.00031614243543402564
1.2590219978921722 	 0.0003139264800311082
1.260021997892172 	 0.00031173379401553715
1.261021997892172 	 0.000309564138124135
1.2620219978921718 	 0.00030741728012046755
1.2630219978921717 	 0.00030529300650007635
1.2640219978921716 	 0.0003031911094497742
1.2650219978921715 	 0.00030111138293669755
1.2660219978921714 	 0.00029905362268679934
1.2670219978921713 	 0.00029701762614807133
1.2680219978921712 	 0.0002950031925082357
1.269021997892171 	 0.00029301012269304156
1.270021997892171 	 0.0002910382193565883
1.2710219978921709 	 0.0002890872868613429
1.2720219978921707 	 0.00028715713554369304
1.2730219978921706 	 0.00028524759327819114
1.2740219978921705 	 0.0002833584926922928
1.2750219978921704 	 0.0002814896673482162
1.2760219978921703 	 0.0002796409517461345
1.2770219978921702 	 0.00027781218130656726
1.27802199789217 	 0.00027600319242257953
1.27902199789217 	 0.00027421382248596983
1.2800219978921699 	 0.00027244390990226804
1.2810219978921698 	 0.00027069329409141774
1.2820219978921696 	 0.00026896181935837955
1.2830219978921695 	 0.00026724934464841734
1.2840219978921694 	 0.0002655557330320427
1.2850219978921693 	 0.0002638808479232088
1.2860219978921692 	 0.0002622245532095225
1.287021997892169 	 0.0002605867132420244
1.288021997892169 	 0.0002589671929166824
1.2890219978921689 	 0.00025736585772118543
1.2900219978921688 	 0.00025578257292638046
1.2910219978921686 	 0.00025421720193967933
1.2920219978921685 	 0.0002526696144678926
1.2930219978921684 	 0.0002511396910538953
1.2940219978921683 	 0.0002496273149075644
1.2950219978921682 	 0.0002481323696001399
1.296021997892168 	 0.00024665473907557197
1.297021997892168 	 0.00024519430763694447
1.2980219978921679 	 0.0002437509600544383
1.2990219978921678 	 0.00024232458082512279
1.3000219978921677 	 0.00024091504915772308
1.3010219978921675 	 0.0002395222500536227
1.3020219978921674 	 0.0002381460713530634
1.3030219978921673 	 0.00023678640445611964
1.3040219978921672 	 0.00023544314205481287
1.305021997892167 	 0.0002341161774740227
1.306021997892167 	 0.00023280540468762566
1.3070219978921669 	 0.00023151071826219236
1.3080219978921668 	 0.00023023201349790364
1.3090219978921667 	 0.00022896918648610895
1.3100219978921666 	 0.0002277221341437976
1.3110219978921664 	 0.0002264907542187119
1.3120219978921663 	 0.00022527494336469162
1.3130219978921662 	 0.00022407459227134703
1.3140219978921661 	 0.00022288959120850878
1.315021997892166 	 0.00022171983170351768
1.316021997892166 	 0.00022056520651485303
1.3170219978921658 	 0.0002194256095422615
1.3180219978921657 	 0.00021830093597519228
1.3190219978921656 	 0.00021719108235552465
1.3200219978921655 	 0.00021609594660149784
1.3210219978921653 	 0.00021501542797027544
1.3220219978921652 	 0.00021394942179653065
1.3230219978921651 	 0.00021289780576287922
1.324021997892165 	 0.00021186045509029606
1.325021997892165 	 0.00021083724710666137
1.3260219978921648 	 0.00020982806116922052
1.3270219978921647 	 0.0002088327784891964
1.3280219978921646 	 0.0002078512822506647
1.3290219978921645 	 0.0002068834579464341
1.3300219978921644 	 0.00020592919294852642
1.3310219978921642 	 0.00020498777342942948
1.3320219978921641 	 0.00020405779129577129
1.333021997892164 	 0.00020313988697684976
1.334021997892164 	 0.00020223413613322874
1.3350219978921638 	 0.00020134049623123858
1.3360219978921637 	 0.00020045888298957763
1.3370219978921636 	 0.00019958919291048833
1.3380219978921635 	 0.00019873131212849002
1.3390219978921634 	 0.0001978851211729911
1.3400219978921633 	 0.00019705049753739336
1.3410219978921631 	 0.00019622731712891838
1.342021997892163 	 0.00019541544317454282
1.343021997892163 	 0.00019461469539362383
1.3440219978921628 	 0.0001938248849350528
1.3450219978921627 	 0.00019304582509664471
1.3460219978921626 	 0.0001922773313871376
1.3470219978921625 	 0.0001915192212550026
1.3480219978921624 	 0.00019077131469825718
1.3490219978921623 	 0.00019003343450610445
1.3500219978921622 	 0.0001893054063577408
1.351021997892162 	 0.00018858705870075545
1.352021997892162 	 0.00018787820879923912
1.3530219978921618 	 0.00018717862668967056
1.3540219978921617 	 0.00018648807478333253
1.3550219978921616 	 0.000185806319837424
1.3560219978921615 	 0.0001851331327204018
1.3570219978921614 	 0.00018446828779184805
1.3580219978921613 	 0.00018381156369998654
1.3590219978921612 	 0.00018316274371430556
1.360021997892161 	 0.00018252161580106189
1.361021997892161 	 0.00018188797243821195
1.3620219978921608 	 0.0001812615967144444
1.3630219978921607 	 0.00018064222771588636
1.3640219978921606 	 0.0001800295991506778
1.3650219978921605 	 0.00017942345111236996
1.3660219978921604 	 0.00017882352984114396
1.3670219978921603 	 0.00017822958687592307
1.3680219978921602 	 0.00017764138041312367
1.36902199789216 	 0.0001770586759296045
1.37002199789216 	 0.00017648124643324846
1.3710219978921598 	 0.0001759088723339683
1.3720219978921597 	 0.00017534133017270195
1.3730219978921596 	 0.0001747783660704475
1.3740219978921595 	 0.00017421972654120896
1.3750219978921594 	 0.0001736651679744371
1.3760219978921593 	 0.0001731144565631141
1.3770219978921592 	 0.00017256736752564142
1.378021997892159 	 0.0001720236866997309
1.379021997892159 	 0.00017148321125523132
1.3800219978921588 	 0.0001709457500529205
1.3810219978921587 	 0.00017041112367757697
1.3820219978921586 	 0.00016987915836437655
1.3830219978921585 	 0.0001693496715837321
1.3840219978921584 	 0.00016882248905316489
1.3850219978921583 	 0.00016829744904573398
1.3860219978921582 	 0.00016777440355095593
1.387021997892158 	 0.0001672532174583908
1.388021997892158 	 0.00016673376847491152
1.3890219978921579 	 0.00016621594673227344
1.3900219978921577 	 0.0001656996542639039
1.3910219978921576 	 0.00016518480457489902
1.3920219978921575 	 0.00016467132224714834
1.3930219978921574 	 0.00016415914052288436
1.3940219978921573 	 0.00016364820038217682
1.3950219978921572 	 0.0001631384492250831
1.396021997892157 	 0.00016262983945325148
1.397021997892157 	 0.0001621223274037372
1.3980219978921569 	 0.00016161587025136329
1.3990219978921568 	 0.00016111042336818606
1.4000219978921566 	 0.00016060593782851935
1.4010219978921565 	 0.00016010235798059202
1.4020219978921564 	 0.00015959962391949445
1.4030219978921563 	 0.00015909768043815027
1.4040219978921562 	 0.00015859646082459433
1.405021997892156 	 0.0001580958801805183
1.406021997892156 	 0.00015759583296477196
1.4070219978921559 	 0.00015709619095134123
1.4080219978921558 	 0.00015659680092144294
1.4090219978921557 	 0.00015609748291257525
1.4100219978921555 	 0.00015559802897759147
1.4110219978921554 	 0.00015509820223881396
1.4120219978921553 	 0.00015459774463868337
1.4130219978921552 	 0.0001540963973716932
1.414021997892155 	 0.00015359388002059661
1.415021997892155 	 0.00015308988513643902
1.4160219978921549 	 0.00015258408010582038
1.4170219978921548 	 0.00015207610945453282
1.4180219978921547 	 0.00015156559796629978
1.4190219978921546 	 0.00015105215407550435
1.4200219978921544 	 0.00015053537353317708
1.4210219978921543 	 0.00015001484310705676
1.4220219978921542 	 0.00014949015285823595
1.4230219978921541 	 0.00014896092430991583
1.424021997892154 	 0.00014842678928574167
1.425021997892154 	 0.00014788738617002207
1.4260219978921538 	 0.00014734236342526974
1.4270219978921537 	 0.00014679138260829196
1.4280219978921536 	 0.0001462341219604945
1.4290219978921535 	 0.00014567027929491725
1.4300219978921533 	 0.00014509957436999762
1.4310219978921532 	 0.000144521750644002
1.4320219978921531 	 0.00014393658461446182
1.433021997892153 	 0.00014334390829186155
1.434021997892153 	 0.00014274358784124766
1.4350219978921528 	 0.00014213551577974573
1.4360219978921527 	 0.00014151961095832101
1.4370219978921526 	 0.00014089581764326536
1.4380219978921525 	 0.00014026410552015335
1.4390219978921523 	 0.00013962446900442232
1.4400219978921522 	 0.00013897692621087893
1.4410219978921521 	 0.00013832151755628736
1.442021997892152 	 0.0001376583103346181
1.443021997892152 	 0.00013698741531948123
1.4440219978921518 	 0.00013630896640637598
1.4450219978921517 	 0.00013562311336736267
1.4460219978921516 	 0.00013493002014832825
1.4470219978921515 	 0.00013422986279987812
1.4480219978921514 	 0.00013352282865496337
1.4490219978921512 	 0.00013280911514306753
1.4500219978921511 	 0.00013208892843544914
1.451021997892151 	 0.0001313624819779947
1.452021997892151 	 0.00013062999932359956
1.4530219978921508 	 0.00012989172595017392
1.4540219978921507 	 0.0001291479147442731
1.4550219978921506 	 0.00012839882093802204
1.4560219978921505 	 0.00012764470097222932
1.4570219978921504 	 0.0001268858110868828
1.4580219978921503 	 0.00012612240726613295
1.4590219978921501 	 0.0001253547447718419
1.46002199789215 	 0.00012458307756903686
1.46102199789215 	 0.00012380765760375905
1.4620219978921498 	 0.00012302873689418536
1.4630219978921497 	 0.0001222465756477939
1.4640219978921496 	 0.000121461433041144
1.4650219978921495 	 0.00012067356422765971
1.4660219978921494 	 0.00011988321974217219
1.4670219978921493 	 0.00011909064442242646
1.4680219978921492 	 0.0001182960781786848
1.469021997892149 	 0.0001174997561089353
1.470021997892149 	 0.00011670190837120292
1.4710219978921488 	 0.0001159027600010684
1.4720219978921487 	 0.00011510253253725213
1.4730219978921486 	 0.00011430144930427425
1.4740219978921485 	 0.00011349972967528068
1.4750219978921484 	 0.00011269758733847076
1.4760219978921483 	 0.00011189522999676438
1.4770219978921482 	 0.00011109285858684707
1.478021997892148 	 0.00011029066821403401
1.479021997892148 	 0.00010948884870010234
1.4800219978921478 	 0.00010868758366407237
1.4810219978921477 	 0.00010788705189667103
1.4820219978921476 	 0.00010708742744131844
1.4830219978921475 	 0.00010628888382944519
1.4840219978921474 	 0.00010549159024246871
1.4850219978921473 	 0.00010469571039789405
1.4860219978921472 	 0.00010390140239145783
1.487021997892147 	 0.00010310881814249241
1.488021997892147 	 0.00010231810422606588
1.4890219978921468 	 0.00010152940218517658
1.4900219978921467 	 0.00010074284862538487
1.4910219978921466 	 9.995857522522004e-05
1.4920219978921465 	 9.917670975037425e-05
1.4930219978921464 	 9.839737943299619e-05
1.4940219978921463 	 9.762070767625277e-05
1.4950219978921462 	 9.684681312944853e-05
1.496021997892146 	 9.607580960339746e-05
1.497021997892146 	 9.530780567807757e-05
1.4980219978921459 	 9.454290537802756e-05
1.4990219978921457 	 9.378120844260086e-05
1.5000219978921456 	 9.302281042612652e-05
1.5010219978921455 	 9.226780270493208e-05
1.5020219978921454 	 9.151627354625137e-05
1.5030219978921453 	 9.076831168942325e-05
1.5040219978921452 	 9.002400272424519e-05
1.505021997892145 	 8.928342852991886e-05
1.506021997892145 	 8.854666664771597e-05
1.5070219978921449 	 8.78137905882397e-05
1.5080219978921447 	 8.708487008522352e-05
1.5090219978921446 	 8.635997126521442e-05
1.5100219978921445 	 8.563915675225507e-05
1.5110219978921444 	 8.492248571675112e-05
1.5120219978921443 	 8.42100152797333e-05
1.5130219978921442 	 8.350180446715633e-05
1.514021997892144 	 8.279791001579425e-05
1.515021997892144 	 8.209838519752382e-05
1.5160219978921439 	 8.140327991837282e-05
1.5170219978921438 	 8.07126408124315e-05
1.5180219978921436 	 8.002651134799354e-05
1.5190219978921435 	 7.934493192726162e-05
1.5200219978921434 	 7.866793998262059e-05
1.5210219978921433 	 7.799556973890819e-05
1.5220219978921432 	 7.73278537925502e-05
1.523021997892143 	 7.666482909996347e-05
1.524021997892143 	 7.600653102625893e-05
1.5250219978921429 	 7.535299170840643e-05
1.5260219978921428 	 7.470420745582291e-05
1.5270219978921427 	 7.406018445962568e-05
1.5280219978921425 	 7.342094748657535e-05
1.5290219978921424 	 7.278651863910808e-05
1.5300219978921423 	 7.215691653487397e-05
1.5310219978921422 	 7.15321579522307e-05
1.532021997892142 	 7.091226018155119e-05
1.533021997892142 	 7.029724494511476e-05
1.5340219978921419 	 6.968713281388695e-05
1.5350219978921418 	 6.908194161226793e-05
1.5360219978921417 	 6.848168681339593e-05
1.5370219978921416 	 6.788638216470785e-05
1.5380219978921414 	 6.729603919064116e-05
1.5390219978921413 	 6.671066708630092e-05
1.5400219978921412 	 6.613027284094158e-05
1.5410219978921411 	 6.555486163572855e-05
1.542021997892141 	 6.498443958942652e-05
1.543021997892141 	 6.44190179723706e-05
1.5440219978921408 	 6.385860729575216e-05
1.5450219978921407 	 6.33032157476736e-05
1.5460219978921406 	 6.27528496821231e-05
1.5470219978921405 	 6.220751467660111e-05
1.5480219978921403 	 6.166721460116373e-05
1.5490219978921402 	 6.113195144701126e-05
1.5500219978921401 	 6.060172547075339e-05
1.55102199789214 	 6.007653575726808e-05
1.55202199789214 	 5.955638322193435e-05
1.5530219978921398 	 5.904127410223325e-05
1.5540219978921397 	 5.8531214373309264e-05
1.5550219978921396 	 5.802620828666312e-05
1.5560219978921395 	 5.7526259052911735e-05
1.5570219978921394 	 5.703137026460236e-05
1.5580219978921392 	 5.654154461555187e-05
1.5590219978921391 	 5.60567835907628e-05
1.560021997892139 	 5.557708766160033e-05
1.561021997892139 	 5.510245696307802e-05
1.5620219978921388 	 5.463289431046484e-05
1.5630219978921387 	 5.4168407336036355e-05
1.5640219978921386 	 5.3709003827932055e-05
1.5650219978921385 	 5.325469053824658e-05
1.5660219978921384 	 5.2805473857963034e-05
1.5670219978921383 	 5.2361361326460304e-05
1.5680219978921381 	 5.192184434338151e-05
1.569021997892138 	 5.148652262911024e-05
1.570021997892138 	 5.1055803184271274e-05
1.5710219978921378 	 5.062980111836891e-05
1.5720219978921377 	 5.020857870606257e-05
1.5730219978921376 	 4.979217578555053e-05
1.5740219978921375 	 4.938061549578844e-05
1.5750219978921374 	 4.897390595189142e-05
1.5760219978921373 	 4.857204063630462e-05
1.5770219978921372 	 4.817499811929991e-05
1.578021997892137 	 4.778273661032387e-05
1.579021997892137 	 4.739518872019358e-05
1.5800219978921368 	 4.7012255481278965e-05
1.5810219978921367 	 4.663379993454644e-05
1.5820219978921366 	 4.6259640994529406e-05
1.5830219978921365 	 4.588954336515627e-05
1.5840219978921364 	 4.552320944363475e-05
1.5850219978921363 	 4.516027419582779e-05
1.5860219978921362 	 4.480030543391532e-05
1.587021997892136 	 4.4442812605438314e-05
1.588021997892136 	 4.4087262469987266e-05
1.5890219978921358 	 4.373310914966342e-05
1.5900219978921357 	 4.337983810796655e-05
1.5910219978921356 	 4.3027021676336466e-05
1.5920219978921355 	 4.267437862443456e-05
1.5930219978921354 	 4.232182264526762e-05
1.5940219978921353 	 4.196949753931034e-05
1.5950219978921352 	 4.161778183435483e-05
1.596021997892135 	 4.126725934992054e-05
1.597021997892135 	 4.0918661202898826e-05
1.5980219978921348 	 4.0572787512223954e-05
1.5990219978921347 	 4.023042813897503e-05
1.6000219978921346 	 3.989229626601418e-05
1.6010219978921345 	 3.955898347699608e-05
1.6020219978921344 	 3.923093766127729e-05
1.6030219978921343 	 3.890845679503641e-05
1.6040219978921342 	 3.859170753236099e-05
1.605021997892134 	 3.8280748844186285e-05
1.606021997892134 	 3.7975557363226205e-05
1.6070219978921338 	 3.767605193527721e-05
1.6080219978921337 	 3.738211365024973e-05
1.6090219978921336 	 3.7093602410931196e-05
1.6100219978921335 	 3.681036934229825e-05
1.6110219978921334 	 3.653226600717838e-05
1.6120219978921333 	 3.6259148658857407e-05
1.6130219978921332 	 3.599087608290914e-05
1.614021997892133 	 3.572731812795796e-05
1.615021997892133 	 3.546835855041159e-05
1.6160219978921329 	 3.5213895211319756e-05
1.6170219978921327 	 3.496383937962829e-05
1.6180219978921326 	 3.4718115702515584e-05
1.6190219978921325 	 3.447666124163896e-05
1.6200219978921324 	 3.423942468481152e-05
1.6210219978921323 	 3.4006365423955424e-05
1.6220219978921322 	 3.3777449956477e-05
1.623021997892132 	 3.35526457869897e-05
1.624021997892132 	 3.333192770779901e-05
1.6250219978921319 	 3.3115279292540074e-05
1.6260219978921318 	 3.2902691970809724e-05
1.6270219978921316 	 3.2694163767613534e-05
1.6280219978921315 	 3.248969979743096e-05
1.6290219978921314 	 3.2289312136649896e-05
1.6300219978921313 	 3.209301952506522e-05
1.6310219978921312 	 3.1900846584562086e-05
1.632021997892131 	 3.1712820453340016e-05
1.633021997892131 	 3.1528966282469594e-05
1.6340219978921309 	 3.134931346692531e-05
1.6350219978921308 	 3.1173897107604926e-05
1.6360219978921307 	 3.1002757307806857e-05
1.6370219978921305 	 3.083593757101122e-05
1.6380219978921304 	 3.067348595735523e-05
1.6390219978921303 	 3.051545529555088e-05
1.6400219978921302 	 3.0361902826230408e-05
1.64102199789213 	 3.0212889449755792e-05
1.64202199789213 	 3.0068476467370787e-05
1.6430219978921299 	 2.9928722903682914e-05
1.6440219978921298 	 2.9793689994952387e-05
1.6450219978921297 	 2.9663442116255624e-05
1.6460219978921296 	 2.9538045934615768e-05
1.6470219978921294 	 2.9417568530082353e-05
1.6480219978921293 	 2.930207862556693e-05
1.6490219978921292 	 2.9191646624240876e-05
1.650021997892129 	 2.9086344168537676e-05
1.651021997892129 	 2.8986243271334805e-05
1.652021997892129 	 2.8891413671170464e-05
1.6530219978921288 	 2.880192180172137e-05
1.6540219978921287 	 2.8717833036869926e-05
1.6550219978921286 	 2.863921198923204e-05
1.6560219978921285 	 2.8566121575048318e-05
1.6570219978921283 	 2.8498621299285396e-05
1.6580219978921282 	 2.843676819213745e-05
1.6590219978921281 	 2.8380616708366238e-05
1.660021997892128 	 2.8330218338769856e-05
1.661021997892128 	 2.8285620849678794e-05
1.6620219978921278 	 2.8246866416851706e-05
1.6630219978921277 	 2.8213992489468877e-05
1.6640219978921276 	 2.8187031785603578e-05
1.6650219978921275 	 2.8166012104762923e-05
1.6660219978921273 	 2.8150955686311382e-05
1.6670219978921272 	 2.8141878049187595e-05
1.6680219978921271 	 2.8138788616826488e-05
1.669021997892127 	 2.8141690750978165e-05
1.670021997892127 	 2.815058154686886e-05
1.6710219978921268 	 2.8165451434902788e-05
1.6720219978921267 	 2.8186283873048546e-05
1.6730219978921266 	 2.8213057187498697e-05
1.6740219978921265 	 2.8245743430291393e-05
1.6750219978921264 	 2.8284307977815626e-05
1.6760219978921262 	 2.832870942101724e-05
1.6770219978921261 	 2.8378899229075752e-05
1.678021997892126 	 2.843482228189878e-05
1.679021997892126 	 2.8496417151798137e-05
1.6800219978921258 	 2.8563616268544822e-05
1.6810219978921257 	 2.863634608456779e-05
1.6820219978921256 	 2.8714527974713682e-05
1.6830219978921255 	 2.8798081150551127e-05
1.6840219978921254 	 2.88869205906257e-05
1.6850219978921253 	 2.8980956601533613e-05
1.6860219978921251 	 2.9080095148097195e-05
1.687021997892125 	 2.91842381945057e-05
1.688021997892125 	 2.9293284040470532e-05
1.6890219978921248 	 2.9407127660827833e-05
1.6900219978921247 	 2.9525661043289083e-05
1.6910219978921246 	 2.9648773585124017e-05
1.6920219978921245 	 2.977635372543969e-05
1.6930219978921244 	 2.990829225947783e-05
1.6940219978921243 	 3.004447951613526e-05
1.6950219978921242 	 3.018480469230355e-05
1.696021997892124 	 3.0329156254394647e-05
1.697021997892124 	 3.0477422538600886e-05
1.6980219978921238 	 3.0629491664521014e-05
1.6990219978921237 	 3.0785251651007864e-05
1.7000219978921236 	 3.094459061161636e-05
1.7010219978921235 	 3.110739709091987e-05
1.7020219978921234 	 3.1273561902258016e-05
1.7030219978921233 	 3.1442981285938216e-05
1.7040219978921232 	 3.161555357810429e-05
1.705021997892123 	 3.1791178269285246e-05
1.706021997892123 	 3.1969756373705874e-05
1.7070219978921228 	 3.215119070370485e-05
1.7080219978921227 	 3.233538589363915e-05
1.7090219978921226 	 3.25222479233455e-05
1.7100219978921225 	 3.271168420211583e-05
1.7110219978921224 	 3.290360378658554e-05
1.7120219978921223 	 3.3097919178596225e-05
1.7130219978921222 	 3.3294549073502665e-05
1.714021997892122 	 3.349341493806375e-05
1.715021997892122 	 3.3694439955982046e-05
1.7160219978921218 	 3.389754921327887e-05
1.7170219978921217 	 3.410267031416856e-05
1.7180219978921216 	 3.4309732669554875e-05
1.7190219978921215 	 3.451866721782564e-05
1.7200219978921214 	 3.472940634212041e-05
1.7210219978921213 	 3.494188397338986e-05
1.7220219978921212 	 3.515603745782903e-05
1.723021997892121 	 3.537180948338163e-05
1.724021997892121 	 3.55891451667466e-05
1.7250219978921209 	 3.5807991015614424e-05
1.7260219978921207 	 3.602829508183664e-05
1.7270219978921206 	 3.625000756616861e-05
1.7280219978921205 	 3.647308007209054e-05
1.7290219978921204 	 3.669746527110919e-05
1.7300219978921203 	 3.692311685574428e-05
1.7310219978921202 	 3.7149989653197885e-05
1.73202199789212 	 3.737804107516949e-05
1.73302199789212 	 3.760723281339594e-05
1.7340219978921199 	 3.7837528257000714e-05
1.7350219978921197 	 3.806889168358655e-05
1.7360219978921196 	 3.830128840490343e-05
1.7370219978921195 	 3.8383434295712336e-05
1.7380219978921194 	 3.83160100992876e-05
1.7390219978921193 	 3.824879099318128e-05
1.7400219978921192 	 3.8181776056088084e-05
1.741021997892119 	 3.8114964372221126e-05
1.742021997892119 	 3.8048355031270766e-05
1.7430219978921189 	 3.798194712836359e-05
1.7440219978921188 	 3.7915739764022e-05
1.7450219978921186 	 3.784973204412403e-05
1.7460219978921185 	 3.778392307986352e-05
1.7470219978921184 	 3.77183119877108e-05
1.7480219978921183 	 3.7652897889373446e-05
1.7490219978921182 	 3.7587679911757664e-05
1.750021997892118 	 3.752265718692977e-05
1.751021997892118 	 3.745782885207823e-05
1.7520219978921179 	 3.739319404947593e-05
1.7530219978921178 	 3.732875192644266e-05
1.7540219978921177 	 3.726450163530818e-05
1.7550219978921175 	 3.720044233337554e-05
1.7560219978921174 	 3.713657318288431e-05
1.7570219978921173 	 3.707289335097499e-05
1.7580219978921172 	 3.7009402009652805e-05
1.759021997892117 	 3.6946098335752445e-05
1.760021997892117 	 3.6882981510902885e-05
1.7610219978921169 	 3.682005072149236e-05
1.7620219978921168 	 3.675730515863414e-05
1.7630219978921167 	 3.669474401813193e-05
1.7640219978921166 	 3.663236650044615e-05
1.7650219978921164 	 3.657017181066012e-05
1.7660219978921163 	 3.650815915844681e-05
1.7670219978921162 	 3.6446327758035694e-05
1.7680219978921161 	 3.638467682817988e-05
1.769021997892116 	 3.6323205592123835e-05
1.770021997892116 	 3.62619132775708e-05
1.7710219978921158 	 3.620079911665119e-05
1.7720219978921157 	 3.613986234589056e-05
1.7730219978921156 	 3.607910220617843e-05
1.7740219978921155 	 3.601851794273715e-05
1.7750219978921153 	 3.5958108805090856e-05
1.7760219978921152 	 3.5897874047034895e-05
1.7770219978921151 	 3.583781292660555e-05
1.778021997892115 	 3.577792470604995e-05
1.779021997892115 	 3.5718208651796056e-05
1.7800219978921148 	 3.5658664034423296e-05
1.7810219978921147 	 3.559929012863302e-05
1.7820219978921146 	 3.55400862132196e-05
1.7830219978921145 	 3.548105157104137e-05
1.7840219978921144 	 3.5422185488992215e-05
1.7850219978921142 	 3.536348725797312e-05
1.7860219978921141 	 3.5304956172864017e-05
1.787021997892114 	 3.524659153249595e-05
1.788021997892114 	 3.518839263962339e-05
1.7890219978921138 	 3.5130358800896875e-05
1.7900219978921137 	 3.5072489326835696e-05
1.7910219978921136 	 3.501478353180105e-05
1.7920219978921135 	 3.4957240733969215e-05
1.7930219978921134 	 3.489986025530507e-05
1.7940219978921133 	 3.484264142153577e-05
1.7950219978921131 	 3.4785583562124675e-05
1.796021997892113 	 3.472868601024553e-05
1.797021997892113 	 3.467194810275681e-05
1.7980219978921128 	 3.4615369180176135e-05
1.7990219978921127 	 3.455894858665521e-05
1.8000219978921126 	 3.450268566995476e-05
1.8010219978921125 	 3.444657978141973e-05
1.8020219978921124 	 3.439063027595458e-05
1.8030219978921123 	 3.433483651199901e-05
1.8040219978921122 	 3.427919785150366e-05
1.805021997892112 	 3.4223713659906115e-05
1.806021997892112 	 3.416838330610715e-05
1.8070219978921118 	 3.411320616244704e-05
1.8080219978921117 	 3.405818160468216e-05
1.8090219978921116 	 3.400330901196178e-05
1.8100219978921115 	 3.3948587766804934e-05
1.8110219978921114 	 3.389401725507769e-05
1.8120219978921113 	 3.383959686597042e-05
1.8130219978921112 	 3.378532599197518e-05
1.814021997892111 	 3.373120402886367e-05
1.815021997892111 	 3.367723037566484e-05
1.8160219978921108 	 3.3623404434643164e-05
1.8170219978921107 	 3.356972561127667e-05
1.8180219978921106 	 3.351619331423547e-05
1.8190219978921105 	 3.346280695536039e-05
1.8200219978921104 	 3.340956594964152e-05
1.8210219978921103 	 3.3356469715197304e-05
1.8220219978921102 	 3.3303517673253625e-05
1.82302199789211 	 3.3250709248122914e-05
1.82402199789211 	 3.319804386718378e-05
1.8250219978921098 	 3.3145520960860404e-05
1.8260219978921097 	 3.309313996260241e-05
1.8270219978921096 	 3.304090030886478e-05
1.8280219978921095 	 3.29888014390878e-05
1.8290219978921094 	 3.293684279567744e-05
1.8300219978921093 	 3.2885023823985646e-05
1.8310219978921092 	 3.2833343972290886e-05
1.832021997892109 	 3.278180269177889e-05
1.833021997892109 	 3.273039943652348e-05
1.8340219978921088 	 3.2679133663467525e-05
1.8350219978921087 	 3.2628004832404184e-05
1.8360219978921086 	 3.257701240595801e-05
1.8370219978921085 	 3.252615584956666e-05
1.8380219978921084 	 3.247543463146227e-05
1.8390219978921083 	 3.242484822265329e-05
1.8400219978921082 	 3.2374396096906304e-05
1.841021997892108 	 3.232407773072813e-05
1.842021997892108 	 3.227389260334783e-05
1.8430219978921079 	 3.222384019669922e-05
1.8440219978921077 	 3.217391999540305e-05
1.8450219978921076 	 3.2124131486749805e-05
1.8460219978921075 	 3.207447416068229e-05
1.8470219978921074 	 3.2024947509778486e-05
1.8480219978921073 	 3.197555102923455e-05
1.8490219978921072 	 3.192628421684782e-05
1.850021997892107 	 3.187714657300027e-05
1.851021997892107 	 3.182813760064166e-05
1.8520219978921069 	 3.1779256805273093e-05
1.8530219978921068 	 3.17305036949307e-05
1.8540219978921066 	 3.168187778016929e-05
1.8550219978921065 	 3.1633378574046305e-05
1.8560219978921064 	 3.1585005592105734e-05
1.8570219978921063 	 3.1536758352362336e-05
1.8580219978921062 	 3.148863637528576e-05
1.859021997892106 	 3.144063918378498e-05
1.860021997892106 	 3.139276630319275e-05
1.8610219978921059 	 3.1345017261250255e-05
1.8620219978921058 	 3.1297391588091694e-05
1.8630219978921057 	 3.124988881622921e-05
1.8640219978921055 	 3.1202508480537925e-05
1.8650219978921054 	 3.115525011824073e-05
1.8660219978921053 	 3.11081132688937e-05
1.8670219978921052 	 3.106109747437134e-05
1.868021997892105 	 3.101420227885187e-05
1.869021997892105 	 3.0967427228802815e-05
1.8700219978921049 	 3.0920771872966654e-05
1.8710219978921048 	 3.087423576234645e-05
1.8720219978921047 	 3.0827818450191736e-05
1.8730219978921046 	 3.078151949198448e-05
1.8740219978921044 	 3.073533844542504e-05
1.8750219978921043 	 3.068927487041839e-05
1.8760219978921042 	 3.064332832906037e-05
1.877021997892104 	 3.059749838562398e-05
1.878021997892104 	 3.0551784606545905e-05
1.879021997892104 	 3.0506186560413005e-05
1.8800219978921038 	 3.0460703817949013e-05
1.8810219978921037 	 3.0415335952001304e-05
1.8820219978921036 	 3.0370082537527715e-05
1.8830219978921034 	 3.032494315158351e-05
1.8840219978921033 	 3.0279917373308438e-05
1.8850219978921032 	 3.0235004783913894e-05
1.8860219978921031 	 3.0190204966670034e-05
1.887021997892103 	 3.0145517506893336e-05
1.888021997892103 	 3.010094199193378e-05
1.8890219978921028 	 3.0056478011162613e-05
1.8900219978921027 	 3.0012125155959706e-05
1.8910219978921026 	 2.9967883019701476e-05
1.8920219978921025 	 2.992375119774852e-05
1.8930219978921023 	 2.987972928743366e-05
1.8940219978921022 	 2.9835816888049705e-05
1.8950219978921021 	 2.9792013600837662e-05
1.896021997892102 	 2.9748319028974896e-05
1.897021997892102 	 2.9704732777563213e-05
1.8980219978921018 	 2.9661254453617345e-05
1.8990219978921017 	 2.9617883666053228e-05
1.9000219978921016 	 2.9574620025676606e-05
1.9010219978921015 	 2.9531463145171515e-05
1.9020219978921014 	 2.948841263908888e-05
1.9030219978921012 	 2.944546812383545e-05
1.9040219978921011 	 2.9402629217662407e-05
1.905021997892101 	 2.9359895540654414e-05
1.906021997892101 	 2.9317266714718457e-05
1.9070219978921008 	 2.9274742363573074e-05
1.9080219978921007 	 2.9232322112737342e-05
1.9090219978921006 	 2.9190005589520085e-05
1.9100219978921005 	 2.9147792423009308e-05
1.9110219978921004 	 2.9105682244061487e-05
1.9120219978921003 	 2.906367468529096e-05
1.9130219978921001 	 2.9021769381059485e-05
1.9140219978921 	 2.8979965967465916e-05
1.9150219978921 	 2.8938264082335714e-05
1.9160219978920998 	 2.8896663365210886e-05
1.9170219978920997 	 2.88551634573396e-05
1.9180219978920996 	 2.88137640016662e-05
1.9190219978920995 	 2.8772464642821148e-05
1.9200219978920994 	 2.8731265027111012e-05
1.9210219978920993 	 2.869016480250864e-05
1.9220219978920992 	 2.864916361864322e-05
1.923021997892099 	 2.860826112679072e-05
1.924021997892099 	 2.8567456979863926e-05
1.9250219978920988 	 2.8526750832403054e-05
1.9260219978920987 	 2.848614234056606e-05
1.9270219978920986 	 2.844563116211928e-05
1.9280219978920985 	 2.840521695642786e-05
1.9290219978920984 	 2.8364899384446507e-05
1.9300219978920983 	 2.8324678108710143e-05
1.9310219978920982 	 2.8284552793324786e-05
1.932021997892098 	 2.824452310395826e-05
1.933021997892098 	 2.8204588707831165e-05
1.9340219978920978 	 2.8164749273707857e-05
1.9350219978920977 	 2.8125004471887476e-05
1.9360219978920976 	 2.808535397419496e-05
1.9370219978920975 	 2.804579745397239e-05
1.9380219978920974 	 2.8006334586070014e-05
1.9390219978920973 	 2.7966965046837618e-05
1.9400219978920972 	 2.7927688514115874e-05
1.941021997892097 	 2.7888504667227656e-05
1.942021997892097 	 2.784941318696967e-05
1.9430219978920968 	 2.781041375560379e-05
1.9440219978920967 	 2.7771506056848707e-05
1.9450219978920966 	 2.773268977587159e-05
1.9460219978920965 	 2.7693964599279772e-05
1.9470219978920964 	 2.7655330215112482e-05
1.9480219978920963 	 2.76167863128326e-05
1.9490219978920962 	 2.7578332583318656e-05
1.950021997892096 	 2.753996871885659e-05
1.951021997892096 	 2.7501694413131858e-05
1.9520219978920959 	 2.7463509361221402e-05
1.9530219978920957 	 2.7425413259585724e-05
1.9540219978920956 	 2.7387405806061017e-05
1.9550219978920955 	 2.7349486699851416e-05
1.9560219978920954 	 2.7311655641521177e-05
1.9570219978920953 	 2.7273912332987015e-05
1.9580219978920952 	 2.723625647751045e-05
1.959021997892095 	 2.7198687779690113e-05
1.960021997892095 	 2.7161205945454405e-05
1.9610219978920949 	 2.7123810682053816e-05
1.9620219978920947 	 2.7086501698053498e-05
1.9630219978920946 	 2.704927870332602e-05
1.9640219978920945 	 2.7012141409043825e-05
1.9650219978920944 	 2.697508952767204e-05
1.9660219978920943 	 2.6938122772961277e-05
1.9670219978920942 	 2.6901240859940285e-05
1.968021997892094 	 2.686444350490896e-05
1.969021997892094 	 2.6827730425431116e-05
1.9700219978920939 	 2.6791101340327536e-05
1.9710219978920938 	 2.67545559696689e-05
1.9720219978920936 	 2.6718094034768827e-05
1.9730219978920935 	 2.6681715258176994e-05
1.9740219978920934 	 2.664541936367224e-05
1.9750219978920933 	 2.660920607625573e-05
1.9760219978920932 	 2.6573075122144282e-05
1.977021997892093 	 2.6537026228763492e-05
1.978021997892093 	 2.6501059124741137e-05
1.9790219978920929 	 2.646517353990053e-05
1.9800219978920928 	 2.6429369205253827e-05
1.9810219978920927 	 2.6393645852995687e-05
1.9820219978920925 	 2.635800321649648e-05
1.9830219978920924 	 2.6322441030296047e-05
1.9840219978920923 	 2.6286959030097173e-05
1.9850219978920922 	 2.6251556952759238e-05
1.986021997892092 	 2.6216234536291817e-05
1.987021997892092 	 2.618099151984847e-05
1.9880219978920919 	 2.614582764372044e-05
1.9890219978920918 	 2.611074264933037e-05
1.9900219978920917 	 2.6075736279226312e-05
1.9910219978920916 	 2.6040808277075348e-05
1.9920219978920914 	 2.6005958387657706e-05
1.9930219978920913 	 2.5971186356860596e-05
1.9940219978920912 	 2.593649193167224e-05
1.9950219978920911 	 2.5901874860175797e-05
1.996021997892091 	 2.586733489154362e-05
1.997021997892091 	 2.5832871776031107e-05
1.9980219978920908 	 2.5798485264971116e-05
1.9990219978920907 	 2.5764175110767882e-05
