0.0010219978922 	 0
0.0020219978922 	 0.0
0.0030219978922 	 0.0
0.0040219978922 	 0.0
0.0050219978922 	 0.0
0.0060219978922 	 0.0
0.0070219978922 	 0.0
0.0080219978922 	 0.0
0.009021997892200002 	 0.0
0.010021997892200003 	 0.0
0.011021997892200004 	 0.0
0.012021997892200004 	 0.0
0.013021997892200005 	 0.0
0.014021997892200006 	 0.0
0.015021997892200007 	 0.0
0.016021997892200008 	 0.0
0.01702199789220001 	 0.0
0.01802199789220001 	 0.0
0.01902199789220001 	 0.0
0.02002199789220001 	 0.0
0.021021997892200012 	 0.0
0.022021997892200013 	 0.0
0.023021997892200014 	 0.0
0.024021997892200015 	 0.0
0.025021997892200016 	 0.0
0.026021997892200017 	 0.0
0.027021997892200018 	 0.0
0.02802199789220002 	 0.0
0.02902199789220002 	 0.0
0.03002199789220002 	 0.0
0.03102199789220002 	 0.0
0.03202199789220002 	 0.0
0.03302199789220002 	 0.0
0.03402199789220002 	 0.0
0.03502199789220002 	 0.0
0.03602199789220002 	 0.0
0.03702199789220002 	 0.0
0.038021997892200024 	 0.0
0.039021997892200025 	 0.0
0.040021997892200026 	 0.0
0.04102199789220003 	 0.0
0.04202199789220003 	 0.0
0.04302199789220003 	 0.0
0.04402199789220003 	 0.0
0.04502199789220003 	 0.0
0.04602199789220003 	 0.0
0.04702199789220003 	 0.0
0.04802199789220003 	 0.0
0.049021997892200034 	 0.0
0.050021997892200035 	 0.0
0.051021997892200036 	 0.0
0.052021997892200036 	 0.0
0.05302199789220004 	 0.0
0.05402199789220004 	 0.0
0.05502199789220004 	 0.0
0.05602199789220004 	 0.0
0.05702199789220004 	 0.0
0.05802199789220004 	 0.0
0.05902199789220004 	 0.0
0.060021997892200044 	 0.0
0.061021997892200044 	 0.0
0.062021997892200045 	 0.0
0.06302199789220005 	 0.0
0.06402199789220005 	 0.0
0.06502199789220005 	 0.0
0.06602199789220005 	 0.0
0.06702199789220005 	 0.0
0.06802199789220005 	 0.0
0.06902199789220005 	 0.0
0.07002199789220005 	 0.0
0.07102199789220005 	 0.0
0.07202199789220005 	 0.0
0.07302199789220006 	 0.0
0.07402199789220006 	 0.0
0.07502199789220006 	 0.0
0.07602199789220006 	 0.0
0.07702199789220006 	 0.0
0.07802199789220006 	 0.0
0.07902199789220006 	 0.0
0.08002199789220006 	 0.0
0.08102199789220006 	 0.0
0.08202199789220006 	 0.0
0.08302199789220006 	 0.0
0.08402199789220006 	 0.0
0.08502199789220007 	 0.0
0.08602199789220007 	 0.0
0.08702199789220007 	 0.0
0.08802199789220007 	 0.0
0.08902199789220007 	 0.0
0.09002199789220007 	 0.0
0.09102199789220007 	 0.0
0.09202199789220007 	 0.0
0.09302199789220007 	 0.0
0.09402199789220007 	 0.0
0.09502199789220007 	 0.0
0.09602199789220008 	 0.0
0.09702199789220008 	 0.0
0.09802199789220008 	 0.0
0.09902199789220008 	 0.0
0.10002199789220008 	 0.0
0.10102199789220008 	 0.0
0.10202199789220008 	 0.0
0.10302199789220008 	 0.0
0.10402199789220008 	 0.0
0.10502199789220008 	 0.0
0.10602199789220008 	 0.0
0.10702199789220009 	 0.0
0.10802199789220009 	 0.0
0.10902199789220009 	 0.0
0.11002199789220009 	 0.0
0.11102199789220009 	 0.0
0.11202199789220009 	 0.0
0.11302199789220009 	 0.0
0.11402199789220009 	 0.0
0.11502199789220009 	 0.0
0.1160219978922001 	 0.0
0.1170219978922001 	 0.0
0.1180219978922001 	 0.0
0.1190219978922001 	 0.0
0.1200219978922001 	 0.0
0.1210219978922001 	 0.0
0.1220219978922001 	 0.0
0.1230219978922001 	 0.0
0.1240219978922001 	 0.0
0.1250219978922001 	 0.0
0.1260219978922001 	 0.0
0.1270219978922001 	 0.0
0.1280219978922001 	 0.0
0.1290219978922001 	 0.0
0.1300219978922001 	 0.0
0.1310219978922001 	 0.0
0.1320219978922001 	 0.0
0.1330219978922001 	 0.0
0.1340219978922001 	 0.0
0.1350219978922001 	 0.0
0.1360219978922001 	 0.0
0.1370219978922001 	 0.0
0.1380219978922001 	 0.0
0.1390219978922001 	 0.0
0.1400219978922001 	 0.0
0.1410219978922001 	 0.0
0.1420219978922001 	 0.0
0.1430219978922001 	 0.0
0.1440219978922001 	 0.0
0.1450219978922001 	 0.0
0.1460219978922001 	 0.0
0.1470219978922001 	 0.0
0.1480219978922001 	 0.0
0.1490219978922001 	 0.0
0.1500219978922001 	 0.0
0.1510219978922001 	 0.0
0.1520219978922001 	 0.0
0.1530219978922001 	 0.0
0.1540219978922001 	 0.0
0.15502199789220011 	 0.0
0.15602199789220011 	 0.0
0.15702199789220012 	 0.0
0.15802199789220012 	 0.0
0.15902199789220012 	 0.0
0.16002199789220012 	 0.0
0.16102199789220012 	 0.0
0.16202199789220012 	 0.0
0.16302199789220012 	 0.0
0.16402199789220012 	 0.0
0.16502199789220012 	 0.0
0.16602199789220012 	 0.0
0.16702199789220012 	 0.0
0.16802199789220013 	 0.0
0.16902199789220013 	 0.0
0.17002199789220013 	 0.0
0.17102199789220013 	 0.0
0.17202199789220013 	 0.0
0.17302199789220013 	 0.0
0.17402199789220013 	 0.0
0.17502199789220013 	 0.0
0.17602199789220013 	 0.0
0.17702199789220013 	 0.0
0.17802199789220013 	 0.0
0.17902199789220014 	 0.0
0.18002199789220014 	 0.0
0.18102199789220014 	 0.0
0.18202199789220014 	 0.0
0.18302199789220014 	 0.0
0.18402199789220014 	 0.0
0.18502199789220014 	 0.0
0.18602199789220014 	 0.0
0.18702199789220014 	 0.0
0.18802199789220014 	 0.0
0.18902199789220014 	 0.0
0.19002199789220015 	 0.0
0.19102199789220015 	 0.0
0.19202199789220015 	 0.0
0.19302199789220015 	 0.0
0.19402199789220015 	 0.0
0.19502199789220015 	 0.0
0.19602199789220015 	 0.0
0.19702199789220015 	 0.0
0.19802199789220015 	 0.0
0.19902199789220015 	 0.0
0.20002199789220015 	 0.0
0.20102199789220015 	 0.0
0.20202199789220016 	 0.0
0.20302199789220016 	 0.0
0.20402199789220016 	 0.0
0.20502199789220016 	 0.0
0.20602199789220016 	 0.0
0.20702199789220016 	 0.0
0.20802199789220016 	 0.0
0.20902199789220016 	 0.0
0.21002199789220016 	 0.0
0.21102199789220016 	 0.0
0.21202199789220016 	 0.0
0.21302199789220017 	 0.0
0.21402199789220017 	 0.0
0.21502199789220017 	 0.0
0.21602199789220017 	 0.0
0.21702199789220017 	 0.0
0.21802199789220017 	 0.0
0.21902199789220017 	 0.0
0.22002199789220017 	 0.0
0.22102199789220017 	 0.0
0.22202199789220017 	 0.0
0.22302199789220017 	 0.0
0.22402199789220018 	 0.0
0.22502199789220018 	 0.0
0.22602199789220018 	 0.0
0.22702199789220018 	 0.0
0.22802199789220018 	 0.0
0.22902199789220018 	 0.0
0.23002199789220018 	 0.0
0.23102199789220018 	 0.0
0.23202199789220018 	 0.0
0.23302199789220018 	 0.0
0.23402199789220018 	 0.0
0.23502199789220019 	 0.0
0.23602199789220019 	 0.0
0.2370219978922002 	 0.0
0.2380219978922002 	 0.0
0.2390219978922002 	 0.0
0.2400219978922002 	 0.0
0.2410219978922002 	 0.0
0.2420219978922002 	 0.0
0.2430219978922002 	 0.0
0.2440219978922002 	 0.0
0.2450219978922002 	 0.0
0.2460219978922002 	 0.0
0.2470219978922002 	 0.0
0.2480219978922002 	 0.0
0.2490219978922002 	 0.0
0.2500219978922002 	 0.0
0.2510219978922002 	 0.0
0.2520219978922002 	 0.0
0.2530219978922002 	 0.0
0.2540219978922002 	 0.0
0.2550219978922002 	 0.0
0.2560219978922002 	 0.0
0.2570219978922002 	 0.0
0.2580219978922002 	 0.0
0.2590219978922002 	 0.0
0.2600219978922002 	 0.0
0.2610219978922002 	 0.0
0.2620219978922002 	 0.0
0.2630219978922002 	 0.0
0.2640219978922002 	 0.0
0.2650219978922002 	 0.0
0.2660219978922002 	 0.0
0.2670219978922002 	 0.0
0.2680219978922002 	 0.0
0.2690219978922002 	 0.0
0.2700219978922002 	 0.0
0.2710219978922002 	 0.0
0.2720219978922002 	 0.0
0.2730219978922002 	 0.0
0.2740219978922002 	 0.0
0.2750219978922002 	 0.0
0.2760219978922002 	 0.0
0.2770219978922002 	 0.0
0.2780219978922002 	 0.0
0.2790219978922002 	 0.0
0.2800219978922002 	 0.0
0.2810219978922002 	 0.0
0.2820219978922002 	 0.0
0.2830219978922002 	 0.0
0.28402199789220023 	 0.0
0.28502199789220023 	 0.0
0.28602199789220023 	 0.0
0.28702199789220023 	 0.0
0.28802199789220023 	 0.0
0.28902199789220023 	 0.0
0.29002199789220023 	 0.0
0.29102199789220023 	 0.0
0.29202199789220024 	 0.0
0.29302199789220024 	 0.0
0.29402199789220024 	 0.0
0.29502199789220024 	 0.0
0.29602199789220024 	 0.0
0.29702199789220024 	 0.0
0.29802199789220024 	 0.0
0.29902199789220024 	 0.0
0.30002199789220024 	 0.0
0.30102199789220024 	 0.0
0.30202199789220024 	 0.0
0.30302199789220025 	 0.0
0.30402199789220025 	 0.0
0.30502199789220025 	 0.0
0.30602199789220025 	 0.0
0.30702199789220025 	 0.0
0.30802199789220025 	 0.0
0.30902199789220025 	 0.0
0.31002199789220025 	 0.0
0.31102199789220025 	 0.0
0.31202199789220025 	 0.0
0.31302199789220025 	 0.0
0.31402199789220026 	 0.0
0.31502199789220026 	 0.0
0.31602199789220026 	 0.0
0.31702199789220026 	 0.0
0.31802199789220026 	 0.0
0.31902199789220026 	 0.0
0.32002199789220026 	 0.0
0.32102199789220026 	 0.0
0.32202199789220026 	 0.0
0.32302199789220026 	 0.0
0.32402199789220026 	 0.0
0.32502199789220027 	 0.0
0.32602199789220027 	 0.0
0.32702199789220027 	 0.0
0.32802199789220027 	 0.0
0.32902199789220027 	 0.0
0.33002199789220027 	 0.0
0.33102199789220027 	 0.0
0.33202199789220027 	 0.0
0.33302199789220027 	 0.0
0.3340219978922003 	 0.0
0.3350219978922003 	 0.0
0.3360219978922003 	 0.0
0.3370219978922003 	 0.0
0.3380219978922003 	 0.0
0.3390219978922003 	 0.0
0.3400219978922003 	 0.0
0.3410219978922003 	 0.0
0.3420219978922003 	 0.0
0.3430219978922003 	 0.0
0.3440219978922003 	 0.0
0.3450219978922003 	 0.0
0.3460219978922003 	 0.0
0.3470219978922003 	 0.0
0.3480219978922003 	 0.0
0.3490219978922003 	 0.0
0.3500219978922003 	 0.0
0.3510219978922003 	 0.0
0.3520219978922003 	 0.0
0.3530219978922003 	 0.0
0.3540219978922003 	 0.0
0.3550219978922003 	 0.0
0.3560219978922003 	 0.0
0.3570219978922003 	 0.0
0.3580219978922003 	 0.0
0.3590219978922003 	 0.0
0.3600219978922003 	 0.0
0.3610219978922003 	 0.0
0.3620219978922003 	 0.0
0.3630219978922003 	 0.0
0.3640219978922003 	 0.0
0.3650219978922003 	 0.0
0.3660219978922003 	 0.0
0.3670219978922003 	 0.0
0.3680219978922003 	 0.0
0.3690219978922003 	 0.0
0.3700219978922003 	 0.0
0.3710219978922003 	 0.0
0.3720219978922003 	 0.0
0.3730219978922003 	 0.0
0.3740219978922003 	 0.0
0.3750219978922003 	 0.0
0.3760219978922003 	 0.0
0.3770219978922003 	 0.0
0.3780219978922003 	 0.0
0.3790219978922003 	 0.0
0.3800219978922003 	 0.0
0.3810219978922003 	 0.0
0.3820219978922003 	 0.0
0.3830219978922003 	 0.0
0.3840219978922003 	 0.0
0.3850219978922003 	 0.0
0.3860219978922003 	 0.0
0.3870219978922003 	 0.0
0.3880219978922003 	 0.0
0.3890219978922003 	 0.0
0.3900219978922003 	 0.0
0.3910219978922003 	 0.0
0.3920219978922003 	 0.0
0.3930219978922003 	 0.0
0.3940219978922003 	 0.0
0.3950219978922003 	 0.0
0.39602199789220033 	 0.0
0.39702199789220033 	 0.0
0.39802199789220033 	 0.0
0.39902199789220033 	 0.0
0.40002199789220033 	 0.0
0.40102199789220033 	 0.0
0.40202199789220033 	 0.0
0.40302199789220033 	 0.0
0.40402199789220034 	 0.0
0.40502199789220034 	 0.0
0.40602199789220034 	 0.0
0.40702199789220034 	 0.0
0.40802199789220034 	 0.0
0.40902199789220034 	 0.0
0.41002199789220034 	 0.0
0.41102199789220034 	 0.0
0.41202199789220034 	 0.0
0.41302199789220034 	 0.0
0.41402199789220034 	 0.0
0.41502199789220034 	 0.0
0.41602199789220035 	 0.0
0.41702199789220035 	 0.0
0.41802199789220035 	 0.0
0.41902199789220035 	 0.0
0.42002199789220035 	 0.0
0.42102199789220035 	 0.0
0.42202199789220035 	 0.0
0.42302199789220035 	 0.0
0.42402199789220035 	 0.0
0.42502199789220035 	 0.0
0.42602199789220035 	 0.0
0.42702199789220036 	 0.0
0.42802199789220036 	 0.0
0.42902199789220036 	 0.0
0.43002199789220036 	 0.0
0.43102199789220036 	 0.0
0.43202199789220036 	 0.0
0.43302199789220036 	 0.0
0.43402199789220036 	 0.0
0.43502199789220036 	 0.0
0.43602199789220036 	 0.0
0.43702199789220036 	 0.0
0.43802199789220037 	 0.0
0.43902199789220037 	 0.0
0.44002199789220037 	 0.0
0.44102199789220037 	 0.0
0.44202199789220037 	 0.0
0.44302199789220037 	 0.0
0.44402199789220037 	 0.0
0.44502199789220037 	 0.0
0.4460219978922004 	 0.0
0.4470219978922004 	 0.0
0.4480219978922004 	 0.0
0.4490219978922004 	 0.0
0.4500219978922004 	 0.0
0.4510219978922004 	 0.0
0.4520219978922004 	 0.0
0.4530219978922004 	 0.0
0.4540219978922004 	 0.0
0.4550219978922004 	 0.0
0.4560219978922004 	 0.0
0.4570219978922004 	 0.0
0.4580219978922004 	 0.0
0.4590219978922004 	 0.0
0.4600219978922004 	 0.0
0.4610219978922004 	 0.0
0.4620219978922004 	 0.0
0.4630219978922004 	 0.0
0.4640219978922004 	 0.0
0.4650219978922004 	 0.0
0.4660219978922004 	 0.0
0.4670219978922004 	 0.0
0.4680219978922004 	 0.0
0.4690219978922004 	 0.0
0.4700219978922004 	 0.0
0.4710219978922004 	 0.0
0.4720219978922004 	 0.0
0.4730219978922004 	 0.0
0.4740219978922004 	 0.0
0.4750219978922004 	 0.0
0.4760219978922004 	 0.0
0.4770219978922004 	 0.0
0.4780219978922004 	 0.0
0.4790219978922004 	 0.0
0.4800219978922004 	 0.0
0.4810219978922004 	 0.0
0.4820219978922004 	 0.0
0.4830219978922004 	 0.0
0.4840219978922004 	 0.0
0.4850219978922004 	 0.0
0.4860219978922004 	 0.0
0.4870219978922004 	 0.0
0.4880219978922004 	 0.0
0.4890219978922004 	 0.0
0.4900219978922004 	 0.0
0.4910219978922004 	 0.0
0.4920219978922004 	 0.0
0.4930219978922004 	 0.0
0.4940219978922004 	 0.0
0.4950219978922004 	 0.0
0.4960219978922004 	 0.0
0.4970219978922004 	 0.0
0.4980219978922004 	 0.0
0.4990219978922004 	 0.0
0.5000219978922004 	 0.0
0.5010219978922004 	 0.0
0.5020219978922004 	 0.0
0.5030219978922004 	 0.0
0.5040219978922004 	 0.0
0.5050219978922004 	 0.0
0.5060219978922004 	 0.0
0.5070219978922004 	 0.0
0.5080219978922004 	 0.0
0.5090219978922004 	 0.0
0.5100219978922004 	 0.0
0.5110219978922004 	 0.0
0.5120219978922004 	 0.0
0.5130219978922004 	 0.0
0.5140219978922004 	 0.0
0.5150219978922004 	 0.0
0.5160219978922004 	 0.0
0.5170219978922004 	 0.0
0.5180219978922004 	 0.0
0.5190219978922004 	 0.0
0.5200219978922004 	 0.0
0.5210219978922004 	 0.0
0.5220219978922004 	 0.0
0.5230219978922004 	 0.0
0.5240219978922004 	 0.0
0.5250219978922004 	 0.0
0.5260219978922004 	 0.0
0.5270219978922004 	 0.0
0.5280219978922004 	 0.0
0.5290219978922004 	 0.0
0.5300219978922004 	 0.0
0.5310219978922004 	 0.0
0.5320219978922004 	 0.0
0.5330219978922004 	 0.0
0.5340219978922004 	 0.0
0.5350219978922004 	 0.0
0.5360219978922004 	 0.0
0.5370219978922004 	 0.0
0.5380219978922004 	 0.0
0.5390219978922004 	 0.0
0.5400219978922004 	 0.0
0.5410219978922004 	 0.0
0.5420219978922004 	 0.0
0.5430219978922004 	 0.0
0.5440219978922004 	 0.0
0.5450219978922004 	 0.0
0.5460219978922004 	 0.0
0.5470219978922004 	 0.0
0.5480219978922004 	 0.0
0.5490219978922004 	 0.0
0.5500219978922004 	 0.0
0.5510219978922004 	 0.0
0.5520219978922004 	 0.0
0.5530219978922004 	 0.0
0.5540219978922004 	 0.0
0.5550219978922004 	 0.0
0.5560219978922004 	 0.0
0.5570219978922004 	 0.0
0.5580219978922004 	 0.0
0.5590219978922004 	 0.0
0.5600219978922004 	 0.0
0.5610219978922004 	 0.0
0.5620219978922004 	 0.0
0.5630219978922004 	 0.0
0.5640219978922004 	 0.0
0.5650219978922004 	 0.0
0.5660219978922004 	 0.0
0.5670219978922004 	 0.0
0.5680219978922004 	 0.0
0.5690219978922004 	 0.0
0.5700219978922004 	 0.0
0.5710219978922004 	 0.0
0.5720219978922004 	 0.0
0.5730219978922004 	 0.0
0.5740219978922004 	 0.0
0.5750219978922004 	 0.0
0.5760219978922004 	 0.0
0.5770219978922004 	 0.0
0.5780219978922004 	 0.0
0.5790219978922004 	 0.0
0.5800219978922004 	 0.0
0.5810219978922004 	 0.0
0.5820219978922004 	 0.0
0.5830219978922004 	 0.0
0.5840219978922004 	 0.0
0.5850219978922004 	 0.0
0.5860219978922004 	 0.0
0.5870219978922004 	 0.0
0.5880219978922004 	 0.0
0.5890219978922004 	 0.0
0.5900219978922004 	 0.0
0.5910219978922004 	 0.0
0.5920219978922004 	 0.0
0.5930219978922004 	 0.0
0.5940219978922004 	 0.0
0.5950219978922004 	 0.0
0.5960219978922005 	 0.0
0.5970219978922005 	 0.0
0.5980219978922005 	 0.0
0.5990219978922005 	 0.0
0.6000219978922005 	 0.0
0.6010219978922005 	 0.0
0.6020219978922005 	 0.0
0.6030219978922005 	 0.0
0.6040219978922005 	 0.0
0.6050219978922005 	 0.0
0.6060219978922005 	 0.0
0.6070219978922005 	 0.0
0.6080219978922005 	 0.0
0.6090219978922005 	 0.0
0.6100219978922005 	 0.0
0.6110219978922005 	 0.0
0.6120219978922005 	 0.0
0.6130219978922005 	 0.0
0.6140219978922005 	 0.0
0.6150219978922005 	 0.0
0.6160219978922005 	 0.0
0.6170219978922005 	 0.0
0.6180219978922005 	 0.0
0.6190219978922005 	 0.0
0.6200219978922005 	 0.0
0.6210219978922005 	 0.0
0.6220219978922005 	 0.0
0.6230219978922005 	 0.0
0.6240219978922005 	 0.0
0.6250219978922005 	 0.0
0.6260219978922005 	 0.0
0.6270219978922005 	 0.0
0.6280219978922005 	 0.0
0.6290219978922005 	 0.0
0.6300219978922005 	 0.0
0.6310219978922005 	 0.0
0.6320219978922005 	 0.0
0.6330219978922005 	 0.0
0.6340219978922005 	 0.0
0.6350219978922005 	 0.0
0.6360219978922005 	 0.0
0.6370219978922005 	 0.0
0.6380219978922005 	 0.0
0.6390219978922005 	 0.0
0.6400219978922005 	 0.0
0.6410219978922005 	 0.0
0.6420219978922005 	 0.0
0.6430219978922005 	 0.0
0.6440219978922005 	 0.0
0.6450219978922005 	 0.0
0.6460219978922005 	 0.0
0.6470219978922005 	 0.0
0.6480219978922005 	 0.0
0.6490219978922005 	 0.0
0.6500219978922005 	 0.0
0.6510219978922005 	 0.0
0.6520219978922005 	 0.0
0.6530219978922005 	 0.0
0.6540219978922005 	 0.0
0.6550219978922005 	 0.0
0.6560219978922005 	 0.0
0.6570219978922005 	 0.0
0.6580219978922005 	 0.0
0.6590219978922005 	 0.0
0.6600219978922005 	 0.0
0.6610219978922005 	 0.0
0.6620219978922005 	 0.0
0.6630219978922005 	 0.0
0.6640219978922005 	 0.0
0.6650219978922005 	 0.0
0.6660219978922005 	 0.0
0.6670219978922005 	 0.0
0.6680219978922005 	 0.0
0.6690219978922005 	 0.0
0.6700219978922005 	 0.0
0.6710219978922005 	 0.0
0.6720219978922005 	 0.0
0.6730219978922005 	 0.0
0.6740219978922005 	 0.0
0.6750219978922005 	 0.0
0.6760219978922005 	 0.0
0.6770219978922005 	 0.0
0.6780219978922005 	 0.0
0.6790219978922005 	 0.0
0.6800219978922005 	 0.0
0.6810219978922005 	 0.0
0.6820219978922005 	 0.0
0.6830219978922005 	 0.0
0.6840219978922005 	 0.0
0.6850219978922005 	 0.0
0.6860219978922005 	 0.0
0.6870219978922005 	 0.0
0.6880219978922005 	 0.0
0.6890219978922005 	 0.0
0.6900219978922005 	 0.0
0.6910219978922005 	 0.0
0.6920219978922005 	 0.0
0.6930219978922005 	 0.0
0.6940219978922005 	 0.0
0.6950219978922005 	 0.0
0.6960219978922005 	 0.0
0.6970219978922005 	 0.0
0.6980219978922005 	 0.0
0.6990219978922005 	 0.0
0.7000219978922005 	 0.0
0.7010219978922005 	 0.0
0.7020219978922005 	 0.0
0.7030219978922005 	 0.0
0.7040219978922005 	 0.0
0.7050219978922005 	 0.0
0.7060219978922005 	 0.0
0.7070219978922005 	 0.0
0.7080219978922005 	 0.0
0.7090219978922006 	 0.0
0.7100219978922006 	 0.0
0.7110219978922006 	 0.0
0.7120219978922006 	 0.0
0.7130219978922006 	 0.0
0.7140219978922006 	 0.0
0.7150219978922006 	 0.0
0.7160219978922006 	 0.0
0.7170219978922006 	 0.0
0.7180219978922006 	 0.0
0.7190219978922006 	 0.0
0.7200219978922006 	 0.0
0.7210219978922006 	 0.0
0.7220219978922006 	 0.0
0.7230219978922006 	 0.0
0.7240219978922006 	 0.0
0.7250219978922006 	 0.0
0.7260219978922006 	 0.0
0.7270219978922006 	 0.0
0.7280219978922006 	 0.0
0.7290219978922006 	 0.0
0.7300219978922006 	 0.0
0.7310219978922006 	 0.0
0.7320219978922006 	 0.0
0.7330219978922006 	 0.0
0.7340219978922006 	 0.0
0.7350219978922006 	 0.0
0.7360219978922006 	 0.0
0.7370219978922006 	 0.0
0.7380219978922006 	 0.0
0.7390219978922006 	 0.0
0.7400219978922006 	 0.0
0.7410219978922006 	 0.0
0.7420219978922006 	 0.0
0.7430219978922006 	 0.0
0.7440219978922006 	 0.0
0.7450219978922006 	 0.0
0.7460219978922006 	 0.0
0.7470219978922006 	 0.0
0.7480219978922006 	 0.0
0.7490219978922006 	 0.0
0.7500219978922006 	 0.0
0.7510219978922006 	 0.0
0.7520219978922006 	 0.0
0.7530219978922006 	 0.0
0.7540219978922006 	 0.0
0.7550219978922006 	 0.0
0.7560219978922006 	 0.0
0.7570219978922006 	 0.0
0.7580219978922006 	 0.0
0.7590219978922006 	 0.0
0.7600219978922006 	 0.0
0.7610219978922006 	 0.0
0.7620219978922006 	 0.0
0.7630219978922006 	 0.0
0.7640219978922006 	 0.0
0.7650219978922006 	 0.0
0.7660219978922006 	 0.0
0.7670219978922006 	 0.0
0.7680219978922006 	 0.0
0.7690219978922006 	 0.0
0.7700219978922006 	 0.0
0.7710219978922006 	 0.0
0.7720219978922006 	 0.0
0.7730219978922006 	 0.0
0.7740219978922006 	 0.0
0.7750219978922006 	 0.0
0.7760219978922006 	 0.0
0.7770219978922006 	 0.0
0.7780219978922006 	 0.0
0.7790219978922006 	 0.0
0.7800219978922006 	 0.0
0.7810219978922006 	 0.0
0.7820219978922006 	 0.0
0.7830219978922006 	 0.0
0.7840219978922006 	 0.0
0.7850219978922006 	 0.0
0.7860219978922006 	 0.0
0.7870219978922006 	 0.0
0.7880219978922006 	 0.0
0.7890219978922006 	 0.0
0.7900219978922006 	 0.0
0.7910219978922006 	 0.0
0.7920219978922006 	 0.0
0.7930219978922006 	 0.0
0.7940219978922006 	 0.0
0.7950219978922006 	 0.0
0.7960219978922006 	 0.0
0.7970219978922006 	 0.0
0.7980219978922006 	 0.0
0.7990219978922006 	 0.0
0.8000219978922006 	 0.0
0.8010219978922006 	 0.0
0.8020219978922006 	 0.0
0.8030219978922006 	 0.0
0.8040219978922006 	 0.0
0.8050219978922006 	 0.0
0.8060219978922006 	 0.0
0.8070219978922006 	 0.0
0.8080219978922006 	 0.0
0.8090219978922006 	 0.0
0.8100219978922006 	 0.0
0.8110219978922006 	 0.0
0.8120219978922006 	 0.0
0.8130219978922006 	 0.0
0.8140219978922006 	 0.0
0.8150219978922006 	 0.0
0.8160219978922006 	 0.0
0.8170219978922006 	 0.0
0.8180219978922006 	 0.0
0.8190219978922006 	 0.0
0.8200219978922006 	 0.0
0.8210219978922007 	 0.0
0.8220219978922007 	 0.0
0.8230219978922007 	 0.0
0.8240219978922007 	 0.0
0.8250219978922007 	 0.0
0.8260219978922007 	 0.0
0.8270219978922007 	 0.0
0.8280219978922007 	 0.0
0.8290219978922007 	 0.0
0.8300219978922007 	 0.0
0.8310219978922007 	 0.0
0.8320219978922007 	 0.0
0.8330219978922007 	 0.0
0.8340219978922007 	 0.0
0.8350219978922007 	 0.0
0.8360219978922007 	 0.0
0.8370219978922007 	 0.0
0.8380219978922007 	 0.0
0.8390219978922007 	 0.0
0.8400219978922007 	 0.0
0.8410219978922007 	 0.0
0.8420219978922007 	 0.0
0.8430219978922007 	 0.0
0.8440219978922007 	 0.0
0.8450219978922007 	 0.0
0.8460219978922007 	 0.0
0.8470219978922007 	 0.0
0.8480219978922007 	 0.0
0.8490219978922007 	 0.0
0.8500219978922007 	 0.0
0.8510219978922007 	 0.0
0.8520219978922007 	 0.0
0.8530219978922007 	 0.0
0.8540219978922007 	 0.0
0.8550219978922007 	 0.0
0.8560219978922007 	 0.0
0.8570219978922007 	 0.0
0.8580219978922007 	 0.0
0.8590219978922007 	 0.0
0.8600219978922007 	 0.0
0.8610219978922007 	 0.0
0.8620219978922007 	 0.0
0.8630219978922007 	 0.0
0.8640219978922007 	 0.0
0.8650219978922007 	 0.0
0.8660219978922007 	 0.0
0.8670219978922007 	 0.0
0.8680219978922007 	 0.0
0.8690219978922007 	 0.0
0.8700219978922007 	 0.0
0.8710219978922007 	 0.0
0.8720219978922007 	 0.0
0.8730219978922007 	 0.0
0.8740219978922007 	 0.0
0.8750219978922007 	 0.0
0.8760219978922007 	 0.0
0.8770219978922007 	 0.0
0.8780219978922007 	 0.0
0.8790219978922007 	 0.0
0.8800219978922007 	 0.0
0.8810219978922007 	 0.0
0.8820219978922007 	 0.0
0.8830219978922007 	 0.0
0.8840219978922007 	 0.0
0.8850219978922007 	 0.0
0.8860219978922007 	 0.0
0.8870219978922007 	 0.0
0.8880219978922007 	 0.0
0.8890219978922007 	 0.0
0.8900219978922007 	 0.0
0.8910219978922007 	 0.0
0.8920219978922007 	 0.0
0.8930219978922007 	 0.0
0.8940219978922007 	 0.0
0.8950219978922007 	 0.0
0.8960219978922007 	 0.0
0.8970219978922007 	 0.0
0.8980219978922007 	 0.0
0.8990219978922007 	 0.0
0.9000219978922007 	 0.0
0.9010219978922007 	 0.0
0.9020219978922007 	 0.0
0.9030219978922007 	 0.0
0.9040219978922007 	 0.0
0.9050219978922007 	 0.0
0.9060219978922007 	 0.0
0.9070219978922007 	 0.0
0.9080219978922007 	 0.0
0.9090219978922007 	 0.0
0.9100219978922007 	 0.0
0.9110219978922007 	 0.0
0.9120219978922007 	 0.0
0.9130219978922007 	 0.0
0.9140219978922007 	 0.0
0.9150219978922007 	 0.0
0.9160219978922007 	 0.0
0.9170219978922007 	 0.0
0.9180219978922007 	 0.0
0.9190219978922007 	 0.0
0.9200219978922007 	 0.0
0.9210219978922007 	 0.0
0.9220219978922007 	 0.0
0.9230219978922007 	 0.0
0.9240219978922007 	 0.0
0.9250219978922007 	 0.0
0.9260219978922007 	 0.0
0.9270219978922007 	 0.0
0.9280219978922007 	 0.0
0.9290219978922007 	 0.0
0.9300219978922007 	 0.0
0.9310219978922007 	 0.0
0.9320219978922007 	 0.0
0.9330219978922007 	 0.0
0.9340219978922008 	 0.0
0.9350219978922008 	 0.0
0.9360219978922008 	 0.0
0.9370219978922008 	 0.0
0.9380219978922008 	 0.0
0.9390219978922008 	 0.0
0.9400219978922008 	 0.0
0.9410219978922008 	 0.0
0.9420219978922008 	 0.0
0.9430219978922008 	 0.0
0.9440219978922008 	 0.0
0.9450219978922008 	 0.0
0.9460219978922008 	 0.0
0.9470219978922008 	 0.0
0.9480219978922008 	 0.0
0.9490219978922008 	 0.0
0.9500219978922008 	 0.0
0.9510219978922008 	 0.0
0.9520219978922008 	 0.0
0.9530219978922008 	 0.0
0.9540219978922008 	 0.0
0.9550219978922008 	 0.0
0.9560219978922008 	 0.0
0.9570219978922008 	 0.0
0.9580219978922008 	 0.0
0.9590219978922008 	 0.0
0.9600219978922008 	 0.0
0.9610219978922008 	 0.0
0.9620219978922008 	 0.0
0.9630219978922008 	 0.0
0.9640219978922008 	 0.0
0.9650219978922008 	 0.0
0.9660219978922008 	 0.0
0.9670219978922008 	 0.0
0.9680219978922008 	 0.0
0.9690219978922008 	 0.0
0.9700219978922008 	 0.0
0.9710219978922008 	 0.0
0.9720219978922008 	 0.0
0.9730219978922008 	 0.0
0.9740219978922008 	 0.0
0.9750219978922008 	 0.0
0.9760219978922008 	 0.0
0.9770219978922008 	 0.0
0.9780219978922008 	 0.0
0.9790219978922008 	 0.0
0.9800219978922008 	 0.0
0.9810219978922008 	 0.0
0.9820219978922008 	 0.0
0.9830219978922008 	 0.0
0.9840219978922008 	 0.0
0.9850219978922008 	 0.0
0.9860219978922008 	 0.0
0.9870219978922008 	 0.0
0.9880219978922008 	 0.0
0.9890219978922008 	 0.0
0.9900219978922008 	 0.0
0.9910219978922008 	 0.0
0.9920219978922008 	 0.0
0.9930219978922008 	 0.0
0.9940219978922008 	 0.0
0.9950219978922008 	 0.0
0.9960219978922008 	 0.0
0.9970219978922008 	 0.0
0.9980219978922008 	 0.0
0.9990219978922008 	 0.0
1.0000219978922007 	 0.0
1.0010219978922006 	 0.0
1.0020219978922005 	 0.0
1.0030219978922004 	 0.0
1.0040219978922003 	 0.0
1.0050219978922001 	 0.0
1.0060219978922 	 0.0
1.0070219978922 	 0.0
1.0080219978921998 	 0.0
1.0090219978921997 	 0.0
1.0100219978921996 	 0.0
1.0110219978921995 	 0.0
1.0120219978921994 	 0.0
1.0130219978921993 	 0.0
1.0140219978921992 	 0.0
1.015021997892199 	 0.0
1.016021997892199 	 0.0
1.0170219978921988 	 0.0
1.0180219978921987 	 0.0
1.0190219978921986 	 0.0
1.0200219978921985 	 0.0
1.0210219978921984 	 0.0
1.0220219978921983 	 0.0
1.0230219978921982 	 0.0
1.024021997892198 	 0.0
1.025021997892198 	 0.0
1.0260219978921978 	 0.0
1.0270219978921977 	 0.0
1.0280219978921976 	 0.0
1.0290219978921975 	 0.0
1.0300219978921974 	 0.0
1.0310219978921973 	 0.0
1.0320219978921972 	 0.0
1.033021997892197 	 0.0
1.034021997892197 	 0.0
1.0350219978921968 	 0.0
1.0360219978921967 	 0.0
1.0370219978921966 	 0.0
1.0380219978921965 	 0.0
1.0390219978921964 	 0.0
1.0400219978921963 	 0.0
1.0410219978921962 	 0.0
1.042021997892196 	 0.0
1.043021997892196 	 0.0
1.0440219978921959 	 0.0
1.0450219978921957 	 0.0
1.0460219978921956 	 0.0
1.0470219978921955 	 0.0
1.0480219978921954 	 0.0
1.0490219978921953 	 0.0
1.0500219978921952 	 0.0
1.051021997892195 	 0.0
1.052021997892195 	 0.0
1.0530219978921949 	 0.0
1.0540219978921948 	 0.0
1.0550219978921946 	 0.0
1.0560219978921945 	 0.0
1.0570219978921944 	 0.0
1.0580219978921943 	 0.0
1.0590219978921942 	 0.0
1.060021997892194 	 0.0
1.061021997892194 	 0.0
1.0620219978921939 	 0.0
1.0630219978921938 	 0.0
1.0640219978921936 	 0.0
1.0650219978921935 	 0.0
1.0660219978921934 	 0.0
1.0670219978921933 	 0.0
1.0680219978921932 	 0.0
1.069021997892193 	 0.0
1.070021997892193 	 0.0
1.0710219978921929 	 0.0
1.0720219978921928 	 0.0
1.0730219978921927 	 0.0
1.0740219978921925 	 0.0
1.0750219978921924 	 0.0
1.0760219978921923 	 0.0
1.0770219978921922 	 0.0
1.078021997892192 	 0.0
1.079021997892192 	 0.0
1.0800219978921919 	 0.0
1.0810219978921918 	 0.0
1.0820219978921917 	 0.0
1.0830219978921916 	 0.0
1.0840219978921914 	 0.0
1.0850219978921913 	 0.0
1.0860219978921912 	 0.0
1.0870219978921911 	 0.0
1.088021997892191 	 0.0
1.089021997892191 	 0.0
1.0900219978921908 	 0.0
1.0910219978921907 	 0.0
1.0920219978921906 	 0.0
1.0930219978921905 	 0.0
1.0940219978921903 	 0.0
1.0950219978921902 	 0.0
1.0960219978921901 	 0.0
1.09702199789219 	 0.0
1.09802199789219 	 0.0
1.0990219978921898 	 0.0
1.1000219978921897 	 0.0
1.1010219978921896 	 0.0
1.1020219978921895 	 0.0
1.1030219978921894 	 0.0
1.1040219978921892 	 0.0
1.1050219978921891 	 0.0
1.106021997892189 	 0.0
1.107021997892189 	 0.0
1.1080219978921888 	 0.0
1.1090219978921887 	 0.0
1.1100219978921886 	 0.0
1.1110219978921885 	 0.0
1.1120219978921884 	 0.0
1.1130219978921883 	 0.0
1.1140219978921881 	 0.0
1.115021997892188 	 0.0
1.116021997892188 	 0.0
1.1170219978921878 	 0.0
1.1180219978921877 	 0.0
1.1190219978921876 	 0.0
1.1200219978921875 	 0.0
1.1210219978921874 	 0.0
1.1220219978921873 	 0.0
1.1230219978921872 	 0.0
1.124021997892187 	 0.0
1.125021997892187 	 0.0
1.1260219978921868 	 0.0
1.1270219978921867 	 0.0
1.1280219978921866 	 0.0
1.1290219978921865 	 0.0
1.1300219978921864 	 0.0
1.1310219978921863 	 0.0
1.1320219978921862 	 0.0
1.133021997892186 	 0.0
1.134021997892186 	 0.0
1.1350219978921858 	 0.0
1.1360219978921857 	 0.0
1.1370219978921856 	 0.0
1.1380219978921855 	 0.0
1.1390219978921854 	 0.0
1.1400219978921853 	 0.0
1.1410219978921852 	 0.0
1.142021997892185 	 0.0
1.143021997892185 	 0.0
1.1440219978921848 	 0.0
1.1450219978921847 	 0.0
1.1460219978921846 	 0.0
1.1470219978921845 	 0.0
1.1480219978921844 	 0.0
1.1490219978921843 	 0.0
1.1500219978921842 	 0.0
1.151021997892184 	 0.0
1.152021997892184 	 0.0
1.1530219978921838 	 0.0
1.1540219978921837 	 0.0
1.1550219978921836 	 0.0
1.1560219978921835 	 0.0
1.1570219978921834 	 0.0
1.1580219978921833 	 0.0
1.1590219978921832 	 0.0
1.160021997892183 	 0.0
1.161021997892183 	 0.0
1.1620219978921829 	 0.0
1.1630219978921827 	 0.0
1.1640219978921826 	 0.0
1.1650219978921825 	 0.0
1.1660219978921824 	 0.0
1.1670219978921823 	 0.0
1.1680219978921822 	 0.0
1.169021997892182 	 0.0
1.170021997892182 	 0.0
1.1710219978921819 	 0.0
1.1720219978921818 	 0.0
1.1730219978921816 	 0.0
1.1740219978921815 	 0.0
1.1750219978921814 	 0.0
1.1760219978921813 	 0.0
1.1770219978921812 	 0.0
1.178021997892181 	 0.0
1.179021997892181 	 0.0
1.1800219978921809 	 0.0
1.1810219978921808 	 0.0
1.1820219978921807 	 0.0
1.1830219978921805 	 0.0
1.1840219978921804 	 0.0
1.1850219978921803 	 0.0
1.1860219978921802 	 0.0
1.18702199789218 	 0.0
1.18802199789218 	 0.0
1.1890219978921799 	 0.0
1.1900219978921798 	 0.0
1.1910219978921797 	 0.0
1.1920219978921796 	 0.0
1.1930219978921794 	 0.0
1.1940219978921793 	 0.0
1.1950219978921792 	 0.0
1.1960219978921791 	 0.0
1.197021997892179 	 0.0
1.198021997892179 	 0.0
1.1990219978921788 	 0.0
1.2000219978921787 	 0.0
1.2010219978921786 	 0.0
1.2020219978921785 	 0.0
1.2030219978921783 	 0.0
1.2040219978921782 	 0.0
1.2050219978921781 	 0.0
1.206021997892178 	 0.0
1.207021997892178 	 0.0
1.2080219978921778 	 0.0
1.2090219978921777 	 0.0
1.2100219978921776 	 0.0
1.2110219978921775 	 0.0
1.2120219978921773 	 0.0
1.2130219978921772 	 0.0
1.2140219978921771 	 0.0
1.215021997892177 	 0.0
1.216021997892177 	 0.0
1.2170219978921768 	 0.0
1.2180219978921767 	 0.0
1.2190219978921766 	 0.0
1.2200219978921765 	 0.0
1.2210219978921764 	 0.0
1.2220219978921762 	 0.0
1.2230219978921761 	 0.0
1.224021997892176 	 0.0
1.225021997892176 	 0.0
1.2260219978921758 	 0.0
1.2270219978921757 	 0.0
1.2280219978921756 	 0.0
1.2290219978921755 	 0.0
1.2300219978921754 	 0.0
1.2310219978921753 	 0.0
1.2320219978921751 	 0.0
1.233021997892175 	 0.0
1.234021997892175 	 0.0
1.2350219978921748 	 0.0
1.2360219978921747 	 0.0
1.2370219978921746 	 0.0
1.2380219978921745 	 0.0
1.2390219978921744 	 0.0
1.2400219978921743 	 0.0
1.2410219978921742 	 0.0
1.242021997892174 	 0.0
1.243021997892174 	 0.0
1.2440219978921738 	 0.0
1.2450219978921737 	 0.0
1.2460219978921736 	 0.0
1.2470219978921735 	 0.0
1.2480219978921734 	 0.0
1.2490219978921733 	 0.0
1.2500219978921732 	 0.0
1.251021997892173 	 0.0
1.252021997892173 	 0.0
1.2530219978921728 	 0.0
1.2540219978921727 	 0.0
1.2550219978921726 	 0.0
1.2560219978921725 	 0.0
1.2570219978921724 	 0.0
1.2580219978921723 	 0.0
1.2590219978921722 	 0.0
1.260021997892172 	 0.0
1.261021997892172 	 0.0
1.2620219978921718 	 0.0
1.2630219978921717 	 0.0
1.2640219978921716 	 0.0
1.2650219978921715 	 0.0
1.2660219978921714 	 0.0
1.2670219978921713 	 0.0
1.2680219978921712 	 0.0
1.269021997892171 	 0.0
1.270021997892171 	 0.0
1.2710219978921709 	 0.0
1.2720219978921707 	 0.0
1.2730219978921706 	 0.0
1.2740219978921705 	 0.0
1.2750219978921704 	 0.0
1.2760219978921703 	 0.0
1.2770219978921702 	 0.0
1.27802199789217 	 0.0
1.27902199789217 	 0.0
1.2800219978921699 	 0.0
1.2810219978921698 	 0.0
1.2820219978921696 	 0.0
1.2830219978921695 	 0.0
1.2840219978921694 	 0.0
1.2850219978921693 	 0.0
1.2860219978921692 	 0.0
1.287021997892169 	 0.0
1.288021997892169 	 0.0
1.2890219978921689 	 0.0
1.2900219978921688 	 0.0
1.2910219978921686 	 0.0
1.2920219978921685 	 0.0
1.2930219978921684 	 0.0
1.2940219978921683 	 0.0
1.2950219978921682 	 0.0
1.296021997892168 	 0.0
1.297021997892168 	 0.0
1.2980219978921679 	 0.0
1.2990219978921678 	 0.0
1.3000219978921677 	 0.0
1.3010219978921675 	 0.0
1.3020219978921674 	 0.0
1.3030219978921673 	 0.0
1.3040219978921672 	 0.0
1.305021997892167 	 0.0
1.306021997892167 	 0.0
1.3070219978921669 	 0.0
1.3080219978921668 	 0.0
1.3090219978921667 	 0.0
1.3100219978921666 	 0.0
1.3110219978921664 	 0.0
1.3120219978921663 	 0.0
1.3130219978921662 	 0.0
1.3140219978921661 	 0.0
1.315021997892166 	 0.0
1.316021997892166 	 0.0
1.3170219978921658 	 0.0
1.3180219978921657 	 0.0
1.3190219978921656 	 0.0
1.3200219978921655 	 0.0
1.3210219978921653 	 0.0
1.3220219978921652 	 0.0
1.3230219978921651 	 0.0
1.324021997892165 	 0.0
1.325021997892165 	 0.0
1.3260219978921648 	 0.0
1.3270219978921647 	 0.0
1.3280219978921646 	 0.0
1.3290219978921645 	 0.0
1.3300219978921644 	 0.0
1.3310219978921642 	 2.943042488323113e-06
1.3320219978921641 	 1.5194246710579404e-05
1.333021997892164 	 3.299980032069887e-05
1.334021997892164 	 5.5304973563730146e-05
1.3350219978921638 	 8.163697344120114e-05
1.3360219978921637 	 0.0001117335524120442
1.3370219978921636 	 0.00014543772373667605
1.3380219978921635 	 0.0001826542446663569
1.3390219978921634 	 0.00022332790881346033
1.3400219978921633 	 0.0002674313649531891
1.3410219978921631 	 0.0003149576989935234
1.342021997892163 	 0.00036591561220470096
1.343021997892163 	 0.0004203260822029436
1.3440219978921628 	 0.00047822008860992974
1.3450219978921627 	 0.0005396369536199549
1.3460219978921626 	 0.0006046230918779695
1.3470219978921625 	 0.0006732310539488957
1.3480219978921624 	 0.0007455187826301605
1.3490219978921623 	 0.0008215490219678973
1.3500219978921622 	 0.0009013888395505614
1.351021997892162 	 0.0009851092331866545
1.352021997892162 	 0.001072784723167851
1.3530219978921618 	 0.0011644928141170444
1.3540219978921617 	 0.0012603138851594313
1.3550219978921616 	 0.0013603310216957906
1.3560219978921615 	 0.0014646298112412858
1.3570219978921614 	 0.0015732981528347838
1.3580219978921613 	 0.0016864260905710535
1.3590219978921612 	 0.001804105655744326
1.360021997892161 	 0.0019264307153304893
1.361021997892161 	 0.0020534968235018736
1.3620219978921608 	 0.0021854009108393255
1.3630219978921607 	 0.002322240643026414
1.3640219978921606 	 0.002464114603523814
1.3650219978921605 	 0.002611122261300851
1.3660219978921604 	 0.002763363809794533
1.3670219978921603 	 0.0029209399929511636
1.3680219978921602 	 0.0030839519623611224
1.36902199789216 	 0.003252501125914182
1.37002199789216 	 0.0034266889903446915
1.3710219978921598 	 0.003606616994943971
1.3720219978921597 	 0.003792386100723225
1.3730219978921596 	 0.003984095949529201
1.3740219978921595 	 0.004181845197713169
1.3750219978921594 	 0.004385731515190058
1.3760219978921593 	 0.004595851396290649
1.3770219978921592 	 0.004812299948395924
1.378021997892159 	 0.005035170741836826
1.379021997892159 	 0.0052645556445247745
1.3800219978921588 	 0.005500544651117568
1.3810219978921587 	 0.005743225705099022
1.3820219978921586 	 0.005992684307186462
1.3830219978921585 	 0.0062490027588451465
1.3840219978921584 	 0.006512260471390758
1.3850219978921583 	 0.006782533926841974
1.3860219978921582 	 0.0070598965533664425
1.387021997892158 	 0.007344418531896787
1.388021997892158 	 0.007636166634192426
1.3890219978921579 	 0.007935204052546009
1.3900219978921577 	 0.008241590226603547
1.3910219978921576 	 0.008555380677581832
1.3920219978921575 	 0.008876626848551618
1.3930219978921574 	 0.009205375836529943
1.3940219978921573 	 0.009541670190392215
1.3950219978921572 	 0.009885547682118643
1.396021997892157 	 0.01023704106329976
1.397021997892157 	 0.010596177834138973
1.3980219978921569 	 0.01096297986853464
1.3990219978921568 	 0.011337463033881787
1.4000219978921566 	 0.011719636788044248
1.4010219978921565 	 0.012109503747620749
1.4020219978921564 	 0.012507059605146184
1.4030219978921563 	 0.012912293616590267
1.4040219978921562 	 0.013325187135375494
1.405021997892156 	 0.013745712705827882
1.406021997892156 	 0.014173833417534974
1.4070219978921559 	 0.014609502248085058
1.4080219978921558 	 0.015052661335063397
1.4090219978921557 	 0.015503241250852742
1.4100219978921555 	 0.015961160285527326
1.4110219978921554 	 0.01642632372513873
1.4120219978921553 	 0.016898624049676382
1.4130219978921552 	 0.017377942710444204
1.414021997892155 	 0.01786414753453573
1.415021997892155 	 0.01835709154872088
1.4160219978921549 	 0.018856612582435504
1.4170219978921548 	 0.019362532961327904
1.4180219978921547 	 0.019874659356065836
1.4190219978921546 	 0.020392782739476104
1.4200219978921544 	 0.020916678464607773
1.4210219978921543 	 0.021446106442638425
1.4220219978921542 	 0.021980812683396595
1.4230219978921541 	 0.022520533559012554
1.424021997892154 	 0.023064993141410035
1.425021997892154 	 0.02361390283406855
1.4260219978921538 	 0.024166962130856572
1.4270219978921537 	 0.024723859413576344
1.4280219978921536 	 0.02528427296273895
1.4290219978921535 	 0.02584787197643307
1.4300219978921533 	 0.02641431761302037
1.4310219978921532 	 0.026983264023672654
1.4320219978921531 	 0.027554360926479327
1.433021997892153 	 0.02812725906581075
1.434021997892153 	 0.028701607558467585
1.4350219978921528 	 0.02927705346722894
1.4360219978921527 	 0.029853242826098005
1.4370219978921526 	 0.030429821503306434
1.4380219978921525 	 0.031006436270436782
1.4390219978921523 	 0.0315827357416652
1.4400219978921522 	 0.03215837123680015
1.4410219978921521 	 0.032732997545996206
1.442021997892152 	 0.03330627511253255
1.443021997892152 	 0.03387787535077216
1.4440219978921518 	 0.034447477177265075
1.4450219978921517 	 0.03501476628490269
1.4460219978921516 	 0.03557943564524402
1.4470219978921515 	 0.03614118585381975
1.4480219978921514 	 0.036699725743556684
1.4490219978921512 	 0.037254772859989044
1.4500219978921511 	 0.037806053836835406
1.451021997892151 	 0.03835330467889325
1.452021997892151 	 0.03889627225865332
1.4530219978921508 	 0.03943471862239089
1.4540219978921507 	 0.03996841754637593
1.4550219978921506 	 0.040497153548282726
1.4560219978921505 	 0.04102072195842106
1.4570219978921504 	 0.04153892883632494
1.4580219978921503 	 0.042051591262381054
1.4590219978921501 	 0.04255853746134001
1.46002199789215 	 0.043059606844890096
1.46102199789215 	 0.04355464995451371
1.4620219978921498 	 0.044043529358031616
1.4630219978921497 	 0.04452612279274416
1.4640219978921496 	 0.04500232016571221
1.4650219978921495 	 0.04547202253191628
1.4660219978921494 	 0.04593514185266528
1.4670219978921493 	 0.046391600518137024
1.4680219978921492 	 0.04684133153592241
1.469021997892149 	 0.047284278462249536
1.470021997892149 	 0.04772039521609296
1.4710219978921488 	 0.04814964584444475
1.4720219978921487 	 0.048572005023415916
1.4730219978921486 	 0.04898746017212628
1.4740219978921485 	 0.04939600896391558
1.4750219978921484 	 0.04979765836449768
1.4760219978921483 	 0.05019242422881831
1.4770219978921482 	 0.05058033065274878
1.478021997892148 	 0.05096141007275795
1.479021997892148 	 0.051335703209926274
1.4800219978921478 	 0.05170325832788298
1.4810219978921477 	 0.0520641315504833
1.4820219978921476 	 0.05241838659472039
1.4830219978921475 	 0.05276609656260447
1.4840219978921474 	 0.05310734184055079
1.4850219978921473 	 0.053442209225270584
1.4860219978921472 	 0.05377079149375474
1.487021997892147 	 0.054093186755153316
1.488021997892147 	 0.05440949851384258
1.4890219978921468 	 0.05471983548609665
1.4900219978921467 	 0.05502431131064217
1.4910219978921466 	 0.055323044216765094
1.4920219978921465 	 0.055616157256483445
1.4930219978921464 	 0.05590377992652066
1.4940219978921463 	 0.05618604610136573
1.4950219978921462 	 0.056463093206313736
1.496021997892146 	 0.05673506184856771
1.497021997892146 	 0.057002095263685125
1.4980219978921459 	 0.057264339394282986
1.4990219978921457 	 0.05752194275467529
1.5000219978921456 	 0.05777505620647451
1.5010219978921455 	 0.058023832684757186
1.5020219978921454 	 0.058268427605318224
1.5030219978921453 	 0.05850900094672465
1.5040219978921452 	 0.058745714808875034
1.505021997892145 	 0.058978732828218035
1.506021997892145 	 0.059208219527340074
1.5070219978921449 	 0.059434340271742575
1.5080219978921447 	 0.05965726120975393
1.5090219978921446 	 0.0598771491715131
1.5100219978921445 	 0.06009417153572791
1.5110219978921444 	 0.060308496066969544
1.5120219978921443 	 0.06052029173435194
1.5130219978921442 	 0.0607297314619327
1.514021997892144 	 0.06093698909431472
1.515021997892144 	 0.06114223840045147
1.5160219978921439 	 0.06134565298131141
1.5170219978921438 	 0.0615474061828408
1.5180219978921436 	 0.061747671027181705
1.5190219978921435 	 0.061946620148214664
1.5200219978921434 	 0.06214442573326676
1.5210219978921433 	 0.06234125920640759
1.5220219978921432 	 0.06253729237060379
1.523021997892143 	 0.06273270225050824
1.524021997892143 	 0.06292766640132033
1.5250219978921429 	 0.06312236149743115
1.5260219978921428 	 0.06331693558552463
1.5270219978921427 	 0.0635115455382291
1.5280219978921425 	 0.06370636510682778
1.5290219978921424 	 0.06390156725127413
1.5300219978921423 	 0.06409732332757186
1.5310219978921422 	 0.06429380444056962
1.532021997892142 	 0.06449118354235031
1.533021997892142 	 0.06468963912770954
1.5340219978921419 	 0.06488935034394928
1.5350219978921418 	 0.06509049550229454
1.5360219978921417 	 0.0652932523825984
1.5370219978921416 	 0.06549779878607077
1.5380219978921414 	 0.06570431203436482
1.5390219978921413 	 0.06591296882055803
1.5400219978921412 	 0.06612394528127975
1.5410219978921411 	 0.06633741735355225
1.542021997892141 	 0.06655356356351233
1.543021997892141 	 0.06677256953992002
1.5440219978921408 	 0.0669946222296684
1.5450219978921407 	 0.06721990829438813
1.5460219978921406 	 0.06744861459355922
1.5470219978921405 	 0.06768092932157899
1.5480219978921403 	 0.06791704103716191
1.5490219978921402 	 0.06815713846432893
1.5500219978921401 	 0.06840141063282511
1.55102199789214 	 0.06865004750528153
1.55202199789214 	 0.06890324347093169
1.5530219978921398 	 0.06916120167083523
1.5540219978921397 	 0.06942412787393898
1.5550219978921396 	 0.06969222882544016
1.5560219978921395 	 0.06996571307063079
1.5570219978921394 	 0.07024479274868418
1.5580219978921392 	 0.07052968214547793
1.5590219978921391 	 0.0708205973523445
1.560021997892139 	 0.07111775653817028
1.561021997892139 	 0.07142138086098698
1.5620219978921388 	 0.07173169851487464
1.5630219978921387 	 0.07204894791423566
1.5640219978921386 	 0.07237337195222819
1.5650219978921385 	 0.07270521652101249
1.5660219978921384 	 0.07304473148522755
1.5670219978921383 	 0.07339217289330452
1.5680219978921381 	 0.07374706848139542
1.569021997892138 	 0.07410906750424791
1.570021997892138 	 0.07447896918866449
1.5710219978921378 	 0.07485717590764984
1.5720219978921377 	 0.07524402358349502
1.5730219978921376 	 0.07563982292147652
1.5740219978921375 	 0.07604486618002203
1.5750219978921374 	 0.07645942820118892
1.5760219978921373 	 0.07688376552270444
1.5770219978921372 	 0.07731811436604061
1.578021997892137 	 0.07776268007147255
1.579021997892137 	 0.078217626021369
1.5800219978921368 	 0.07868306043493628
1.5810219978921367 	 0.0791590213774824
1.5820219978921366 	 0.07964546106699201
1.5830219978921365 	 0.08014222206806086
1.5840219978921364 	 0.08064901511831347
1.5850219978921363 	 0.08116540059098137
1.5860219978921362 	 0.08169077846388716
1.587021997892136 	 0.08222439347587174
1.588021997892136 	 0.08276535401793268
1.5890219978921358 	 0.08331268042638924
1.5900219978921357 	 0.08386538481253429
1.5910219978921356 	 0.08442258089293277
1.5920219978921355 	 0.08498361175844214
1.5930219978921354 	 0.0855481665203465
1.5940219978921353 	 0.08611637967382166
1.5950219978921352 	 0.08668887497591056
1.596021997892135 	 0.08726674018532593
1.597021997892135 	 0.08785143690297917
1.5980219978921348 	 0.08844465662878837
1.5990219978921347 	 0.0890481603668512
1.6000219978921346 	 0.08966363156813933
1.6010219978921345 	 0.0902925642438631
1.6020219978921344 	 0.09093619373676784
1.6030219978921343 	 0.09159545890495796
1.6040219978921342 	 0.09227102081159305
1.605021997892134 	 0.09296329630242822
1.606021997892134 	 0.09367249979593918
1.6070219978921338 	 0.09439868779070866
1.6080219978921337 	 0.09514179672617845
1.6090219978921336 	 0.09590167599839781
1.6100219978921335 	 0.09667811359021557
1.6110219978921334 	 0.09747085591840815
1.6120219978921333 	 0.09827961633652246
1.6130219978921332 	 0.09910406694737249
1.614021997892133 	 0.09994385965959648
1.615021997892133 	 0.10079863325514561
1.6160219978921329 	 0.10166801357050298
1.6170219978921327 	 0.10255161113312027
1.6180219978921326 	 0.10344902062054888
1.6190219978921325 	 0.10435981751282217
1.6200219978921324 	 0.10528355504305618
1.6210219978921323 	 0.1062197605350966
1.6220219978921322 	 0.10716792301299466
1.623021997892132 	 0.10812747171719468
1.624021997892132 	 0.10909779331043545
1.6250219978921319 	 0.11007823507836
1.6260219978921318 	 0.11106810048673965
1.6270219978921316 	 0.11206664339432283
1.6280219978921315 	 0.11307306808437141
1.6290219978921314 	 0.11408652738395784
1.6300219978921313 	 0.11510612028919896
1.6310219978921312 	 0.11613088792745636
1.632021997892131 	 0.11715979994190057
1.633021997892131 	 0.11819173577306821
1.6340219978921309 	 0.11922550558260397
1.6350219978921308 	 0.12025985515112235
1.6360219978921307 	 0.1212934631827744
1.6370219978921305 	 0.12232493526524607
1.6380219978921304 	 0.12335280890068978
1.6390219978921303 	 0.12437555562016034
1.6400219978921302 	 0.12539158142562018
1.64102199789213 	 0.12639922611856125
1.64202199789213 	 0.1273967524738347
1.6430219978921299 	 0.1283823376333626
1.6440219978921298 	 0.12935409560648112
1.6450219978921297 	 0.13031008641831646
1.6460219978921296 	 0.13124831855928368
1.6470219978921294 	 0.13216674746173496
1.6480219978921293 	 0.13306328848898236
1.6490219978921292 	 0.13393582577645308
1.650021997892129 	 0.1347822198121425
1.651021997892129 	 0.13560031381763427
1.652021997892129 	 0.13638793240933889
1.6530219978921288 	 0.13714288814647654
1.6540219978921287 	 0.1378630044104364
1.6550219978921286 	 0.13854613016176096
1.6560219978921285 	 0.13919014937454888
1.6570219978921283 	 0.13979298695032372
1.6580219978921282 	 0.14035262777901478
1.6590219978921281 	 0.14086713108390642
1.660021997892128 	 0.1413346433843721
1.661021997892128 	 0.14175340942829442
1.6620219978921278 	 0.14212177717756047
1.6630219978921277 	 0.14243821592323455
1.6640219978921276 	 0.14270132949536332
1.6650219978921275 	 0.14290986772851624
1.6660219978921273 	 0.14306273460249497
1.6670219978921272 	 0.14315899254345227
1.6680219978921271 	 0.1431978744774818
1.669021997892127 	 0.14317879145981668
1.670021997892127 	 0.14310133752220316
1.6710219978921268 	 0.14296529187702012
1.6720219978921267 	 0.14277061987203196
1.6730219978921266 	 0.14251748306335407
1.6740219978921265 	 0.14220623232563012
1.6750219978921264 	 0.14183740298920977
1.6760219978921262 	 0.14141170976615922
1.6770219978921261 	 0.14093003894222442
1.678021997892126 	 0.14039344339975213
1.679021997892126 	 0.13980313493583107
1.6800219978921258 	 0.139160474707653
1.6810219978921257 	 0.13846696255100685
1.6820219978921256 	 0.13772422886612004
1.6830219978921255 	 0.13693403512563415
1.6840219978921254 	 0.13609824956948896
1.6850219978921253 	 0.13521883061279724
1.6860219978921251 	 0.13429781373519614
1.687021997892125 	 0.13333729832833122
1.688021997892125 	 0.13233943459012923
1.6890219978921248 	 0.13130641065792847
1.6900219978921247 	 0.1302404400946571
1.6910219978921246 	 0.12914375011672002
1.6920219978921245 	 0.12801857570568942
1.6930219978921244 	 0.12686716108828314
1.6940219978921243 	 0.12569173523523974
1.6950219978921242 	 0.12449449813715305
1.696021997892124 	 0.12327761262446571
1.697021997892124 	 0.12204319784071742
1.6980219978921238 	 0.12079332079954327
1.6990219978921237 	 0.11952998976220021
1.7000219978921236 	 0.11825514886562019
1.7010219978921235 	 0.11697067416954228
1.7020219978921234 	 0.11567837605769692
1.7030219978921233 	 0.1143800066469191
1.7040219978921232 	 0.11307724366270784
1.705021997892123 	 0.11177168472621475
1.706021997892123 	 0.11046484724380015
1.7070219978921228 	 0.1091581685088362
1.7080219978921227 	 0.10785300547758407
1.7090219978921226 	 0.10655063344556719
1.7100219978921225 	 0.1052522471838068
1.7110219978921224 	 0.10395896289475161
1.7120219978921223 	 0.10267182536388153
1.7130219978921222 	 0.10139181771102555
1.714021997892122 	 0.1001198520585257
1.715021997892122 	 0.09885676855291617
1.7160219978921218 	 0.09760333849398863
1.7170219978921217 	 0.096360268760465
1.7180219978921216 	 0.09512820246481409
1.7190219978921215 	 0.09390772108624741
1.7200219978921214 	 0.09269934725529032
1.7210219978921213 	 0.09150354806123605
1.7220219978921212 	 0.09032074284892823
1.723021997892121 	 0.08915131058675319
1.724021997892121 	 0.08799558469105949
1.7250219978921209 	 0.08685385320683785
1.7260219978921207 	 0.08572636204571048
1.7270219978921206 	 0.08461331914913817
1.7280219978921205 	 0.08351489530400527
1.7290219978921204 	 0.08243122598577358
1.7300219978921203 	 0.08136241381544948
1.7310219978921202 	 0.08030853126257025
1.73202199789212 	 0.07926962603846308
1.73302199789212 	 0.07824572653697455
1.7340219978921199 	 0.07723683804594175
1.7350219978921197 	 0.07624294303305862
1.7360219978921196 	 0.07526400338536811
1.7370219978921195 	 0.07400833133619512
1.7380219978921194 	 0.07249360104373
1.7390219978921193 	 0.07101348353774496
1.7400219978921192 	 0.06956732355900509
1.741021997892119 	 0.06815445964483617
1.742021997892119 	 0.06677422625091738
1.7430219978921189 	 0.06542595567787747
1.7440219978921188 	 0.0641089798154995
1.7450219978921186 	 0.06282263171686203
1.7460219978921185 	 0.061566247014236034
1.7470219978921184 	 0.06033916518802378
1.7480219978921183 	 0.059140730699484015
1.7490219978921182 	 0.05797029399743757
1.750021997892118 	 0.05682721240859614
1.751021997892118 	 0.05571085092061527
1.7520219978921179 	 0.054620582866439074
1.7530219978921178 	 0.05355579051797822
1.7540219978921177 	 0.05251586559666521
1.7550219978921175 	 0.05150020970793414
1.7560219978921174 	 0.050508234706209645
1.7570219978921173 	 0.04953936299654143
1.7580219978921172 	 0.048593027778585936
1.759021997892117 	 0.04766867323824097
1.760021997892117 	 0.04676575469184425
1.7610219978921169 	 0.04588373868749085
1.7620219978921168 	 0.04502210306767378
1.7630219978921167 	 0.04418033699713776
1.7640219978921166 	 0.04335794095952506
1.7650219978921164 	 0.042554426726113856
1.7660219978921163 	 0.04176931729968455
1.7670219978921162 	 0.04100214683629611
1.7680219978921161 	 0.04025246054753103
1.769021997892116 	 0.039519814585546806
1.770021997892116 	 0.03880377591307622
1.7710219978921158 	 0.03810392216032912
1.7720219978921157 	 0.0374198414705818
1.7730219978921156 	 0.036751132336075715
1.7740219978921155 	 0.03609740342570375
1.7750219978921153 	 0.03545827340582536
1.7760219978921152 	 0.03483337075542602
1.7770219978921151 	 0.03422233357672059
1.778021997892115 	 0.03362480940219597
1.779021997892115 	 0.03304045499898712
1.7800219978921148 	 0.032468936171393535
1.7810219978921147 	 0.031909927562259306
1.7820219978921146 	 0.03136311245386462
1.7830219978921145 	 0.030828182568905915
1.7840219978921144 	 0.030304837872081155
1.7850219978921142 	 0.029792786372735396
1.7860219978921141 	 0.029291743928971235
1.787021997892114 	 0.02880143405357977
1.788021997892114 	 0.02832158772210155
1.7890219978921138 	 0.02785194318329142
1.7900219978921137 	 0.02739224577221896
1.7910219978921136 	 0.026942247726208284
1.7920219978921135 	 0.026501708003787438
1.7930219978921134 	 0.02607039210679163
1.7940219978921133 	 0.025648071905740467
1.7950219978921131 	 0.025234525468586167
1.796021997892113 	 0.02482953689290985
1.797021997892113 	 0.024432896141625762
1.7980219978921128 	 0.024044398882235956
1.7990219978921127 	 0.023663846329664336
1.8000219978921126 	 0.023291045092685477
1.8010219978921125 	 0.022925807023952437
1.8020219978921124 	 0.02256794907361677
1.8030219978921123 	 0.02221729314652619
1.8040219978921122 	 0.021873665962975467
1.805021997892112 	 0.02153689892298053
1.806021997892112 	 0.02120682797403903
1.8070219978921118 	 0.020883293482334715
1.8080219978921117 	 0.020566140107339124
1.8090219978921116 	 0.020255216679759703
1.8100219978921115 	 0.01995037608277947
1.8110219978921114 	 0.019651475136531642
1.8120219978921113 	 0.019358374485749244
1.8130219978921112 	 0.01907093849052789
1.814021997892111 	 0.018789035120138964
1.815021997892111 	 0.018512535849828263
1.8160219978921108 	 0.018241315560535563
1.8170219978921107 	 0.017975252441468
1.8180219978921106 	 0.017714227895462235
1.8190219978921105 	 0.017458126447068015
1.8200219978921104 	 0.017206835653287445
1.8210219978921103 	 0.016960246016903175
1.8220219978921102 	 0.01671825090233057
1.82302199789211 	 0.016480746453928018
1.82402199789211 	 0.016247631516701295
1.8250219978921098 	 0.016018807559338176
1.8260219978921097 	 0.015794178599510336
1.8270219978921096 	 0.015573651131380643
1.8280219978921095 	 0.015357134055255064
1.8290219978921094 	 0.0151445386093193
1.8300219978921093 	 0.014935778303401133
1.8310219978921092 	 0.014730768854701598
1.832021997892109 	 0.014529428125437603
1.833021997892109 	 0.01433167606234187
1.8340219978921088 	 0.014137434637965378
1.8350219978921087 	 0.013946627793730026
1.8360219978921086 	 0.013759181384679978
1.8370219978921085 	 0.013575023125881379
1.8380219978921084 	 0.01339408254042156
1.8390219978921083 	 0.013216290908959656
1.8400219978921082 	 0.013041581220782781
1.841021997892108 	 0.012869888126321765
1.842021997892108 	 0.012701147891082773
1.8430219978921079 	 0.012535298350951922
1.8440219978921077 	 0.012372278868830912
1.8450219978921076 	 0.012212030292563522
1.8460219978921075 	 0.012054494914113414
1.8470219978921074 	 0.011899616429954551
1.8480219978921073 	 0.011747339902637988
1.8490219978921072 	 0.011597611723498031
1.850021997892107 	 0.011450379576463192
1.851021997892107 	 0.011305592402937924
1.8520219978921069 	 0.011163200367721915
1.8530219978921068 	 0.011023154825935319
1.8540219978921066 	 0.01088540829091837
1.8550219978921065 	 0.010749914403075824
1.8560219978921064 	 0.01061662789963667
1.8570219978921063 	 0.010485504585300981
1.8580219978921062 	 0.010356501303746327
1.859021997892106 	 0.010229575909967526
1.860021997892106 	 0.010104687243423493
1.8610219978921059 	 0.00998179510196669
1.8620219978921058 	 0.009860860216530631
1.8630219978921057 	 0.009741844226552323
1.8640219978921055 	 0.009624709656106773
1.8650219978921054 	 0.009509419890731606
1.8660219978921053 	 0.009395939154920666
1.8670219978921052 	 0.009284232490265634
1.868021997892105 	 0.009174265734226278
1.869021997892105 	 0.00906600549950938
1.8700219978921049 	 0.008959419154038107
1.8710219978921048 	 0.008854474801493291
1.8720219978921047 	 0.008751141262409596
1.8730219978921046 	 0.008649388055809067
1.8740219978921044 	 0.00854918538135588
1.8750219978921043 	 0.008450504102016289
1.8760219978921042 	 0.008353315727208495
1.877021997892104 	 0.008257592396427278
1.878021997892104 	 0.008163306863329025
1.879021997892104 	 0.008070432480263437
1.8800219978921038 	 0.007978943183237764
1.8810219978921037 	 0.007888813477301184
1.8820219978921036 	 0.007800018422336005
1.8830219978921034 	 0.007712533619243759
1.8840219978921033 	 0.007626335196514229
1.8850219978921032 	 0.007541399797165759
1.8860219978921031 	 0.007457704566045896
1.887021997892103 	 0.007375227137481223
1.888021997892103 	 0.007293945623266501
1.8890219978921028 	 0.007213838600982233
1.8900219978921027 	 0.007134885102631625
1.8910219978921026 	 0.0070570646035868
1.8920219978921025 	 0.006980357011835507
1.8930219978921023 	 0.006904742657519218
1.8940219978921022 	 0.006830202282754003
1.8950219978921021 	 0.006756717031725908
1.896021997892102 	 0.006684268441052699
1.897021997892102 	 0.006612838430404126
1.8980219978921018 	 0.006542409293373139
1.8990219978921017 	 0.0064729636885907755
1.9000219978921016 	 0.006404484631077424
1.9010219978921015 	 0.006336955483823773
1.9020219978921014 	 0.006270359949594589
1.9030219978921012 	 0.006204682062949072
1.9040219978921011 	 0.00613990618247122
1.905021997892101 	 0.0060760169832043435
1.906021997892101 	 0.006012999449283915
1.9070219978921008 	 0.005950838866762703
1.9080219978921007 	 0.005889520816623074
1.9090219978921006 	 0.005829031167970842
1.9100219978921005 	 0.0057693560714055184
1.9110219978921004 	 0.00571048195256207
1.9120219978921003 	 0.005652395505819078
1.9130219978921001 	 0.005595083688168817
1.9140219978921 	 0.00553853371324444
1.9150219978921 	 0.005482733045500051
1.9160219978920998 	 0.005427669394539185
1.9170219978920997 	 0.005373330709587542
1.9180219978920996 	 0.005319705174106136
1.9190219978920995 	 0.005266781200540581
1.9200219978920994 	 0.005214547425202975
1.9210219978920993 	 0.005162992703282664
1.9220219978920992 	 0.005112106103982156
1.923021997892099 	 0.005061876905774923
1.924021997892099 	 0.005012294591781489
1.9250219978920988 	 0.004963348845260777
1.9260219978920987 	 0.004915029545213344
1.9270219978920986 	 0.004867326762093591
1.9280219978920985 	 0.004820230753627844
1.9290219978920984 	 0.0047737319607354545
1.9300219978920983 	 0.0047278210035501915
1.9310219978920982 	 0.004682488677539018
1.932021997892098 	 0.004637725949715832
1.933021997892098 	 0.004593523954947397
1.9340219978920978 	 0.004549873992349132
1.9350219978920977 	 0.0045067675217682545
1.9360219978920976 	 0.004464196160351934
1.9370219978920975 	 0.004422151679198263
1.9380219978920974 	 0.00438062600008768
1.9390219978920973 	 0.004339611192292854
1.9400219978920972 	 0.004299099469464896
1.941021997892097 	 0.0042590831865937815
1.942021997892097 	 0.004219554837041153
1.9430219978920968 	 0.004180507049643521
1.9440219978920967 	 0.004141932585884036
1.9450219978920966 	 0.004103824337130987
1.9460219978920965 	 0.004066175321941334
1.9470219978920964 	 0.004028978683427569
1.9480219978920963 	 0.003992227686686202
1.9490219978920962 	 0.003955915716286318
1.950021997892096 	 0.003920036273816636
1.951021997892096 	 0.0038845829754895647
1.9520219978920959 	 0.0038495495498007772
1.9530219978920957 	 0.003814929835242809
1.9540219978920956 	 0.003780717778071457
1.9550219978920955 	 0.0037469074301234423
1.9560219978920954 	 0.0037134929466841574
1.9570219978920953 	 0.0036804685844041354
1.9580219978920952 	 0.003647828699263084
1.959021997892095 	 0.0036155677445801793
1.960021997892095 	 0.00358368026906954
1.9610219978920949 	 0.003552160914939726
1.9620219978920947 	 0.0035210044160360688
1.9630219978920946 	 0.003490205596024865
1.9640219978920945 	 0.0034597593666183426
1.9650219978920944 	 0.0034296607258393697
1.9660219978920943 	 0.0033999047563248916
1.9670219978920942 	 0.003370486623667237
1.968021997892094 	 0.0033414015747922137
1.969021997892094 	 0.003312644936373193
1.9700219978920939 	 0.003284212113280241
1.9710219978920938 	 0.0032560985870634432
1.9720219978920936 	 0.0032282999144696047
1.9730219978920935 	 0.003200811725991446
1.9740219978920934 	 0.003173629724448613
1.9750219978920933 	 0.003146749683599576
1.9760219978920932 	 0.003120167446783821
1.977021997892093 	 0.003093878925593469
1.978021997892093 	 0.003067880098573685
1.9790219978920929 	 0.0030421670099512062
1.9800219978920928 	 0.0030167357683901583
1.9810219978920927 	 0.002991582545774741
1.9820219978920925 	 0.0029667035760179233
1.9830219978920924 	 0.002942095153895666
1.9840219978920923 	 0.002917753633905979
1.9850219978920922 	 0.0028936754291522806
1.986021997892092 	 0.002869857010250432
1.987021997892092 	 0.002846294904258938
1.9880219978920919 	 0.0028229856936317233
1.9890219978920918 	 0.002799926015192973
1.9900219978920917 	 0.0027771125591335086
1.9910219978920916 	 0.002754542068028229
1.9920219978920914 	 0.002732211335874032
1.9930219978920913 	 0.0027101172071478867
1.9940219978920912 	 0.0026882565758844395
1.9950219978920911 	 0.002666626384772767
1.996021997892091 	 0.002645223624271881
1.997021997892091 	 0.0026240453317444195
1.9980219978920908 	 0.0026030885906082593
1.9990219978920907 	 0.002582350529505517
