0.0010219978922 	 0
0.0020219978922 	 0.0
0.0030219978922 	 0.0
0.0040219978922 	 0.0
0.0050219978922 	 0.0
0.0060219978922 	 0.0
0.0070219978922 	 0.0
0.0080219978922 	 0.0
0.009021997892200002 	 0.0
0.010021997892200003 	 0.0
0.011021997892200004 	 0.0
0.012021997892200004 	 0.0
0.013021997892200005 	 0.0
0.014021997892200006 	 0.0
0.015021997892200007 	 0.0
0.016021997892200008 	 0.0
0.01702199789220001 	 0.0
0.01802199789220001 	 0.0
0.01902199789220001 	 0.0
0.02002199789220001 	 0.0
0.021021997892200012 	 0.0
0.022021997892200013 	 0.0
0.023021997892200014 	 0.0
0.024021997892200015 	 0.0
0.025021997892200016 	 0.0
0.026021997892200017 	 0.0
0.027021997892200018 	 0.0
0.02802199789220002 	 0.0
0.02902199789220002 	 0.0
0.03002199789220002 	 0.0
0.03102199789220002 	 0.0
0.03202199789220002 	 0.0
0.03302199789220002 	 0.0
0.03402199789220002 	 0.0
0.03502199789220002 	 0.0
0.03602199789220002 	 0.0
0.03702199789220002 	 0.0
0.038021997892200024 	 0.0
0.039021997892200025 	 0.0
0.040021997892200026 	 0.0
0.04102199789220003 	 0.0
0.04202199789220003 	 0.0
0.04302199789220003 	 0.0
0.04402199789220003 	 0.0
0.04502199789220003 	 0.0
0.04602199789220003 	 0.0
0.04702199789220003 	 0.0
0.04802199789220003 	 0.0
0.049021997892200034 	 0.0
0.050021997892200035 	 0.0
0.051021997892200036 	 0.0
0.052021997892200036 	 0.0
0.05302199789220004 	 0.0
0.05402199789220004 	 0.0
0.05502199789220004 	 0.0
0.05602199789220004 	 0.0
0.05702199789220004 	 0.0
0.05802199789220004 	 0.0
0.05902199789220004 	 0.0
0.060021997892200044 	 0.0
0.061021997892200044 	 0.0
0.062021997892200045 	 0.0
0.06302199789220005 	 0.0
0.06402199789220005 	 0.0
0.06502199789220005 	 0.0
0.06602199789220005 	 0.0
0.06702199789220005 	 0.0
0.06802199789220005 	 0.0
0.06902199789220005 	 0.0
0.07002199789220005 	 0.0
0.07102199789220005 	 0.0
0.07202199789220005 	 0.0
0.07302199789220006 	 0.0
0.07402199789220006 	 0.0
0.07502199789220006 	 0.0
0.07602199789220006 	 0.0
0.07702199789220006 	 0.0
0.07802199789220006 	 0.0
0.07902199789220006 	 0.0
0.08002199789220006 	 0.0
0.08102199789220006 	 0.0
0.08202199789220006 	 0.0
0.08302199789220006 	 0.0
0.08402199789220006 	 0.0
0.08502199789220007 	 0.0
0.08602199789220007 	 0.0
0.08702199789220007 	 0.0
0.08802199789220007 	 0.0
0.08902199789220007 	 0.0
0.09002199789220007 	 0.0
0.09102199789220007 	 0.0
0.09202199789220007 	 0.0
0.09302199789220007 	 0.0
0.09402199789220007 	 0.0
0.09502199789220007 	 0.0
0.09602199789220008 	 0.0
0.09702199789220008 	 0.0
0.09802199789220008 	 0.0
0.09902199789220008 	 0.0
0.10002199789220008 	 0.0
0.10102199789220008 	 0.0
0.10202199789220008 	 0.0
0.10302199789220008 	 0.0
0.10402199789220008 	 0.0
0.10502199789220008 	 0.0
0.10602199789220008 	 0.0
0.10702199789220009 	 0.0
0.10802199789220009 	 0.0
0.10902199789220009 	 0.0
0.11002199789220009 	 0.0
0.11102199789220009 	 0.0
0.11202199789220009 	 0.0
0.11302199789220009 	 0.0
0.11402199789220009 	 0.0
0.11502199789220009 	 0.0
0.1160219978922001 	 0.0
0.1170219978922001 	 0.0
0.1180219978922001 	 0.0
0.1190219978922001 	 0.0
0.1200219978922001 	 0.0
0.1210219978922001 	 0.0
0.1220219978922001 	 0.0
0.1230219978922001 	 0.0
0.1240219978922001 	 0.0
0.1250219978922001 	 0.0
0.1260219978922001 	 0.0
0.1270219978922001 	 0.0
0.1280219978922001 	 0.0
0.1290219978922001 	 0.0
0.1300219978922001 	 0.0
0.1310219978922001 	 0.0
0.1320219978922001 	 0.0
0.1330219978922001 	 0.0
0.1340219978922001 	 0.0
0.1350219978922001 	 0.0
0.1360219978922001 	 0.0
0.1370219978922001 	 0.0
0.1380219978922001 	 0.0
0.1390219978922001 	 0.0
0.1400219978922001 	 1.303076467668253e-05
0.1410219978922001 	 0.00042581924233559644
0.1420219978922001 	 0.0020147820685524113
0.1430219978922001 	 0.005512260892051991
0.1440219978922001 	 0.011564762123371673
0.1450219978922001 	 0.02070900619188484
0.1460219978922001 	 0.03334651874369818
0.1470219978922001 	 0.04972163919910288
0.1480219978922001 	 0.06990754826849477
0.1490219978922001 	 0.09380382141579481
0.1500219978922001 	 0.12114717138960855
0.1510219978922001 	 0.15153479878371204
0.1520219978922001 	 0.18445764683032229
0.1530219978922001 	 0.21933936436854345
0.1540219978922001 	 0.25557623225106685
0.15502199789220011 	 0.2925737241729035
0.15602199789220011 	 0.3297765091848363
0.15702199789220012 	 0.36669017373712975
0.15802199789220012 	 0.40289436482734065
0.15902199789220012 	 0.43804816460493334
0.16002199789220012 	 0.4718891847871035
0.16102199789220012 	 0.5042281321878362
0.16202199789220012 	 0.5349405403478404
0.16302199789220012 	 0.5639571092062631
0.16402199789220012 	 0.5912537561691605
0.16502199789220012 	 0.6168421390441166
0.16602199789220012 	 0.6407611122821378
0.16702199789220012 	 0.663069343578819
0.16802199789220013 	 0.6838391503128091
0.16902199789220013 	 0.7031515063515434
0.17002199789220013 	 0.7210921070372599
0.17102199789220013 	 0.7377483509444874
0.17202199789220013 	 0.753207090193083
0.17302199789220013 	 0.7675530080148417
0.17402199789220013 	 0.7808674965984743
0.17502199789220013 	 0.7932279257058175
0.17602199789220013 	 0.8047072104691751
0.17702199789220013 	 0.8153736035935293
0.17802199789220013 	 0.8252906521204381
0.17902199789220014 	 0.8345172716806151
0.18002199789220014 	 0.8431079017829506
0.18102199789220014 	 0.8511127143325502
0.18202199789220014 	 0.858577854485445
0.18302199789220014 	 0.8655456983986162
0.18402199789220014 	 0.8720551166760001
0.18502199789220014 	 0.8781417355736613
0.18602199789220014 	 0.8838381905081715
0.18702199789220014 	 0.8891743682770817
0.18802199789220014 	 0.8941776357849696
0.18902199789220014 	 0.8988730540823097
0.19002199789220015 	 0.9032835772543716
0.19102199789220015 	 0.9074302362119847
0.19202199789220015 	 0.9113323077887258
0.19302199789220015 	 0.9150074697811986
0.19402199789220015 	 0.9184719427122882
0.19502199789220015 	 0.9217406191758195
0.19602199789220015 	 0.924827181653226
0.19702199789220015 	 0.9277442096924686
0.19802199789220015 	 0.9305032773168231
0.19902199789220015 	 0.9331150414939021
0.20002199789220015 	 0.9355893224490137
0.20102199789220015 	 0.937935176555719
0.20202199789220016 	 0.9401609624831406
0.20302199789220016 	 0.9422744012262211
0.20402199789220016 	 0.9442826305931221
0.20502199789220016 	 0.946192254674189
0.20602199789220016 	 0.9480093887699451
0.20702199789220016 	 0.9497397002117361
0.20802199789220016 	 0.9513884454680335
0.20902199789220016 	 0.9529605038920367
0.21002199789220016 	 0.9544604084320087
0.21102199789220016 	 0.9558923735945761
0.21202199789220016 	 0.9522959272906332
0.21302199789220017 	 0.9511430939364434
0.21402199789220017 	 0.9508116794760102
0.21502199789220017 	 0.9508545570284459
0.21602199789220017 	 0.9511165721626773
0.21702199789220017 	 0.951520944958325
0.21802199789220017 	 0.9520228562898194
0.21902199789220017 	 0.9525934834083417
0.22002199789220017 	 0.9532130818919186
0.22102199789220017 	 0.9538675195674766
0.22202199789220017 	 0.9545463553844715
0.22302199789220017 	 0.955241691990337
0.22402199789220018 	 0.9559474497845704
0.22502199789220018 	 0.9566588861466702
0.22602199789220018 	 0.9573722649991301
0.22702199789220018 	 0.9580846226302286
0.22802199789220018 	 0.958793597422962
0.22902199789220018 	 0.9594973033321593
0.23002199789220018 	 0.9601942341083234
0.23102199789220018 	 0.9608831896282288
0.23202199789220018 	 0.9615632184391202
0.23302199789220018 	 0.9622335724037202
0.23402199789220018 	 0.9628936705169232
0.23502199789220019 	 0.9635430697699743
0.23602199789220019 	 0.9641814414965162
0.2370219978922002 	 0.9648085520296212
0.2380219978922002 	 0.9654242467825451
0.2390219978922002 	 0.9660284370727542
0.2400219978922002 	 0.9666210891617071
0.2410219978922002 	 0.9672022150973365
0.2420219978922002 	 0.96777186503287
0.2430219978922002 	 0.9683301207619703
0.2440219978922002 	 0.9688770902614422
0.2450219978922002 	 0.9694129030727316
0.2460219978922002 	 0.9699377063848801
0.2470219978922002 	 0.970451661706504
0.2480219978922002 	 0.9709549420342528
0.2490219978922002 	 0.9714477294411737
0.2500219978922002 	 0.9719302130213269
0.2510219978922002 	 0.9724025871375026
0.2520219978922002 	 0.9728650499274791
0.2530219978922002 	 0.9733178020313173
0.2540219978922002 	 0.9737610455080267
0.2550219978922002 	 0.9741949829147624
0.2560219978922002 	 0.9746198165257544
0.2570219978922002 	 0.9750357476715243
0.2580219978922002 	 0.9754429761817881
0.2590219978922002 	 0.9758416999178129
0.2600219978922002 	 0.9762321143820182
0.2610219978922002 	 0.9766144123943113
0.2620219978922002 	 0.9769887838261033
0.2630219978922002 	 0.9773554153841812
0.2640219978922002 	 0.9777144904376788
0.2650219978922002 	 0.9780661888822824
0.2660219978922002 	 0.9784106870365964
0.2670219978922002 	 0.9787481575662523
0.2680219978922002 	 0.9790787694319297
0.2690219978922002 	 0.979402687857951
0.2700219978922002 	 0.9797200743185439
0.2710219978922002 	 0.9800310865392409
0.2720219978922002 	 0.980335878511207
0.2730219978922002 	 0.9806346005165704
0.2740219978922002 	 0.9809273991630769
0.2750219978922002 	 0.9812144174265995
0.2760219978922002 	 0.981495794700228
0.2770219978922002 	 0.9817716668488152
0.2780219978922002 	 0.982042166268017
0.2790219978922002 	 0.982307421946965
0.2800219978922002 	 0.9825675595338416
0.2810219978922002 	 0.9828227014037114
0.2820219978922002 	 0.9830729667280456
0.2830219978922002 	 0.9833184715454606
0.28402199789220023 	 0.9835593288332436
0.28502199789220023 	 0.9837956485793045
0.28602199789220023 	 0.9840275378542394
0.28702199789220023 	 0.9842551008832359
0.28802199789220023 	 0.9844784391175865
0.28902199789220023 	 0.9846976513056156
0.29002199789220023 	 0.9849128335628509
0.29102199789220023 	 0.985124079441296
0.29202199789220024 	 0.985331479997688
0.29302199789220024 	 0.9855351238606409
0.29402199789220024 	 0.9857350972965917
0.29502199789220024 	 0.9859314842744872
0.29602199789220024 	 0.9861243665291584
0.29702199789220024 	 0.9863138236233402
0.29802199789220024 	 0.9864999330083108
0.29902199789220024 	 0.9866827700831277
0.30002199789220024 	 0.9868624082524474
0.30102199789220024 	 0.9870389189829242
0.30202199789220024 	 0.9872123718581871
0.30302199789220025 	 0.9873828346323995
0.30402199789220025 	 0.9875503732824126
0.30502199789220025 	 0.9877150520585226
0.30602199789220025 	 0.9878769335338524
0.30702199789220025 	 0.9880360786523713
0.30802199789220025 	 0.9881925467755782
0.30902199789220025 	 0.9883463957278702
0.31002199789220025 	 0.9884976818406187
0.31102199789220025 	 0.9886464599949827
0.31202199789220025 	 0.9887927836634823
0.31302199789220025 	 0.9889367049503632
0.31402199789220026 	 0.9890782746307769
0.31502199789220026 	 0.989217542188808
0.31602199789220026 	 0.9893545558543742
0.31702199789220026 	 0.9894893626390312
0.31802199789220026 	 0.9896220083707072
0.31902199789220026 	 0.9897525377273992
0.32002199789220026 	 0.9898809942698558
0.32102199789220026 	 0.9900074204732783
0.32202199789220026 	 0.990131857758064
0.32302199789220026 	 0.9902543465196222
0.32402199789220026 	 0.990374926157288
0.32502199789220027 	 0.9904936351023592
0.32602199789220027 	 0.9906105108452852
0.32702199789220027 	 0.9907255899620304
0.32802199789220027 	 0.9908389081396383
0.32902199789220027 	 0.9909505002010197
0.33002199789220027 	 0.9910604001289897
0.33102199789220027 	 0.9911686410895741
0.33202199789220027 	 0.9912752554546116
0.33302199789220027 	 0.9913802748236694
0.3340219978922003 	 0.9914837300452967
0.3350219978922003 	 0.9915856512376341
0.3360219978922003 	 0.9916860678084023
0.3370219978922003 	 0.9917850084742861
0.3380219978922003 	 0.9918825012797345
0.3390219978922003 	 0.9919785736151957
0.3400219978922003 	 0.9920732522348041
0.3410219978922003 	 0.9921665632735363
0.3420219978922003 	 0.992258532263853
0.3430219978922003 	 0.9923491841518451
0.3440219978922003 	 0.9924385433128966
0.3450219978922003 	 0.9925266335668812
0.3460219978922003 	 0.9926134781929076
0.3470219978922003 	 0.9926990999436283
0.3480219978922003 	 0.992783521059123
0.3490219978922003 	 0.9928667632803747
0.3500219978922003 	 0.9929488478623464
0.3510219978922003 	 0.9930297955866748
0.3520219978922003 	 0.9931096267739923
0.3530219978922003 	 0.9931883612958867
0.3540219978922003 	 0.993266018586514
0.3550219978922003 	 0.9933426176538724
0.3560219978922003 	 0.9934181770907486
0.3570219978922003 	 0.993492715085348
0.3580219978922003 	 0.9935662494316174
0.3590219978922003 	 0.9936387975392709
0.3600219978922003 	 0.993710376443527
0.3610219978922003 	 0.9937810028145675
0.3620219978922003 	 0.993850692966727
0.3630219978922003 	 0.993919462867418
0.3640219978922003 	 0.993987328145805
0.3650219978922003 	 0.994054304101233
0.3660219978922003 	 0.9941204057114152
0.3670219978922003 	 0.9941856476403932
0.3680219978922003 	 0.9942500442462721
0.3690219978922003 	 0.9943136095887387
0.3700219978922003 	 0.9943763574363715
0.3710219978922003 	 0.9944383012737457
0.3720219978922003 	 0.9944994543083402
0.3730219978922003 	 0.994559829477257
0.3740219978922003 	 0.9946194394537512
0.3750219978922003 	 0.9946782966535834
0.3760219978922003 	 0.9947364132411984
0.3770219978922003 	 0.9947938011357333
0.3780219978922003 	 0.9948504720168632
0.3790219978922003 	 0.9949064373304869
0.3800219978922003 	 0.9949617082942606
0.3810219978922003 	 0.9950162959029791
0.3820219978922003 	 0.9950702109338153
0.3830219978922003 	 0.9951234639514163
0.3840219978922003 	 0.9951760653128647
0.3850219978922003 	 0.9952280251725075
0.3860219978922003 	 0.9952793534866562
0.3870219978922003 	 0.9953300600181616
0.3880219978922003 	 0.9953801543408696
0.3890219978922003 	 0.9954296458439571
0.3900219978922003 	 0.9954785437361562
0.3910219978922003 	 0.9955268570498665
0.3920219978922003 	 0.9955745946451607
0.3930219978922003 	 0.995621765213685
0.3940219978922003 	 0.9956683772824595
0.3950219978922003 	 0.9957144392175798
0.39602199789220033 	 0.9957599592278232
0.39702199789220033 	 0.9958049453681617
0.39802199789220033 	 0.9958494055431856
0.39902199789220033 	 0.9958933475104398
0.40002199789220033 	 0.9959367788836748
0.40102199789220033 	 0.9959797071360148
0.40202199789220033 	 0.9960221396030464
0.40302199789220033 	 0.9960640834858294
0.40402199789220034 	 0.9961055458538304
0.40502199789220034 	 0.9961465336477853
0.40602199789220034 	 0.9961870536824879
0.40702199789220034 	 0.9962271126495109
0.40802199789220034 	 0.9962667171198578
0.40902199789220034 	 0.9963058735465505
0.41002199789220034 	 0.9963445882671518
0.41102199789220034 	 0.9963828675062264
0.41202199789220034 	 0.9964207173777422
0.41302199789220034 	 0.9964581438874115
0.41402199789220034 	 0.9964951529349764
0.41502199789220034 	 0.9965317503164371
0.41602199789220035 	 0.996567941726229
0.41702199789220035 	 0.9966037327593433
0.41802199789220035 	 0.9966391289134005
0.41902199789220035 	 0.9966740497809596
0.42002199789220035 	 0.9967087420386548
0.42102199789220035 	 0.9967430006652725
0.42202199789220035 	 0.9967768574807939
0.42302199789220035 	 0.996810303094097
0.42402199789220035 	 0.9968432930879811
0.42502199789220035 	 0.9968757637885202
0.42602199789220035 	 0.9969076329056655
0.42702199789220036 	 0.9969387998304371
0.42802199789220036 	 0.9969691460086076
0.42902199789220036 	 0.9969985352801497
0.43002199789220036 	 0.9970268142144205
0.43102199789220036 	 0.9970538124337542
0.43202199789220036 	 0.9970793429280322
0.43302199789220036 	 0.997103202360183
0.43402199789220036 	 0.9971251713632546
0.43502199789220036 	 0.9971450148295322
0.43602199789220036 	 0.9971624821922119
0.43702199789220036 	 0.9971773077001402
0.43802199789220037 	 0.9971892106861275
0.43902199789220037 	 0.9971978958293444
0.44002199789220037 	 0.997203053412309
0.44102199789220037 	 0.9972043595729788
0.44202199789220037 	 0.9972014765524496
0.44302199789220037 	 0.9971940529387735
0.44402199789220037 	 0.9971817239073992
0.44502199789220037 	 0.9971641114587392
0.4460219978922004 	 0.9971408246533684
0.4470219978922004 	 0.9971114598453492
0.4480219978922004 	 0.9970756009141862
0.4490219978922004 	 0.9970328194959002
0.4500219978922004 	 0.9969826752137138
0.4510219978922004 	 0.996924715908838
0.4520219978922004 	 0.9968584778718401
0.4530219978922004 	 0.9967834860750742
0.4540219978922004 	 0.9966992544066474
0.4550219978922004 	 0.9966052859063931
0.4560219978922004 	 0.996501073004312
0.4570219978922004 	 0.9963860977619424
0.4580219978922004 	 0.9962598321171084
0.4590219978922004 	 0.9961217381324928
0.4600219978922004 	 0.9959712682484695
0.4610219978922004 	 0.9958078655406287
0.4620219978922004 	 0.9956309639824116
0.4630219978922004 	 0.9954399887132692
0.4640219978922004 	 0.995234356312747
0.4650219978922004 	 0.9950134750808862
0.4660219978922004 	 0.9947767453253243
0.4670219978922004 	 0.9945235596554602
0.4680219978922004 	 0.9942533032840495
0.4690219978922004 	 0.9939653543365597
0.4700219978922004 	 0.9936590841686285
0.4710219978922004 	 0.9933338576919316
0.4720219978922004 	 0.9929890337087612
0.4730219978922004 	 0.9926239652555988
0.4740219978922004 	 0.9922379999559454
0.4750219978922004 	 0.9918304803826581
0.4760219978922004 	 0.9914007444300197
0.4770219978922004 	 0.990948125695747
0.4780219978922004 	 0.990471953873126
0.4790219978922004 	 0.9899715551534438
0.4800219978922004 	 0.989446252638828
0.4810219978922004 	 0.9888953667657121
0.4820219978922004 	 0.9883182157386754
0.4830219978922004 	 0.9877141159759516
0.4840219978922004 	 0.9870823825621389
0.4850219978922004 	 0.9864223297247413
0.4860219978922004 	 0.985733271273211
0.4870219978922004 	 0.9850145203805106
0.4880219978922004 	 0.9842653931143942
0.4890219978922004 	 0.9834852043341012
0.4900219978922004 	 0.9826732713224691
0.4910219978922004 	 0.9818289134916296
0.4920219978922004 	 0.9809514529549033
0.4930219978922004 	 0.9800402150672083
0.4940219978922004 	 0.9790945289858268
0.4950219978922004 	 0.9781137282374167
0.4960219978922004 	 0.977097151294569
0.4970219978922004 	 0.9760441421605474
0.4980219978922004 	 0.9749540509620573
0.4990219978922004 	 0.9738262345494916
0.5000219978922004 	 0.9726600571041847
0.5010219978922004 	 0.9714548907521297
0.5020219978922004 	 0.9702101161835737
0.5030219978922004 	 0.968925123277893
0.5040219978922004 	 0.9675993117330808
0.5050219978922004 	 0.9662320916991728
0.5060219978922004 	 0.9648228844148777
0.5070219978922004 	 0.9633711228466633
0.5080219978922004 	 0.9618762523294876
0.5090219978922004 	 0.9603377312083659
0.5100219978922004 	 0.9587550314798987
0.5110219978922004 	 0.9571276394328764
0.5120219978922004 	 0.955455056287028
0.5130219978922004 	 0.9537367988289777
0.5140219978922004 	 0.9519724000444139
0.5150219978922004 	 0.9501614097454807
0.5160219978922004 	 0.9483033951923516
0.5170219978922004 	 0.9463979417079523
0.5180219978922004 	 0.9444446532847499
0.5190219978922004 	 0.9424431531825338
0.5200219978922004 	 0.9403930845160787
0.5210219978922004 	 0.9382941108316321
0.5220219978922004 	 0.9361459166708922
0.5230219978922004 	 0.9339482081221456
0.5240219978922004 	 0.9317007133545449
0.5250219978922004 	 0.929403183144985
0.5260219978922004 	 0.9270553913576167
0.5270219978922004 	 0.9246571349829401
0.5280219978922004 	 0.922208236535398
0.5290219978922004 	 0.9197085415362997
0.5300219978922004 	 0.9171579206648092
0.5310219978922004 	 0.9145562708224609
0.5320219978922004 	 0.9119035137043403
0.5330219978922004 	 0.9091995973919518
0.5340219978922004 	 0.9064444963535715
0.5350219978922004 	 0.903638211760356
0.5360219978922004 	 0.9007807717594551
0.5370219978922004 	 0.8978722317232877
0.5380219978922004 	 0.894912674468886
0.5390219978922004 	 0.8919022104479349
0.5400219978922004 	 0.8888409779064069
0.5410219978922004 	 0.885729143013277
0.5420219978922004 	 0.8825668999574946
0.5430219978922004 	 0.8793544710133562
0.5440219978922004 	 0.8760921065712951
0.5450219978922004 	 0.8727800851428137
0.5460219978922004 	 0.8694187133056881
0.5470219978922004 	 0.8660083252606409
0.5480219978922004 	 0.862549284341744
0.5490219978922004 	 0.8590419730829687
0.5500219978922004 	 0.8554867847016078
0.5510219978922004 	 0.8518841390209971
0.5520219978922004 	 0.8482344850993869
0.5530219978922004 	 0.8445383008872913
0.5540219978922004 	 0.8407960928571967
0.5550219978922004 	 0.8370083955985818
0.5560219978922004 	 0.8331757713805826
0.5570219978922004 	 0.8292988096823
0.5580219978922004 	 0.8253781266914346
0.5590219978922004 	 0.8214143647718742
0.5600219978922004 	 0.8174081919009513
0.5610219978922004 	 0.8133603010771931
0.5620219978922004 	 0.8092714096993279
0.5630219978922004 	 0.8051422589178782
0.5640219978922004 	 0.800973612958892
0.5650219978922004 	 0.796766258426166
0.5660219978922004 	 0.7925210035638504
0.5670219978922004 	 0.7882386772942147
0.5680219978922004 	 0.7839201293746882
0.5690219978922004 	 0.7795662281803355
0.5700219978922004 	 0.7751778608639269
0.5710219978922004 	 0.7707559322675315
0.5720219978922004 	 0.7663013640863897
0.5730219978922004 	 0.7618150940049336
0.5740219978922004 	 0.7572980748223215
0.5750219978922004 	 0.7527512735648297
0.5760219978922004 	 0.7481756705876976
0.5770219978922004 	 0.743572258667681
0.5780219978922004 	 0.738942042087929
0.5790219978922004 	 0.7342860357166787
0.5800219978922004 	 0.7296052640814842
0.5810219978922004 	 0.7249007604399064
0.5820219978922004 	 0.7201735658504281
0.5830219978922004 	 0.7154247282370775
0.5840219978922004 	 0.7106553013724642
0.5850219978922004 	 0.7058663443359632
0.5860219978922004 	 0.7010589200009637
0.5870219978922004 	 0.6962340945226211
0.5880219978922004 	 0.691392936323559
0.5890219978922004 	 0.6865365151920055
0.5900219978922004 	 0.6816659012763223
0.5910219978922004 	 0.6767821647084542
0.5920219978922004 	 0.6718863739652139
0.5930219978922004 	 0.6669795955338091
0.5940219978922004 	 0.6620628929780928
0.5950219978922004 	 0.6571373260543736
0.5960219978922005 	 0.6522039499526732
0.5970219978922005 	 0.6472638144984275
0.5980219978922005 	 0.6423179633856447
0.5990219978922005 	 0.6373674334293628
0.6000219978922005 	 0.6324132538388295
0.6010219978922005 	 0.6274564455119912
0.6020219978922005 	 0.6224980203520164
0.6030219978922005 	 0.6175389806064734
0.6040219978922005 	 0.6125803182297059
0.6050219978922005 	 0.6076230142690114
0.6060219978922005 	 0.6026680382746507
0.6070219978922005 	 0.5977163477356026
0.6080219978922005 	 0.5927688875357712
0.6090219978922005 	 0.5878265893775451
0.6100219978922005 	 0.5828903715593778
0.6110219978922005 	 0.5779611380991653
0.6120219978922005 	 0.573039778577018
0.6130219978922005 	 0.5681271676465902
0.6140219978922005 	 0.5632241646507855
0.6150219978922005 	 0.558331613256773
0.6160219978922005 	 0.5534503410835877
0.6170219978922005 	 0.5485811595472085
0.6180219978922005 	 0.5437248633318644
0.6190219978922005 	 0.5388822302940024
0.6200219978922005 	 0.5340540211805312
0.6210219978922005 	 0.5292409794172571
0.6220219978922005 	 0.5244438309189636
0.6230219978922005 	 0.5196632839233907
0.6240219978922005 	 0.5149000288479939
0.6250219978922005 	 0.5101547381691813
0.6260219978922005 	 0.5054280663234981
0.6270219978922005 	 0.5007206496302447
0.6280219978922005 	 0.4960331062349884
0.6290219978922005 	 0.4913660360733859
0.6300219978922005 	 0.48672002085478633
0.6310219978922005 	 0.4820956240648436
0.6320219978922005 	 0.4774933909871193
0.6330219978922005 	 0.4729138487409025
0.6340219978922005 	 0.4683575063160962
0.6350219978922005 	 0.4638248547407011
0.6360219978922005 	 0.4593163670047503
0.6370219978922005 	 0.4548324983425919
0.6380219978922005 	 0.45037368620575263
0.6390219978922005 	 0.4459403504783763
0.6400219978922005 	 0.44153289360135384
0.6410219978922005 	 0.43715170073208093
0.6420219978922005 	 0.4327971399150957
0.6430219978922005 	 0.42846956226434957
0.6440219978922005 	 0.42416930215609744
0.6450219978922005 	 0.4198966774318641
0.6460219978922005 	 0.41565198961082556
0.6470219978922005 	 0.41143552411100776
0.6480219978922005 	 0.407247550478594
0.6490219978922005 	 0.4030883226250729
0.6500219978922005 	 0.3989580790704843
0.6510219978922005 	 0.3948570431819034
0.6520219978922005 	 0.39078542348165135
0.6530219978922005 	 0.38674341382845856
0.6540219978922005 	 0.38273119373868175
0.6550219978922005 	 0.3787489286420689
0.6560219978922005 	 0.37479677015650736
0.6570219978922005 	 0.37087485636530565
0.6580219978922005 	 0.36698331209740437
0.6590219978922005 	 0.363122249209831
0.6600219978922005 	 0.3592917668720156
0.6610219978922005 	 0.35549195185150834
0.6620219978922005 	 0.3517228788007041
0.6630219978922005 	 0.3479846105441809
0.6640219978922005 	 0.34427719836619336
0.6650219978922005 	 0.34060068229727203
0.6660219978922005 	 0.3369550914046812
0.6670219978922005 	 0.3333404440730211
0.6680219978922005 	 0.3297567482927267
0.6690219978922005 	 0.3262040019385131
0.6700219978922005 	 0.32268219306876694
0.6710219978922005 	 0.3191913001779571
0.6720219978922005 	 0.315731292492817
0.6730219978922005 	 0.3123021302422172
0.6740219978922005 	 0.30890376492956695
0.6750219978922005 	 0.3055361396017704
0.6760219978922005 	 0.30219918911211835
0.6770219978922005 	 0.2988928403966234
0.6780219978922005 	 0.2956170127118875
0.6790219978922005 	 0.29237161790496863
0.6800219978922005 	 0.28915656066093953
0.6810219978922005 	 0.2859717387504367
0.6820219978922005 	 0.2828170432728494
0.6830219978922005 	 0.27969235889524274
0.6840219978922005 	 0.2765975640868249
0.6850219978922005 	 0.2735325313489102
0.6860219978922005 	 0.27049712744007615
0.6870219978922005 	 0.2674912135946584
0.6880219978922005 	 0.264514645747337
0.6890219978922005 	 0.26156727473009544
0.6900219978922005 	 0.258648946487267
0.6910219978922005 	 0.2557595022707759
0.6920219978922005 	 0.2528987788481627
0.6930219978922005 	 0.25006660867349334
0.6940219978922005 	 0.24726282008547903
0.6950219978922005 	 0.24448723748347412
0.6960219978922005 	 0.24173968150168598
0.6970219978922005 	 0.239019969177714
0.6980219978922005 	 0.23632791411554036
0.6990219978922005 	 0.23366332664286266
0.7000219978922005 	 0.23102601396269673
0.7010219978922005 	 0.22841578029916235
0.7020219978922005 	 0.2258324270373798
0.7030219978922005 	 0.22327575285736884
0.7040219978922005 	 0.22074555386185818
0.7050219978922005 	 0.2182416236978824
0.7060219978922005 	 0.21576375367204878
0.7070219978922005 	 0.21331173285932464
0.7080219978922005 	 0.21088534820519603
0.7090219978922006 	 0.20848438462101207
0.7100219978922006 	 0.20610862507232472
0.7110219978922006 	 0.20375785065999108
0.7120219978922006 	 0.2014318406937893
0.7130219978922006 	 0.19913037275826082
0.7140219978922006 	 0.19685322277045983
0.7150219978922006 	 0.1946001650292362
0.7160219978922006 	 0.19237097225556543
0.7170219978922006 	 0.19016541562358275
0.7180219978922006 	 0.18798326478271032
0.7190219978922006 	 0.1858242878665514
0.7200219978922006 	 0.18368825149383577
0.7210219978922006 	 0.18157492075567327
0.7220219978922006 	 0.17948405919040614
0.7230219978922006 	 0.17741542874465085
0.7240219978922006 	 0.17536878971941758
0.7250219978922006 	 0.17334390070001998
0.7260219978922006 	 0.1713405184683057
0.7270219978922006 	 0.1693583978955446
0.7280219978922006 	 0.16739729181406263
0.7290219978922006 	 0.1654569508654419
0.7300219978922006 	 0.16353712332280387
0.7310219978922006 	 0.1616375548842882
0.7320219978922006 	 0.15975798843431382
0.7330219978922006 	 0.1578981637698774
0.7340219978922006 	 0.15605781728482068
0.7350219978922006 	 0.15423668161076878
0.7360219978922006 	 0.15243448520601485
0.7370219978922006 	 0.150650951887096
0.7380219978922006 	 0.14888580029439755
0.7390219978922006 	 0.14713874328349577
0.7400219978922006 	 0.14540948723108083
0.7410219978922006 	 0.14369773124331164
0.7420219978922006 	 0.14200316625207235
0.7430219978922006 	 0.14032547398214965
0.7440219978922006 	 0.13866432576932675
0.7450219978922006 	 0.13701938120587426
0.7460219978922006 	 0.13539028658562183
0.7470219978922006 	 0.13377667311575214
0.7480219978922006 	 0.132178154856375
0.7490219978922006 	 0.1305943263416578
0.7500219978922006 	 0.1290247598276948
0.7510219978922006 	 0.1274690021018821
0.7520219978922006 	 0.1259265707764451
0.7530219978922006 	 0.12439694997423492
0.7540219978922006 	 0.12287958529824307
0.7550219978922006 	 0.12137387795692034
0.7560219978922006 	 0.11987917789619787
0.7570219978922006 	 0.11839477576583678
0.7580219978922006 	 0.11691989352634756
0.7590219978922006 	 0.11545367348445107
0.7600219978922006 	 0.11399516554038736
0.7610219978922006 	 0.11254331245186543
0.7620219978922006 	 0.11109693299419644
0.7630219978922006 	 0.10965470307174588
0.7640219978922006 	 0.10821513519887341
0.7650219978922006 	 0.10677655747659545
0.7660219978922006 	 0.1053370945319299
0.7670219978922006 	 0.10389465539320504
0.7680219978922006 	 0.10244693793614408
0.7690219978922006 	 0.10099146822458915
0.7700219978922006 	 0.0995257093511888
0.7710219978922006 	 0.09804730513132004
0.7720219978922006 	 0.09655458251735277
0.7730219978922006 	 0.0950475486043487
0.7740219978922006 	 0.09352983202280403
0.7750219978922006 	 0.09201242036212755
0.7760219978922006 	 0.09052075858935364
0.7770219978922006 	 0.08910785845238693
0.7780219978922006 	 0.08787691206013788
0.7790219978922006 	 0.08701396181882606
0.7800219978922006 	 0.08681209071296173
0.7810219978922006 	 0.0876121937706636
0.7820219978922006 	 0.08953116842833721
0.7830219978922006 	 0.09207304315308865
0.7840219978922006 	 0.09423530945014036
0.7850219978922006 	 0.09528796737265587
0.7860219978922006 	 0.09520485335190201
0.7870219978922006 	 0.09434752489584683
0.7880219978922006 	 0.09307920768884145
0.7890219978922006 	 0.09163773042166651
0.7900219978922006 	 0.09015203361493761
0.7910219978922006 	 0.08868443149181546
0.7920219978922006 	 0.08726170502653396
0.7930219978922006 	 0.08589298362225387
0.7940219978922006 	 0.08457909750731694
0.7950219978922006 	 0.08331725885919665
0.7960219978922006 	 0.0821033393213735
0.7970219978922006 	 0.08093294297816456
0.7980219978922006 	 0.07980188372579997
0.7990219978922006 	 0.07870637203880752
0.8000219978922006 	 0.07764306319124564
0.8010219978922006 	 0.07660904251070691
0.8020219978922006 	 0.07560178493163586
0.8030219978922006 	 0.07461910687341097
0.8040219978922006 	 0.07365911880222334
0.8050219978922006 	 0.07272018200922947
0.8060219978922006 	 0.0718008707688466
0.8070219978922006 	 0.07089993992228316
0.8080219978922006 	 0.07001629744460428
0.8090219978922006 	 0.06914898138109184
0.8100219978922006 	 0.06829714051716519
0.8110219978922006 	 0.06746001819196899
0.8120219978922006 	 0.06663693873683516
0.8130219978922006 	 0.06582729609567793
0.8140219978922006 	 0.06503054425559059
0.8150219978922006 	 0.06424618917882337
0.8160219978922006 	 0.06347378198106937
0.8170219978922006 	 0.06271291314598514
0.8180219978922006 	 0.06196320760313735
0.8190219978922006 	 0.06122432052717709
0.8200219978922006 	 0.060495933741117405
0.8210219978922007 	 0.05977775262706864
0.8220219978922007 	 0.059069503464516476
0.8230219978922007 	 0.05837093112989914
0.8240219978922007 	 0.057681797102431265
0.8250219978922007 	 0.057001877730293395
0.8260219978922007 	 0.05633096271883638
0.8270219978922007 	 0.055668853808657756
0.8280219978922007 	 0.055015363616531594
0.8290219978922007 	 0.054370314616405346
0.8300219978922007 	 0.05373353824120445
0.8310219978922007 	 0.053104874089112485
0.8320219978922007 	 0.05248416922043564
0.8330219978922007 	 0.051871277533213245
0.8340219978922007 	 0.05126605920744931
0.8350219978922007 	 0.05066838020928658
0.8360219978922007 	 0.05007811184766713
0.8370219978922007 	 0.04949513037705161
0.8380219978922007 	 0.04891931664064875
0.8390219978922007 	 0.048350555749348954
0.8400219978922007 	 0.04778873679219336
0.8410219978922007 	 0.04723375257475008
0.8420219978922007 	 0.046685499382235054
0.8430219978922007 	 0.04614387676461619
0.8440219978922007 	 0.04560878734127996
0.8450219978922007 	 0.04508013662313863
0.8460219978922007 	 0.04455783285031161
0.8470219978922007 	 0.04404178684373617
0.8480219978922007 	 0.04353191186925364
0.8490219978922007 	 0.04302812351289726
0.8500219978922007 	 0.042530339566219474
0.8510219978922007 	 0.0420384799206787
0.8520219978922007 	 0.041552466470163384
0.8530219978922007 	 0.041072223020860735
0.8540219978922007 	 0.04059767520775354
0.8550219978922007 	 0.04012875041710323
0.8560219978922007 	 0.03966537771434663
0.8570219978922007 	 0.039207487776890065
0.8580219978922007 	 0.03875501283133808
0.8590219978922007 	 0.038307886594737425
0.8600219978922007 	 0.037866044219461874
0.8610219978922007 	 0.0374294222413951
0.8620219978922007 	 0.036997958531103006
0.8630219978922007 	 0.036571592247717576
0.8640219978922007 	 0.036150263795275785
0.8650219978922007 	 0.03573391478128404
0.8660219978922007 	 0.03532248797729741
0.8670219978922007 	 0.03491592728132175
0.8680219978922007 	 0.03451417768186433
0.8690219978922007 	 0.03411718522347308
0.8700219978922007 	 0.033724896973619446
0.8710219978922007 	 0.033337260990789874
0.8720219978922007 	 0.03295422629367812
0.8730219978922007 	 0.03257574283133284
0.8740219978922007 	 0.03220176145420971
0.8750219978922007 	 0.03183223388599769
0.8760219978922007 	 0.03146711269615517
0.8770219978922007 	 0.031106351273077246
0.8780219978922007 	 0.030749903797828642
0.8790219978922007 	 0.03039772521838342
0.8800219978922007 	 0.030049771224318934
0.8810219978922007 	 0.029705998221919674
0.8820219978922007 	 0.029366363309650683
0.8830219978922007 	 0.029030824253969877
0.8840219978922007 	 0.028699339465450575
0.8850219978922007 	 0.028371867975194247
0.8860219978922007 	 0.02804836941151829
0.8870219978922007 	 0.027728803976907503
0.8880219978922007 	 0.02741313242522563
0.8890219978922007 	 0.027101316039185783
0.8900219978922007 	 0.026793316608084358
0.8910219978922007 	 0.026489096405807957
0.8920219978922007 	 0.02618861816912543
0.8930219978922007 	 0.025891845076282935
0.8940219978922007 	 0.025598740725920645
0.8950219978922007 	 0.025309269116341668
0.8960219978922007 	 0.025023394625129005
0.8970219978922007 	 0.0247410819892128
0.8980219978922007 	 0.024462296285320526
0.8990219978922007 	 0.024187002910916976
0.9000219978922007 	 0.023915167565638756
0.9010219978922007 	 0.02364675623326043
0.9020219978922007 	 0.023381735164225974
0.9030219978922007 	 0.023120070858749
0.9040219978922007 	 0.022861730050755934
0.9050219978922007 	 0.02260667969205913
0.9060219978922007 	 0.022354886937689146
0.9070219978922007 	 0.0221063191317093
0.9080219978922007 	 0.02186094379385677
0.9090219978922007 	 0.021618728606946094
0.9100219978922007 	 0.021379641405089137
0.9110219978922007 	 0.021143650162725985
0.9120219978922007 	 0.020910722984506695
0.9130219978922007 	 0.020680828096000605
0.9140219978922007 	 0.020453933835273233
0.9150219978922007 	 0.020230008645316523
0.9160219978922007 	 0.02000902106733641
0.9170219978922007 	 0.019790939734882034
0.9180219978922007 	 0.01957573336882758
0.9190219978922007 	 0.01936337077317042
0.9200219978922007 	 0.01915382083164364
0.9210219978922007 	 0.018947052505113703
0.9220219978922007 	 0.01874303482973948
0.9230219978922007 	 0.01854173691586876
0.9240219978922007 	 0.018343127947626926
0.9250219978922007 	 0.018147177183179698
0.9260219978922007 	 0.017953853955620706
0.9270219978922007 	 0.017763127674444667
0.9280219978922007 	 0.017574967827564663
0.9290219978922007 	 0.017389343983842037
0.9300219978922007 	 0.017206225796037394
0.9310219978922007 	 0.017025583004222772
0.9320219978922007 	 0.01684738543948512
0.9330219978922007 	 0.016671603027987213
0.9340219978922008 	 0.01649820579526217
0.9350219978922008 	 0.016327163870717955
0.9360219978922008 	 0.016158447492291797
0.9370219978922008 	 0.015992027011214993
0.9380219978922008 	 0.015827872896807583
0.9390219978922008 	 0.01566595574128451
0.9400219978922008 	 0.015506246264494416
0.9410219978922008 	 0.015348715318546678
0.9420219978922008 	 0.015193333892269952
0.9430219978922008 	 0.015040073115443298
0.9440219978922008 	 0.014888904262754887
0.9450219978922008 	 0.014739798757402622
0.9460219978922008 	 0.014592728174291783
0.9470219978922008 	 0.01444766424282335
0.9480219978922008 	 0.014304578849444775
0.9490219978922008 	 0.014163444035846335
0.9500219978922008 	 0.014024232010858985
0.9510219978922008 	 0.013886915131593852
0.9520219978922008 	 0.013751465921451364
0.9530219978922008 	 0.013617857057813305
0.9540219978922008 	 0.013486061372112505
0.9550219978922008 	 0.01335605184566874
0.9560219978922008 	 0.013227801602930862
0.9570219978922008 	 0.01310128390609511
0.9580219978922008 	 0.01297647214485061
0.9590219978922008 	 0.01285333982572024
0.9600219978922008 	 0.012731860557550963
0.9610219978922008 	 0.012612008037244172
0.9620219978922008 	 0.012493756028164627
0.9630219978922008 	 0.01237707833799223
0.9640219978922008 	 0.012261948790925497
0.9650219978922008 	 0.012148341195044874
0.9660219978922008 	 0.012036229303652026
0.9670219978922008 	 0.01192558676951121
0.9680219978922008 	 0.01181638709063431
0.9690219978922008 	 0.011708603545915401
0.9700219978922008 	 0.011602209118605773
0.9710219978922008 	 0.011497176405040247
0.9720219978922008 	 0.01139347750547903
0.9730219978922008 	 0.01129108389303334
0.9740219978922008 	 0.011189966255690296
0.9750219978922008 	 0.01109009430518082
0.9760219978922008 	 0.01099143654441341
0.9770219978922008 	 0.010893959979638716
0.9780219978922008 	 0.01079762979282892
0.9790219978922008 	 0.010702408847190852
0.9800219978922008 	 0.010608257245052106
0.9810219978922008 	 0.01051513157165722
0.9820219978922008 	 0.010422984083656212
0.9830219978922008 	 0.010331761621135105
0.9840219978922008 	 0.010241404224132736
0.9850219978922008 	 0.010151843344067386
0.9860219978922008 	 0.010062999511346905
0.9870219978922008 	 0.00997477926351574
0.9880219978922008 	 0.009857421113274829
0.9890219978922008 	 0.009675621456360202
0.9900219978922008 	 0.009446483234603209
0.9910219978922008 	 0.009171116070713784
0.9920219978922008 	 0.008847848237951657
0.9930219978922008 	 0.008474178710291942
0.9940219978922008 	 0.00804764876190996
0.9950219978922008 	 0.007566555367794434
0.9960219978922008 	 0.0069800456643880964
0.9970219978922008 	 0.0062799234385961045
0.9980219978922008 	 0.005516085064649273
0.9990219978922008 	 0.0047225480662522
1.0000219978922007 	 0.003932242113576437
1.0010219978922006 	 0.0031760929846722697
1.0020219978922005 	 0.002480652680823007
1.0030219978922004 	 0.0018660187483400086
1.0040219978922003 	 0.0013447357470451292
1.0050219978922001 	 0.0009218498067319187
1.0060219978922 	 0.0005959147184378724
1.0070219978922 	 0.0003605543684216836
1.0080219978921998 	 0.000206170702460637
1.0090219978921997 	 0.00012148784585449166
1.0100219978921996 	 9.476299875863707e-05
1.0110219978921995 	 0.00011461592338934826
1.0120219978921994 	 0.00017050727729028999
1.0130219978921993 	 0.0002529351553785142
1.0140219978921992 	 0.00035344323964397816
1.015021997892199 	 0.000464611536255617
1.016021997892199 	 0.000580577685067294
1.0170219978921988 	 0.0007003287974850417
1.0180219978921987 	 0.0008414543137802136
1.0190219978921986 	 0.0010646489395203951
1.0200219978921985 	 0.0013830644023810398
1.0210219978921984 	 0.0016481792082513496
1.0220219978921983 	 0.0018240148944230546
1.0230219978921982 	 0.0019617244716762915
1.024021997892198 	 0.0020868474099167214
1.025021997892198 	 0.0022067888672654295
1.0260219978921978 	 0.0023230933894361114
1.0270219978921977 	 0.00243581008428979
1.0280219978921976 	 0.0025446709497691238
1.0290219978921975 	 0.0026494248815323567
1.0300219978921974 	 0.002749903709155718
1.0310219978921973 	 0.0028460246900568883
1.0320219978921972 	 0.0029377745061266508
1.033021997892197 	 0.0030251925358203403
1.034021997892197 	 0.0031083564516813794
1.0350219978921968 	 0.0031873709514172923
1.0360219978921967 	 0.003262359153148831
1.0370219978921966 	 0.0033334561334185555
1.0380219978921965 	 0.003400804104144287
1.0390219978921964 	 0.0034645488331657413
1.0400219978921963 	 0.0035248370022375277
1.0410219978921962 	 0.0035818142721288616
1.042021997892196 	 0.003635623881588058
1.043021997892196 	 0.0036864056500447028
1.0440219978921959 	 0.003734295285946392
1.0450219978921957 	 0.003779423926493471
1.0460219978921956 	 0.003821917852169784
1.0470219978921955 	 0.0038618983339394376
1.0480219978921954 	 0.0038994815782383957
1.0490219978921953 	 0.00393477874666983
1.0500219978921952 	 0.003967896029716416
1.051021997892195 	 0.003998934759741447
1.052021997892195 	 0.0040279915514996835
1.0530219978921949 	 0.004055158462664386
1.0540219978921948 	 0.004080523165011648
1.0550219978921946 	 0.004104169123817893
1.0560219978921945 	 0.0041261757797627875
1.0570219978921944 	 0.004146618731010929
1.0580219978921943 	 0.00416556991313088
1.0590219978921942 	 0.004183097775240041
1.060021997892194 	 0.00419926745119676
1.061021997892194 	 0.004214140925032689
1.0620219978921939 	 0.004227776737226706
1.0630219978921938 	 0.004240225478351141
1.0640219978921936 	 0.004251540799212079
1.0650219978921935 	 0.004261773943677355
1.0660219978921934 	 0.004270973408069684
1.0670219978921933 	 0.004279185309553876
1.0680219978921932 	 0.004286453559287947
1.069021997892193 	 0.004292819992239815
1.070021997892193 	 0.004298324486643375
1.0710219978921929 	 0.0043030050644099534
1.0720219978921928 	 0.004306897993649521
1.0730219978921927 	 0.004310037877626585
1.0740219978921925 	 0.00431245774141911
1.0750219978921924 	 0.004314189112873782
1.0760219978921923 	 0.004315262098523058
1.0770219978921922 	 0.004315705456927894
1.078021997892192 	 0.004315546664375273
1.079021997892192 	 0.00431481198033534
1.0800219978921919 	 0.004313526507176343
1.0810219978921918 	 0.00431171424873759
1.0820219978921917 	 0.0043093981619821906
1.0830219978921916 	 0.004306600209077326
1.0840219978921914 	 0.004303341406712205
1.0850219978921913 	 0.004299641868466069
1.0860219978921912 	 0.0042955208523012085
1.0870219978921911 	 0.004290996797573343
1.088021997892191 	 0.004286087364064073
1.089021997892191 	 0.004280809470055054
1.0900219978921908 	 0.00427517932693852
1.0910219978921907 	 0.004269212470245787
1.0920219978921906 	 0.004262923791075956
1.0930219978921905 	 0.004256327565125848
1.0940219978921903 	 0.00424943748517357
1.0950219978921902 	 0.00424226667951198
1.0960219978921901 	 0.004234827742920615
1.09702199789219 	 0.004227132759969125
1.09802199789219 	 0.004219193324765271
1.0990219978921898 	 0.004211020565750933
1.1000219978921897 	 0.004202625156787971
1.1010219978921896 	 0.0041940173845661675
1.1020219978921895 	 0.00418520893545417
1.1030219978921894 	 0.004176208528754626
1.1040219978921892 	 0.004167024055607741
1.1050219978921891 	 0.0041576634155481625
1.106021997892189 	 0.004148134510934648
1.107021997892189 	 0.004138445247589544
1.1080219978921888 	 0.004128603528142917
1.1090219978921887 	 0.0041186172500499935
1.1100219978921886 	 0.0041084943031740925
1.1110219978921885 	 0.004098242562919023
1.1120219978921884 	 0.004087869451222646
1.1130219978921883 	 0.004077380723553749
1.1140219978921881 	 0.00406678172713254
1.115021997892188 	 0.004056077780080459
1.116021997892188 	 0.0040452741765736695
1.1170219978921878 	 0.004034376177917053
1.1180219978921877 	 0.004023389017419486
1.1190219978921876 	 0.004012317898193093
1.1200219978921875 	 0.004001167988695769
1.1210219978921874 	 0.003989944427293313
1.1220219978921873 	 0.00397865207504999
1.1230219978921872 	 0.003967294875205489
1.124021997892187 	 0.003955876524449104
1.125021997892187 	 0.003944400691300129
1.1260219978921868 	 0.003932871007310102
1.1270219978921867 	 0.003921291072648654
1.1280219978921866 	 0.003909664451229896
1.1290219978921865 	 0.0038979946762505205
1.1300219978921864 	 0.0038862852411646978
1.1310219978921863 	 0.0038745396096585305
1.1320219978921862 	 0.0038627610560231836
1.133021997892186 	 0.0038509522697238795
1.134021997892186 	 0.0038391157755553545
1.1350219978921858 	 0.0038272140805143563
1.1360219978921857 	 0.0038153314930666608
1.1370219978921856 	 0.0038034285317065783
1.1380219978921855 	 0.0037915076018504973
1.1390219978921854 	 0.0037795710771345585
1.1400219978921853 	 0.003767621304437483
1.1410219978921852 	 0.0037556605952483047
1.142021997892185 	 0.0037436911448617332
1.143021997892185 	 0.0037317147766864275
1.1440219978921848 	 0.00371973321089521
1.1450219978921847 	 0.003707748139958333
1.1460219978921846 	 0.0036957612345837982
1.1470219978921845 	 0.003683774135483091
1.1480219978921844 	 0.003671788462296439
1.1490219978921843 	 0.003659805809812755
1.1500219978921842 	 0.0036478277440541735
1.151021997892184 	 0.0036358558112210924
1.152021997892184 	 0.0036238914722200076
1.1530219978921838 	 0.003611935952756335
1.1540219978921837 	 0.0035999904053141216
1.1550219978921836 	 0.0035880559645442888
1.1560219978921835 	 0.0035761337435833524
1.1570219978921834 	 0.0035642248341449675
1.1580219978921833 	 0.0035523303115200457
1.1590219978921832 	 0.0035404512264989984
1.160021997892183 	 0.0035285886149695913
1.161021997892183 	 0.0035167434899276004
1.1620219978921829 	 0.0035049168109320275
1.1630219978921827 	 0.0034931093880292224
1.1640219978921826 	 0.0034813219806446656
1.1650219978921825 	 0.003469555335786961
1.1660219978921824 	 0.0034578101797255183
1.1670219978921823 	 0.0034460872265750743
1.1680219978921822 	 0.003434387174681115
1.169021997892182 	 0.003422710702955108
1.170021997892182 	 0.0034110584794092287
1.1710219978921819 	 0.0033994311533345
1.1720219978921818 	 0.003387829340082168
1.1730219978921816 	 0.0033762535605613556
1.1740219978921815 	 0.0033647043061087244
1.1750219978921814 	 0.003353182055347705
1.1760219978921813 	 0.0033416872702086912
1.1770219978921812 	 0.003330220404229619
1.178021997892181 	 0.003318781894951142
1.179021997892181 	 0.0033073721684970547
1.1800219978921809 	 0.0032959916396787434
1.1810219978921808 	 0.0032846407080809677
1.1820219978921807 	 0.0032733197535491612
1.1830219978921805 	 0.003262029104280036
1.1840219978921804 	 0.003250768947584496
1.1850219978921803 	 0.003239539705917776
1.1860219978921802 	 0.0032283414864861582
1.18702199789218 	 0.0032171746658987994
1.18802199789218 	 0.003206039592532551
1.1890219978921799 	 0.003194936517393904
1.1900219978921798 	 0.0031838656829502364
1.1910219978921797 	 0.003172827319282836
1.1920219978921796 	 0.003161821645966385
1.1930219978921794 	 0.0031508488648974236
1.1940219978921793 	 0.003139909162686734
1.1950219978921792 	 0.0031290027195315286
1.1960219978921791 	 0.0031181297054752185
1.197021997892179 	 0.0031072902789375254
1.198021997892179 	 0.0030964845906490675
1.1990219978921788 	 0.0030857127799138744
1.2000219978921787 	 0.0030749749788424063
1.2010219978921786 	 0.0030642713090745476
1.2020219978921785 	 0.0030536018865410883
1.2030219978921783 	 0.003042966837369569
1.2040219978921782 	 0.0030323662826362997
1.2050219978921781 	 0.003021800330562375
1.206021997892178 	 0.0030112690839840753
1.207021997892178 	 0.003000772633071898
1.2080219978921778 	 0.0029903110612587
1.2090219978921777 	 0.0029798844416880368
1.2100219978921776 	 0.002969492837264957
1.2110219978921775 	 0.002959136303651428
1.2120219978921773 	 0.0029488148987560775
1.2130219978921772 	 0.0029385287086678273
1.2140219978921771 	 0.0029282778223556935
1.215021997892177 	 0.002918062318564176
1.216021997892177 	 0.0029078822644475655
1.2170219978921768 	 0.002897737719241784
1.2180219978921767 	 0.002887628730779059
1.2190219978921766 	 0.002877555339091457
1.2200219978921765 	 0.0028675175750872486
1.2210219978921764 	 0.0028575154571363003
1.2220219978921762 	 0.0028475490139920697
1.2230219978921761 	 0.002837618326683759
1.224021997892176 	 0.0028277234783590254
1.225021997892176 	 0.0028178645423944976
1.2260219978921758 	 0.0028080415824310086
1.2270219978921757 	 0.002798254649000357
1.2280219978921756 	 0.002788503784124966
1.2290219978921755 	 0.002778789019392195
1.2300219978921754 	 0.0027691103740199985
1.2310219978921753 	 0.002759467859645836
1.2320219978921751 	 0.0027498614972655527
1.233021997892175 	 0.002740291382381679
1.234021997892175 	 0.00273075761719323
1.2350219978921748 	 0.0027212602916608197
1.2360219978921747 	 0.002711799483592529
1.2370219978921746 	 0.002702375258673128
1.2380219978921745 	 0.0026929876706859902
1.2390219978921744 	 0.002683636761666094
1.2400219978921743 	 0.0026743225620237364
1.2410219978921742 	 0.002665045090630324
1.242021997892174 	 0.0026558043823925416
1.243021997892174 	 0.0026466005630748812
1.2440219978921738 	 0.0026374337686840632
1.2450219978921737 	 0.0026283041212400962
1.2460219978921736 	 0.0026192117288904473
1.2470219978921735 	 0.0026101566859498726
1.2480219978921734 	 0.0026011390731919583
1.2490219978921733 	 0.0025921589580502223
1.2500219978921732 	 0.002583216394780644
1.251021997892173 	 0.002574311424573698
1.252021997892173 	 0.0025654441076915333
1.2530219978921728 	 0.0025566146102777034
1.2540219978921727 	 0.002547823112095722
1.2550219978921726 	 0.0025390697758071747
1.2560219978921725 	 0.002530354748792704
1.2570219978921724 	 0.0025216781627890195
1.2580219978921723 	 0.002513040134271803
1.2590219978921722 	 0.0025044407647196137
1.260021997892172 	 0.0024958801408267693
1.261021997892172 	 0.0024873583346494074
1.2620219978921718 	 0.0024788754389007605
1.2630219978921717 	 0.00247043166281196
1.2640219978921716 	 0.0024620272290316976
1.2650219978921715 	 0.0024536623426858746
1.2660219978921714 	 0.0024453371915713483
1.2670219978921713 	 0.002437051946217967
1.2680219978921712 	 0.0024288067603901306
1.269021997892171 	 0.0024206017714285617
1.270021997892171 	 0.002412437100523132
1.2710219978921709 	 0.002404312852895899
1.2720219978921707 	 0.0023962291537397936
1.2730219978921706 	 0.0023881862459700816
1.2740219978921705 	 0.0023801843853479203
1.2750219978921704 	 0.002372223809041021
1.2760219978921703 	 0.00236430473585817
1.2770219978921702 	 0.0023564273663059547
1.27802199789217 	 0.002348591883234819
1.27902199789217 	 0.0023407984522698815
1.2800219978921699 	 0.00233304722214847
1.2810219978921698 	 0.0023253383249355036
1.2820219978921696 	 0.0023176719095848826
1.2830219978921695 	 0.0023100482269852343
1.2840219978921694 	 0.002302467540802246
1.2850219978921693 	 0.0022949300951846593
1.2860219978921692 	 0.0022874361159901982
1.287021997892169 	 0.0022799858108022704
1.288021997892169 	 0.0022725793697487956
1.2890219978921689 	 0.002265216966027362
1.2900219978921688 	 0.002257898748885989
1.2910219978921686 	 0.0022506248290588195
1.2920219978921685 	 0.002243395351045033
1.2930219978921684 	 0.002236210534351537
1.2940219978921683 	 0.002229070601956388
1.2950219978921682 	 0.0022219757600205454
1.296021997892168 	 0.002214926198053494
1.297021997892168 	 0.002207922088855364
1.2980219978921679 	 0.002200963589553846
1.2990219978921678 	 0.00219405083497702
1.3000219978921677 	 0.002187183892105383
1.3010219978921675 	 0.002180362860316953
1.3020219978921674 	 0.0021735878451543135
1.3030219978921673 	 0.002166858965281849
1.3040219978921672 	 0.002160176332117415
1.305021997892167 	 0.002153540043932772
1.306021997892167 	 0.0021469501860857556
1.3070219978921669 	 0.0021404068305843392
1.3080219978921668 	 0.0021339100374702224
1.3090219978921667 	 0.002127459855446963
1.3100219978921666 	 0.00212105632230035
1.3110219978921664 	 0.0021146994650485694
1.3120219978921663 	 0.0021083892820313436
1.3130219978921662 	 0.002102125697107782
1.3140219978921661 	 0.002095908611150817
1.315021997892166 	 0.002089737917838097
1.316021997892166 	 0.0020836135035700912
1.3170219978921658 	 0.0020775352467826526
1.3180219978921657 	 0.0020715030195086657
1.3190219978921656 	 0.002065516688142744
1.3200219978921655 	 0.0020595761138429932
1.3210219978921653 	 0.0020536811523484432
1.3220219978921652 	 0.0020478316037890643
1.3230219978921651 	 0.0020420270806398954
1.324021997892165 	 0.002036267152024123
1.325021997892165 	 0.002030551387566814
1.3260219978921648 	 0.002024879356956733
1.3270219978921647 	 0.0020192506285515678
1.3280219978921646 	 0.0020136647708128125
1.3290219978921645 	 0.002008121355859446
1.3300219978921644 	 0.0020026199556137402
1.3310219978921642 	 0.001997154266408899
1.3320219978921641 	 0.0019917111474367115
1.333021997892164 	 0.001986297380858809
1.334021997892164 	 0.0019809142538936846
1.3350219978921638 	 0.0019755618910090905
1.3360219978921637 	 0.0019702399951249112
1.3370219978921636 	 0.001964948066011438
1.3380219978921635 	 0.0019596854861175803
1.3390219978921634 	 0.0019544515669680605
1.3400219978921633 	 0.0019492455743571144
1.3410219978921631 	 0.0019440667427202804
1.342021997892163 	 0.0019389141651973282
1.343021997892163 	 0.0019337864866685514
1.3440219978921628 	 0.0019286822486427211
1.3450219978921627 	 0.0019235999959498324
1.3460219978921626 	 0.0019185382780199287
1.3470219978921625 	 0.001913495646842392
1.3480219978921624 	 0.0019084706637219541
1.3490219978921623 	 0.0019034619023976592
1.3500219978921622 	 0.001898467950748778
1.351021997892162 	 0.001893487410294787
1.352021997892162 	 0.0018885187566664947
1.3530219978921618 	 0.0018835599768374667
1.3540219978921617 	 0.0018786089661473487
1.3550219978921616 	 0.0018736636494256472
1.3560219978921615 	 0.0018687219796888184
1.3570219978921614 	 0.0018637819329238724
1.3580219978921613 	 0.0018588415171691946
1.3590219978921612 	 0.0018538987769301724
1.360021997892161 	 0.0018489517949996609
1.361021997892161 	 0.001843998691630231
1.3620219978921608 	 0.0018390374845280498
1.3630219978921607 	 0.0018340657379366735
1.3640219978921606 	 0.0018290809544562266
1.3650219978921605 	 0.0018240806955621494
1.3660219978921604 	 0.00181906258051098
1.3670219978921603 	 0.0018140242790169604
1.3680219978921602 	 0.001808963526351363
1.36902199789216 	 0.0018038781309670261
1.37002199789216 	 0.001798765978316535
1.3710219978921598 	 0.001793625030773201
1.3720219978921597 	 0.0017884532138666717
1.3730219978921596 	 0.00178324814637401
1.3740219978921595 	 0.0017780074554568876
1.3750219978921594 	 0.0017727288746794108
1.3760219978921593 	 0.00176741024458888
1.3770219978921592 	 0.0017620495060291443
1.378021997892159 	 0.0017566447176146445
1.379021997892159 	 0.0017511940641567634
1.3800219978921588 	 0.0017456958614079175
1.3810219978921587 	 0.0017401485574049785
1.3820219978921586 	 0.0017345506713824725
1.3830219978921585 	 0.0017289006474988165
1.3840219978921584 	 0.0017231970294684393
1.3850219978921583 	 0.0017174385053764093
1.3860219978921582 	 0.001711623920249224
1.387021997892158 	 0.0017057522683447683
1.388021997892158 	 0.0016998226928389459
1.3890219978921579 	 0.0016938344822608573
1.3900219978921577 	 0.001687787065508462
1.3910219978921576 	 0.0016816800077322927
1.3920219978921575 	 0.0016755130064964824
1.3930219978921574 	 0.001669285867304639
1.3940219978921573 	 0.0016629984943127185
1.3950219978921572 	 0.0016566508769921431
1.396021997892157 	 0.001650243075764266
1.397021997892157 	 0.0016437752112152778
1.3980219978921569 	 0.0016372474327364759
1.3990219978921568 	 0.0016306598919175294
1.4000219978921566 	 0.0016240127175431284
1.4010219978921565 	 0.0016173059914122892
1.4020219978921564 	 0.0016105397737878775
1.4030219978921563 	 0.0016037141940150649
1.4040219978921562 	 0.0015968292872748674
1.405021997892156 	 0.0015898849282085503
1.406021997892156 	 0.0015828808075480706
1.4070219978921559 	 0.0015758164132130853
1.4080219978921558 	 0.0015686910090444534
1.4090219978921557 	 0.0015615036194515748
1.4100219978921555 	 0.001554253019470786
1.4110219978921554 	 0.0015469377280536607
1.4120219978921553 	 0.0015395560882302257
1.4130219978921552 	 0.0015321064728026311
1.414021997892155 	 0.001524587078249321
1.415021997892155 	 0.001516995873761532
1.4160219978921549 	 0.001509330623057955
1.4170219978921548 	 0.0015015889104733255
1.4180219978921547 	 0.0014937681749758662
1.4190219978921546 	 0.0014858657466573953
1.4200219978921544 	 0.0014778788856179726
1.4210219978921543 	 0.0014698048208273214
1.4220219978921542 	 0.0014616408724437992
1.4230219978921541 	 0.0014533847276864658
1.424021997892154 	 0.0014450342328011744
1.425021997892154 	 0.0014365873567456261
1.4260219978921538 	 0.0014280422255921236
1.4270219978921537 	 0.0014193971515163303
1.4280219978921536 	 0.0014106506667955262
1.4290219978921535 	 0.0014018015504008612
1.4300219978921533 	 0.0013928488490922532
1.4310219978921532 	 0.0013837918920624479
1.4320219978921531 	 0.0013746303775712242
1.433021997892153 	 0.0013653645830779882
1.434021997892153 	 0.0013559951552878122
1.4350219978921528 	 0.0013465230315603675
1.4360219978921527 	 0.0013369494358450433
1.4370219978921526 	 0.0013272758659430962
1.4380219978921525 	 0.0013175040893943788
1.4390219978921523 	 0.0013076361326899123
1.4400219978921522 	 0.0012976742672409895
1.4410219978921521 	 0.0012876209919431155
1.442021997892152 	 0.0012774790712543837
1.443021997892152 	 0.0012672516835932671
1.4440219978921518 	 0.0012569422258078332
1.4450219978921517 	 0.0012465542415773074
1.4460219978921516 	 0.0012360914017820403
1.4470219978921515 	 0.0012255574817616576
1.4480219978921514 	 0.0012149563502366458
1.4490219978921512 	 0.0012042919550382606
1.4500219978921511 	 0.0011935683074951566
1.451021997892151 	 0.001182789466036367
1.452021997892151 	 0.00117195955863138
1.4530219978921508 	 0.0011610828849837806
1.4540219978921507 	 0.001150163781830435
1.4550219978921506 	 0.00113920657494798
1.4560219978921505 	 0.0011282155668853038
1.4570219978921504 	 0.0011171950225538812
1.4580219978921503 	 0.001106149167020996
1.4590219978921501 	 0.0010950821797615265
1.46002199789215 	 0.0010839981881097514
1.46102199789215 	 0.0010729012595994403
1.4620219978921498 	 0.0010617954187869412
1.4630219978921497 	 0.0010506847154729067
1.4640219978921496 	 0.001039573142832076
1.4650219978921495 	 0.0010284646106405162
1.4660219978921494 	 0.001017362939549673
1.4670219978921493 	 0.0010062718514746074
1.4680219978921492 	 0.0009951949758351323
1.469021997892149 	 0.00098413585021459
1.470021997892149 	 0.0009730979190342382
1.4710219978921488 	 0.0009620845318674556
1.4720219978921487 	 0.0009510989568010135
1.4730219978921486 	 0.0009401444235718049
1.4740219978921485 	 0.0009292240753358907
1.4750219978921484 	 0.0009183409544251675
1.4760219978921483 	 0.0009074980001888908
1.4770219978921482 	 0.0008966980430897902
1.478021997892148 	 0.0008859438128286502
1.479021997892148 	 0.0008752379432207274
1.4800219978921478 	 0.0008645829653341258
1.4810219978921477 	 0.0008539813190581329
1.4820219978921476 	 0.0008434353542175472
1.4830219978921475 	 0.0008329473642778151
1.4840219978921474 	 0.0008225195561478409
1.4850219978921473 	 0.0008121540420734728
1.4860219978921472 	 0.0008018528392250033
1.487021997892147 	 0.0007916178663260252
1.488021997892147 	 0.0007814509510552777
1.4890219978921468 	 0.000771353833345217
1.4900219978921467 	 0.0007613281670054886
1.4910219978921466 	 0.0007513755207326373
1.4920219978921465 	 0.0007414973866625879
1.4930219978921464 	 0.0007316952063031566
1.4940219978921463 	 0.0007219703463183441
1.4950219978921462 	 0.0007123240925815912
1.496021997892146 	 0.0007027576506336805
1.497021997892146 	 0.0006932721439554118
1.4980219978921459 	 0.000683868620090117
1.4990219978921457 	 0.0006745480537166239
1.5000219978921456 	 0.0006653113484669864
1.5010219978921455 	 0.0006561593380829213
1.5020219978921454 	 0.0006470927951027793
1.5030219978921453 	 0.0006381124569716745
1.5040219978921452 	 0.0006292190009546493
1.505021997892145 	 0.000620413041220762
1.506021997892145 	 0.0006116951256245974
1.5070219978921449 	 0.0006030657390759921
1.5080219978921447 	 0.0005945253064852011
1.5090219978921446 	 0.0005860741950893184
1.5100219978921445 	 0.0005777127163114937
1.5110219978921444 	 0.0005694411272317122
1.5120219978921443 	 0.0005612596410894085
1.5130219978921442 	 0.0005531684543476815
1.514021997892144 	 0.0005451677191581005
1.515021997892144 	 0.0005372575366022849
1.5160219978921439 	 0.0005294379585146542
1.5170219978921438 	 0.0005217089892526229
1.5180219978921436 	 0.000514070587526208
1.5190219978921435 	 0.0005065226681634815
1.5200219978921434 	 0.0004990651038318031
1.5210219978921433 	 0.000491697724630957
1.5220219978921432 	 0.00048442032912421416
1.523021997892143 	 0.00047723272244005853
1.524021997892143 	 0.00047013467910294313
1.5250219978921429 	 0.0004631259337954064
1.5260219978921428 	 0.00045620598342131346
1.5270219978921427 	 0.00044937437197279853
1.5280219978921425 	 0.00044263074147882827
1.5290219978921424 	 0.0004359747016426264
1.5300219978921423 	 0.00042940582596934473
1.5310219978921422 	 0.0004229236626568701
1.532021997892142 	 0.00041652774924323444
1.533021997892142 	 0.0004102176358596523
1.5340219978921419 	 0.00040399285249043625
1.5350219978921418 	 0.0003978529004823412
1.5360219978921417 	 0.0003917972557995287
1.5370219978921416 	 0.0003858253734875946
1.5380219978921414 	 0.00037993668564732444
1.5390219978921413 	 0.0003741306017043183
1.5400219978921412 	 0.0003684065099725066
1.5410219978921411 	 0.0003627637806970158
1.542021997892141 	 0.00035720178190360016
1.543021997892141 	 0.0003517199026472233
1.5440219978921408 	 0.00034631752042114396
1.5450219978921407 	 0.0003409939932823839
1.5460219978921406 	 0.00033574866329386886
1.5470219978921405 	 0.0003305808628699146
1.5480219978921403 	 0.0003254899103857625
1.5490219978921402 	 0.0003204751099601022
1.5500219978921401 	 0.0003155357529063481
1.55102199789214 	 0.0003106711213056784
1.55202199789214 	 0.0003058805039775351
1.5530219978921398 	 0.000301163214303681
1.5540219978921397 	 0.0002965185613396219
1.5550219978921396 	 0.00029194584284141564
1.5560219978921395 	 0.0002874443493005491
1.5570219978921394 	 0.00028301337149838537
1.5580219978921392 	 0.000278652194435298
1.5590219978921391 	 0.0002743600962646902
1.560021997892139 	 0.00027013634973564586
1.561021997892139 	 0.00026598022591246384
1.5620219978921388 	 0.0002618910089620941
1.5630219978921387 	 0.00025786800614437024
1.5640219978921386 	 0.00025391052524302983
1.5650219978921385 	 0.00025001786920741395
1.5660219978921384 	 0.0002461893397239219
1.5670219978921383 	 0.0002424242445100781
1.5680219978921381 	 0.0002387195190486482
1.569021997892138 	 0.00023507266040224438
1.570021997892138 	 0.00023148487824548833
1.5710219978921378 	 0.00022795601798303113
1.5720219978921377 	 0.00022448567635868067
1.5730219978921376 	 0.00022107334507359306
1.5740219978921375 	 0.0002177184398631771
1.5750219978921374 	 0.00021442031065729665
1.5760219978921373 	 0.00021117824579240172
1.5770219978921372 	 0.0002079914732042337
1.578021997892137 	 0.0002048591394577747
1.579021997892137 	 0.0002017802906000774
1.5800219978921368 	 0.0001987538507401077
1.5810219978921367 	 0.0001957785997828167
1.5820219978921366 	 0.00019285315334476407
1.5830219978921365 	 0.0001899759272676211
1.5840219978921364 	 0.00018714511190900658
1.5850219978921363 	 0.00018435865978310746
1.5860219978921362 	 0.00018161429577873934
1.587021997892136 	 0.00017890956138110902
1.588021997892136 	 0.00017624188473759915
1.5890219978921358 	 0.00017360870498247643
1.5900219978921357 	 0.00017100764635360354
1.5910219978921356 	 0.00016843673023792804
1.5920219978921355 	 0.00016589459396450308
1.5930219978921354 	 0.0001633806574151723
1.5940219978921353 	 0.00016089523129372726
1.5950219978921352 	 0.0001584395040153052
1.596021997892135 	 0.00015601539981408637
1.597021997892135 	 0.00015362533496811757
1.5980219978921348 	 0.0001512719079977733
1.5990219978921347 	 0.00014895759884893408
1.6000219978921346 	 0.00014668452765716336
1.6010219978921345 	 0.00014445430209670745
1.6020219978921344 	 0.000142267954053564
1.6030219978921343 	 0.0001401259364129263
1.6040219978921342 	 0.00013802820906804535
1.605021997892134 	 0.00013597433965997945
1.606021997892134 	 0.0001339636064777121
1.6070219978921338 	 0.00013199509457322906
1.6080219978921337 	 0.00013006777236549324
1.6090219978921336 	 0.00012818055324577012
1.6100219978921335 	 0.00012633234044751019
1.6110219978921334 	 0.00012452205922341587
1.6120219978921333 	 0.00012274867091011384
1.6130219978921332 	 0.00012101116485087518
1.614021997892133 	 0.00011930858632223141
1.615021997892133 	 0.00011764004444848418
1.6160219978921329 	 0.0001160047110410938
1.6170219978921327 	 0.00011440181652701693
1.6180219978921326 	 0.00011283064817677637
1.6190219978921325 	 0.00011129054535831798
1.6200219978921324 	 0.00010978089551570012
1.6210219978921323 	 0.00010830112985751902
1.6220219978921322 	 0.00010685071072771229
1.623021997892132 	 0.00010542911160756273
1.624021997892132 	 0.00010403583654083628
1.6250219978921319 	 0.00010267042393518742
1.6260219978921318 	 0.0001013324427473049
1.6270219978921316 	 0.00010002148777861505
1.6280219978921315 	 9.873718047639961e-05
1.6290219978921314 	 9.747916781483063e-05
1.6300219978921313 	 9.624712069590332e-05
1.6310219978921312 	 9.504073096406415e-05
1.632021997892131 	 9.385970087922526e-05
1.633021997892131 	 9.270372965017106e-05
1.6340219978921309 	 9.157253184823997e-05
1.6350219978921308 	 9.046584126194759e-05
1.6360219978921307 	 8.93834083515729e-05
1.6370219978921305 	 8.832499522131934e-05
1.6380219978921304 	 8.729037863134955e-05
1.6390219978921303 	 8.627935021819523e-05
1.6400219978921302 	 8.529171510419315e-05
1.64102199789213 	 8.432728945140964e-05
1.64202199789213 	 8.338589115370275e-05
1.6430219978921299 	 8.246733248437686e-05
1.6440219978921298 	 8.157143264429361e-05
1.6450219978921297 	 8.069802014547075e-05
1.6460219978921296 	 7.984693030640981e-05
1.6470219978921294 	 7.901800006763326e-05
1.6480219978921293 	 7.821107129939373e-05
1.6490219978921292 	 7.742599082167778e-05
1.650021997892129 	 7.666260916141389e-05
1.651021997892129 	 7.592077823466713e-05
1.652021997892129 	 7.52003444922884e-05
1.6530219978921288 	 7.450114649692479e-05
1.6540219978921287 	 7.382302101254796e-05
1.6550219978921286 	 7.316580389785664e-05
1.6560219978921285 	 7.252932783523591e-05
1.6570219978921283 	 7.191341817619966e-05
1.6580219978921282 	 7.131789559013156e-05
1.6590219978921281 	 7.074257603286035e-05
1.660021997892128 	 7.01872700044986e-05
1.661021997892128 	 6.965178091955774e-05
1.6620219978921278 	 6.913590083148479e-05
1.6630219978921277 	 6.863941295519917e-05
1.6640219978921276 	 6.816209200102285e-05
1.6650219978921275 	 6.770370405868986e-05
1.6660219978921273 	 6.726400540201003e-05
1.6670219978921272 	 6.684274010558379e-05
1.6680219978921271 	 6.643964196290236e-05
1.669021997892127 	 6.605443495103846e-05
1.670021997892127 	 6.568683312343227e-05
1.6710219978921268 	 6.533654005879846e-05
1.6720219978921267 	 6.5003248539469e-05
1.6730219978921266 	 6.46866451674531e-05
1.6740219978921265 	 6.43864080210396e-05
1.6750219978921264 	 6.41022060715419e-05
1.6760219978921262 	 6.383369927763936e-05
1.6770219978921261 	 6.358053816910097e-05
1.678021997892126 	 6.334236538015693e-05
1.679021997892126 	 6.311881657494643e-05
1.6800219978921258 	 6.290952108423441e-05
1.6810219978921257 	 6.271410252020291e-05
1.6820219978921256 	 6.253218096929607e-05
1.6830219978921255 	 6.23633794729743e-05
1.6840219978921254 	 6.220731955738966e-05
1.6850219978921253 	 6.206362040200262e-05
1.6860219978921251 	 6.193189967193842e-05
1.687021997892125 	 6.181177434436654e-05
1.688021997892125 	 6.170286149535486e-05
1.6890219978921248 	 6.160477906620749e-05
1.6900219978921247 	 6.151714659888187e-05
1.6910219978921246 	 6.143958606748956e-05
1.6920219978921245 	 6.137172522736233e-05
1.6930219978921244 	 6.131320430228837e-05
1.6940219978921243 	 6.126366994156369e-05
1.6950219978921242 	 6.122277374133075e-05
1.696021997892124 	 6.119017296348272e-05
1.697021997892124 	 6.116553162839235e-05
1.6980219978921238 	 6.114852020018298e-05
1.6990219978921237 	 6.113881568115582e-05
1.7000219978921236 	 6.113610185831385e-05
1.7010219978921235 	 6.11400698169413e-05
1.7020219978921234 	 6.115042137202589e-05
1.7030219978921233 	 6.116687496090763e-05
1.7040219978921232 	 6.118915879413335e-05
1.705021997892123 	 6.121700881420186e-05
1.706021997892123 	 6.125016922557909e-05
1.7070219978921228 	 6.128839282616827e-05
1.7080219978921227 	 6.133144085207601e-05
1.7090219978921226 	 6.137908188100276e-05
1.7100219978921225 	 6.143109181937773e-05
1.7110219978921224 	 6.148725413876158e-05
1.7120219978921223 	 6.15473630420661e-05
1.7130219978921222 	 6.161122829476318e-05
1.714021997892122 	 6.167866855153644e-05
1.715021997892122 	 6.174950921428757e-05
1.7160219978921218 	 6.182358261221256e-05
1.7170219978921217 	 6.19007289572843e-05
1.7180219978921216 	 6.198079487381785e-05
1.7190219978921215 	 6.206363274631451e-05
1.7200219978921214 	 6.214910043663952e-05
1.7210219978921213 	 6.223706133944323e-05
1.7220219978921212 	 6.23273875634876e-05
1.723021997892121 	 6.241996312844337e-05
1.724021997892121 	 6.251467857231774e-05
1.7250219978921209 	 6.261142898577565e-05
1.7260219978921207 	 6.271011417279077e-05
1.7270219978921206 	 6.281063958907893e-05
1.7280219978921205 	 6.291291492473959e-05
1.7290219978921204 	 6.301685343140054e-05
1.7300219978921203 	 6.312237175894581e-05
1.7310219978921202 	 6.322939006985729e-05
1.73202199789212 	 6.333783441448551e-05
1.73302199789212 	 6.344763945845246e-05
1.7340219978921199 	 6.355874395263661e-05
1.7350219978921197 	 6.367108928766497e-05
1.7360219978921196 	 6.378461967541078e-05
1.7370219978921195 	 6.364847436181941e-05
1.7380219978921194 	 6.326697472698484e-05
1.7390219978921193 	 6.288950251166099e-05
1.7400219978921192 	 6.251601202752512e-05
1.741021997892119 	 6.214645810211266e-05
1.742021997892119 	 6.178079607358412e-05
1.7430219978921189 	 6.141898178552324e-05
1.7440219978921188 	 6.106097158176478e-05
1.7450219978921186 	 6.070672230125477e-05
1.7460219978921185 	 6.035619127294219e-05
1.7470219978921184 	 6.0009336310703306e-05
1.7480219978921183 	 5.966611570829914e-05
1.7490219978921182 	 5.93264882343665e-05
1.750021997892118 	 5.899041312744293e-05
1.751021997892118 	 5.8657850091026195e-05
1.7520219978921179 	 5.8328759288668263e-05
1.7530219978921178 	 5.800310133910492e-05
1.7540219978921177 	 5.768083731142064e-05
1.7550219978921175 	 5.736192872024914e-05
1.7560219978921174 	 5.704633752101016e-05
1.7570219978921173 	 5.67340261051831e-05
1.7580219978921172 	 5.642495729561593e-05
1.759021997892117 	 5.6119094341872634e-05
1.760021997892117 	 5.581640091561643e-05
1.7610219978921169 	 5.551684110603051e-05
1.7620219978921168 	 5.522037941527635e-05
1.7630219978921167 	 5.492698075398914e-05
1.7640219978921166 	 5.463661043681125e-05
1.7650219978921164 	 5.434923417796272e-05
1.7660219978921163 	 5.40648180868504e-05
1.7670219978921162 	 5.378332866371401e-05
1.7680219978921161 	 5.350473279531063e-05
1.769021997892116 	 5.322899775063704e-05
1.770021997892116 	 5.295609117668985e-05
1.7710219978921158 	 5.268598109426346e-05
1.7720219978921157 	 5.24186358937863e-05
1.7730219978921156 	 5.215402433119454e-05
1.7740219978921155 	 5.1892115523844015e-05
1.7750219978921153 	 5.1632878946459434e-05
1.7760219978921152 	 5.137628442712198e-05
1.7770219978921151 	 5.112230214329408e-05
1.778021997892115 	 5.087090261788197e-05
1.779021997892115 	 5.0622056715335476e-05
1.7800219978921148 	 5.037573563778565e-05
1.7810219978921147 	 5.0131910921219224e-05
1.7820219978921146 	 4.9890554431690396e-05
1.7830219978921145 	 4.965163836156944e-05
1.7840219978921144 	 4.941513522582872e-05
1.7850219978921142 	 4.918101785836453e-05
1.7860219978921141 	 4.8949259408356376e-05
1.787021997892114 	 4.871983333666207e-05
1.788021997892114 	 4.8492713412249377e-05
1.7890219978921138 	 4.826787370866347e-05
1.7900219978921137 	 4.8045288600530584e-05
1.7910219978921136 	 4.7824932760097034e-05
1.7920219978921135 	 4.76067811538037e-05
1.7930219978921134 	 4.739080903889624e-05
1.7940219978921133 	 4.71769919600698e-05
1.7950219978921131 	 4.696530574614926e-05
1.796021997892113 	 4.675572650680352e-05
1.797021997892113 	 4.65482306292944e-05
1.7980219978921128 	 4.63427947752602e-05
1.7990219978921127 	 4.613939587753279e-05
1.8000219978921126 	 4.5938011136988426e-05
1.8010219978921125 	 4.5738618019432554e-05
1.8020219978921124 	 4.55411942525177e-05
1.8030219978921123 	 4.5345717822694074e-05
1.8040219978921122 	 4.515216697219368e-05
1.805021997892112 	 4.4960520196046445e-05
1.806021997892112 	 4.477075623912917e-05
1.8070219978921118 	 4.4582854093246026e-05
1.8080219978921117 	 4.439679299424129e-05
1.8090219978921116 	 4.421255241914383e-05
1.8100219978921115 	 4.403011208334231e-05
1.8110219978921114 	 4.384945193779222e-05
1.8120219978921113 	 4.3670552166253225e-05
1.8130219978921112 	 4.349339318255732e-05
1.814021997892111 	 4.3317955627907324e-05
1.815021997892111 	 4.3144220368205216e-05
1.8160219978921108 	 4.297216849141089e-05
1.8170219978921107 	 4.2801781304929485e-05
1.8180219978921106 	 4.2633040333029014e-05
1.8190219978921105 	 4.246592731428643e-05
1.8200219978921104 	 4.23004241990625e-05
1.8210219978921103 	 4.213651314700562e-05
1.8220219978921102 	 4.19741765245833e-05
1.82302199789211 	 4.1813396902642196e-05
1.82402199789211 	 4.165415705399541e-05
1.8250219978921098 	 4.149643995103775e-05
1.8260219978921097 	 4.134022876338762e-05
1.8270219978921096 	 4.118550685555659e-05
1.8280219978921095 	 4.103225778464502e-05
1.8290219978921094 	 4.088046529806458e-05
1.8300219978921093 	 4.073011333128671e-05
1.8310219978921092 	 4.058118600561714e-05
1.832021997892109 	 4.043366762599606e-05
1.833021997892109 	 4.028754267882376e-05
1.8340219978921088 	 4.014279582981131e-05
1.8350219978921087 	 3.999941192185646e-05
1.8360219978921086 	 3.985737597294378e-05
1.8370219978921085 	 3.971667317406967e-05
1.8380219978921084 	 3.957728888719128e-05
1.8390219978921083 	 3.9439208643199377e-05
1.8400219978921082 	 3.930241813991502e-05
1.841021997892108 	 3.916690324010949e-05
1.842021997892108 	 3.9032649969547675e-05
1.8430219978921079 	 3.8899644515054135e-05
1.8440219978921077 	 3.876787322260202e-05
1.8450219978921076 	 3.86373225954245e-05
1.8460219978921075 	 3.850797929214823e-05
1.8470219978921074 	 3.8379830124949046e-05
1.8480219978921073 	 3.825286205772944e-05
1.8490219978921072 	 3.812706220431718e-05
1.850021997892107 	 3.800241782668568e-05
1.851021997892107 	 3.787891633319528e-05
1.8520219978921069 	 3.7756545276855165e-05
1.8530219978921068 	 3.7635292353606345e-05
1.8540219978921066 	 3.751514540062445e-05
1.8550219978921065 	 3.7396092394643286e-05
1.8560219978921064 	 3.727812145029767e-05
1.8570219978921063 	 3.71612208184867e-05
1.8580219978921062 	 3.704537888475606e-05
1.859021997892106 	 3.693058416769962e-05
1.860021997892106 	 3.6816825317380357e-05
1.8610219978921059 	 3.6704091113769856e-05
1.8620219978921058 	 3.659237046520686e-05
1.8630219978921057 	 3.6481652406873566e-05
1.8640219978921055 	 3.6371926099290985e-05
1.8650219978921054 	 3.626318082683171e-05
1.8660219978921053 	 3.6155405996250645e-05
1.8670219978921052 	 3.604859113523361e-05
1.868021997892105 	 3.5942725890963016e-05
1.869021997892105 	 3.583780002870096e-05
1.8700219978921049 	 3.573380343038925e-05
1.8710219978921048 	 3.5630726093266326e-05
1.8720219978921047 	 3.552855812850066e-05
1.8730219978921046 	 3.542728975984089e-05
1.8740219978921044 	 3.532691132228185e-05
1.8750219978921043 	 3.5227413260746905e-05
1.8760219978921042 	 3.512878612878607e-05
1.877021997892104 	 3.503102058728983e-05
1.878021997892104 	 3.493410740321849e-05
1.879021997892104 	 3.48380374483467e-05
1.8800219978921038 	 3.474280169802345e-05
1.8810219978921037 	 3.4648391229946745e-05
1.8820219978921036 	 3.4554797222953094e-05
1.8830219978921034 	 3.4462010955821824e-05
1.8840219978921033 	 3.437002380609363e-05
1.8850219978921032 	 3.4278827248903466e-05
1.8860219978921031 	 3.4188412855827594e-05
1.887021997892103 	 3.40987722937446e-05
1.888021997892103 	 3.400989732370994e-05
1.8890219978921028 	 3.39217797998444e-05
1.8900219978921027 	 3.3834411668236075e-05
1.8910219978921026 	 3.374778496585505e-05
1.8920219978921025 	 3.3661891819481905e-05
1.8930219978921023 	 3.3576724444648874e-05
1.8940219978921022 	 3.3492275144593826e-05
1.8950219978921021 	 3.3408536309226856e-05
1.896021997892102 	 3.332550041410969e-05
1.897021997892102 	 3.324316001944702e-05
1.8980219978921018 	 3.316150776909044e-05
1.8990219978921017 	 3.3080536389554215e-05
1.9000219978921016 	 3.3000238689043136e-05
1.9010219978921015 	 3.2920607556492004e-05
1.9020219978921014 	 3.284163596061678e-05
1.9030219978921012 	 3.276331694897741e-05
1.9040219978921011 	 3.268564364705185e-05
1.905021997892101 	 3.2608609257321206e-05
1.906021997892101 	 3.253220705836624e-05
1.9070219978921008 	 3.245643040397467e-05
1.9080219978921007 	 3.2381272722259205e-05
1.9090219978921006 	 3.2306727514786544e-05
1.9100219978921005 	 3.223278835571647e-05
1.9110219978921004 	 3.215944889095202e-05
1.9120219978921003 	 3.208670283729933e-05
1.9130219978921001 	 3.2014543981638064e-05
1.9140219978921 	 3.1942966180101616e-05
1.9150219978921 	 3.187196335726758e-05
1.9160219978920998 	 3.180152950535763e-05
1.9170219978920997 	 3.173165868344754e-05
1.9180219978920996 	 3.166234501668623e-05
1.9190219978920995 	 3.159358269552487e-05
1.9200219978920994 	 3.1525365974954735e-05
1.9210219978920993 	 3.145768917375489e-05
1.9220219978920992 	 3.139054667374835e-05
1.923021997892099 	 3.132393291906779e-05
1.924021997892099 	 3.125784241542975e-05
1.9250219978920988 	 3.119226972941785e-05
1.9260219978920987 	 3.1127209487774745e-05
1.9270219978920986 	 3.1062656376702246e-05
1.9280219978920985 	 3.09986051411704e-05
1.9290219978920984 	 3.09350505842345e-05
1.9300219978920983 	 3.087198756636073e-05
1.9310219978920982 	 3.080941100475974e-05
1.932021997892098 	 3.074731587272816e-05
1.933021997892098 	 3.068569719899846e-05
1.9340219978920978 	 3.0624550067096124e-05
1.9350219978920977 	 3.056386961470522e-05
1.9360219978920976 	 3.0503651033041146e-05
1.9370219978920975 	 3.044388956623095e-05
1.9380219978920974 	 3.038458051070151e-05
1.9390219978920973 	 3.03257192145748e-05
1.9400219978920972 	 3.0267301077070386e-05
1.941021997892097 	 3.0209321547915445e-05
1.942021997892097 	 3.015177612676149e-05
1.9430219978920968 	 3.009466036260852e-05
1.9440219978920967 	 3.0037969853235818e-05
1.9450219978920966 	 2.998170024463967e-05
1.9460219978920965 	 2.992584723047806e-05
1.9470219978920964 	 2.9870406551521655e-05
1.9480219978920963 	 2.981537399511181e-05
1.9490219978920962 	 2.9760745394624787e-05
1.950021997892096 	 2.970651662894249e-05
1.951021997892096 	 2.9652683621929864e-05
1.9520219978920959 	 2.959924234191793e-05
1.9530219978920957 	 2.9546188801193685e-05
1.9540219978920956 	 2.9493519055495752e-05
1.9550219978920955 	 2.9441229203516225e-05
1.9560219978920954 	 2.9389315386408385e-05
1.9570219978920953 	 2.933777378730045e-05
1.9580219978920952 	 2.9286600630814982e-05
1.959021997892095 	 2.9235792182594357e-05
1.960021997892095 	 2.9185344748831553e-05
1.9610219978920949 	 2.913525467580684e-05
1.9620219978920947 	 2.9085518349429738e-05
1.9630219978920946 	 2.9036132194786816e-05
1.9640219978920945 	 2.8987092675694652e-05
1.9650219978920944 	 2.893839629425816e-05
1.9660219978920943 	 2.8890039590434195e-05
1.9670219978920942 	 2.884201914160055e-05
1.968021997892094 	 2.8794331562129758e-05
1.969021997892094 	 2.8746973502968334e-05
1.9700219978920939 	 2.8699941651220907e-05
1.9710219978920938 	 2.8653232729739107e-05
1.9720219978920936 	 2.860684349671575e-05
1.9730219978920935 	 2.8560770745283495e-05
1.9740219978920934 	 2.8515011303118493e-05
1.9750219978920933 	 2.8469562032048652e-05
1.9760219978920932 	 2.8424419827666752e-05
1.977021997892093 	 2.837958161894776e-05
1.978021997892093 	 2.8335044367871247e-05
1.9790219978920929 	 2.8290805069047748e-05
1.9800219978920928 	 2.8246860749349905e-05
1.9810219978920927 	 2.820320846754795e-05
1.9820219978920925 	 2.815984531394942e-05
1.9830219978920924 	 2.811676841004311e-05
1.9840219978920923 	 2.807397490814745e-05
1.9850219978920922 	 2.803146199106286e-05
1.986021997892092 	 2.7989226871728234e-05
1.987021997892092 	 2.7947266792881663e-05
1.9880219978920919 	 2.790557902672494e-05
1.9890219978920918 	 2.786416087459223e-05
1.9900219978920917 	 2.782300966662253e-05
1.9910219978920916 	 2.778212276143606e-05
1.9920219978920914 	 2.7741497545814428e-05
1.9930219978920913 	 2.770113143438459e-05
1.9940219978920912 	 2.7661021869306735e-05
1.9950219978920911 	 2.7621166319965418e-05
1.996021997892091 	 2.758156228266468e-05
1.997021997892091 	 2.7542207280326707e-05
1.9980219978920908 	 2.750309886219397e-05
1.9990219978920907 	 2.7464234603534865e-05
