0.0010219978922 	 0
0.0020219978922 	 0.0
0.0030219978922 	 0.0
0.0040219978922 	 0.0
0.0050219978922 	 0.0
0.0060219978922 	 0.0
0.0070219978922 	 0.0
0.0080219978922 	 0.0
0.009021997892200002 	 0.0
0.010021997892200003 	 0.0
0.011021997892200004 	 0.0
0.012021997892200004 	 0.0
0.013021997892200005 	 0.0
0.014021997892200006 	 0.0
0.015021997892200007 	 0.0
0.016021997892200008 	 0.0
0.01702199789220001 	 0.0
0.01802199789220001 	 0.0
0.01902199789220001 	 0.0
0.02002199789220001 	 0.0
0.021021997892200012 	 0.0
0.022021997892200013 	 0.0
0.023021997892200014 	 0.0
0.024021997892200015 	 0.0
0.025021997892200016 	 0.0
0.026021997892200017 	 0.0
0.027021997892200018 	 0.0
0.02802199789220002 	 0.0
0.02902199789220002 	 0.0
0.03002199789220002 	 0.0
0.03102199789220002 	 0.0
0.03202199789220002 	 0.0
0.03302199789220002 	 0.0
0.03402199789220002 	 0.0
0.03502199789220002 	 0.0
0.03602199789220002 	 0.0
0.03702199789220002 	 0.0
0.038021997892200024 	 0.0
0.039021997892200025 	 0.0
0.040021997892200026 	 0.0
0.04102199789220003 	 0.0
0.04202199789220003 	 0.0
0.04302199789220003 	 0.0
0.04402199789220003 	 0.0
0.04502199789220003 	 0.0
0.04602199789220003 	 0.0
0.04702199789220003 	 0.0
0.04802199789220003 	 0.0
0.049021997892200034 	 0.0
0.050021997892200035 	 0.0
0.051021997892200036 	 0.0
0.052021997892200036 	 0.0
0.05302199789220004 	 0.0
0.05402199789220004 	 0.0
0.05502199789220004 	 0.0
0.05602199789220004 	 0.0
0.05702199789220004 	 0.0
0.05802199789220004 	 0.0
0.05902199789220004 	 0.0
0.060021997892200044 	 0.0
0.061021997892200044 	 0.0
0.062021997892200045 	 0.0
0.06302199789220005 	 0.0
0.06402199789220005 	 0.0
0.06502199789220005 	 0.0
0.06602199789220005 	 0.0
0.06702199789220005 	 0.0
0.06802199789220005 	 0.0
0.06902199789220005 	 0.0
0.07002199789220005 	 0.0
0.07102199789220005 	 0.0
0.07202199789220005 	 0.0
0.07302199789220006 	 0.0
0.07402199789220006 	 0.0
0.07502199789220006 	 0.0
0.07602199789220006 	 0.0
0.07702199789220006 	 0.0
0.07802199789220006 	 0.0
0.07902199789220006 	 0.0
0.08002199789220006 	 0.0
0.08102199789220006 	 0.0
0.08202199789220006 	 0.0
0.08302199789220006 	 0.0
0.08402199789220006 	 0.0
0.08502199789220007 	 0.0
0.08602199789220007 	 0.0
0.08702199789220007 	 0.0
0.08802199789220007 	 0.0
0.08902199789220007 	 0.0
0.09002199789220007 	 0.0
0.09102199789220007 	 0.0
0.09202199789220007 	 0.0
0.09302199789220007 	 0.0
0.09402199789220007 	 0.0
0.09502199789220007 	 0.0
0.09602199789220008 	 0.0
0.09702199789220008 	 0.0
0.09802199789220008 	 0.0
0.09902199789220008 	 0.0
0.10002199789220008 	 0.0
0.10102199789220008 	 0.0
0.10202199789220008 	 0.0
0.10302199789220008 	 0.0
0.10402199789220008 	 0.0
0.10502199789220008 	 0.0
0.10602199789220008 	 0.0
0.10702199789220009 	 0.0
0.10802199789220009 	 0.0
0.10902199789220009 	 0.0
0.11002199789220009 	 0.0
0.11102199789220009 	 0.0
0.11202199789220009 	 0.0
0.11302199789220009 	 0.0
0.11402199789220009 	 0.0
0.11502199789220009 	 0.0
0.1160219978922001 	 0.0
0.1170219978922001 	 0.0
0.1180219978922001 	 0.0
0.1190219978922001 	 0.0
0.1200219978922001 	 0.0
0.1210219978922001 	 0.0
0.1220219978922001 	 0.0
0.1230219978922001 	 0.0
0.1240219978922001 	 0.0
0.1250219978922001 	 0.0
0.1260219978922001 	 0.0
0.1270219978922001 	 0.0
0.1280219978922001 	 0.0
0.1290219978922001 	 0.0
0.1300219978922001 	 0.0
0.1310219978922001 	 0.0
0.1320219978922001 	 0.0
0.1330219978922001 	 0.0
0.1340219978922001 	 0.0
0.1350219978922001 	 0.0
0.1360219978922001 	 0.0
0.1370219978922001 	 0.0
0.1380219978922001 	 0.0
0.1390219978922001 	 0.0
0.1400219978922001 	 0.0
0.1410219978922001 	 0.0
0.1420219978922001 	 0.0
0.1430219978922001 	 0.0
0.1440219978922001 	 0.0
0.1450219978922001 	 0.0
0.1460219978922001 	 0.0
0.1470219978922001 	 0.0
0.1480219978922001 	 0.0
0.1490219978922001 	 0.0
0.1500219978922001 	 0.0
0.1510219978922001 	 0.0
0.1520219978922001 	 0.0
0.1530219978922001 	 0.0
0.1540219978922001 	 0.0
0.15502199789220011 	 0.0
0.15602199789220011 	 0.0
0.15702199789220012 	 0.0
0.15802199789220012 	 0.0
0.15902199789220012 	 0.0
0.16002199789220012 	 0.0
0.16102199789220012 	 0.0
0.16202199789220012 	 0.0
0.16302199789220012 	 0.0
0.16402199789220012 	 0.0
0.16502199789220012 	 0.0
0.16602199789220012 	 0.0
0.16702199789220012 	 0.0
0.16802199789220013 	 0.0
0.16902199789220013 	 0.0
0.17002199789220013 	 0.0
0.17102199789220013 	 0.0
0.17202199789220013 	 0.0
0.17302199789220013 	 0.0
0.17402199789220013 	 0.0
0.17502199789220013 	 0.0
0.17602199789220013 	 0.0
0.17702199789220013 	 0.0
0.17802199789220013 	 0.0
0.17902199789220014 	 0.0
0.18002199789220014 	 0.0
0.18102199789220014 	 0.0
0.18202199789220014 	 0.0
0.18302199789220014 	 0.0
0.18402199789220014 	 0.0
0.18502199789220014 	 0.0
0.18602199789220014 	 0.0
0.18702199789220014 	 0.0
0.18802199789220014 	 0.0
0.18902199789220014 	 0.0
0.19002199789220015 	 0.0
0.19102199789220015 	 0.0
0.19202199789220015 	 0.0
0.19302199789220015 	 0.0
0.19402199789220015 	 0.0
0.19502199789220015 	 0.0
0.19602199789220015 	 0.0
0.19702199789220015 	 0.0
0.19802199789220015 	 0.0
0.19902199789220015 	 0.0
0.20002199789220015 	 0.0
0.20102199789220015 	 0.0
0.20202199789220016 	 0.0
0.20302199789220016 	 0.0
0.20402199789220016 	 0.0
0.20502199789220016 	 0.0
0.20602199789220016 	 0.0
0.20702199789220016 	 0.0
0.20802199789220016 	 0.0
0.20902199789220016 	 0.0
0.21002199789220016 	 0.0
0.21102199789220016 	 0.0
0.21202199789220016 	 0.005186043465657817
0.21302199789220017 	 0.0077457301377858575
0.21402199789220017 	 0.009383900289791752
0.21502199789220017 	 0.010572977424216203
0.21602199789220017 	 0.011479137222273336
0.21702199789220017 	 0.0121860793536142
0.21802199789220017 	 0.01274371615726015
0.21902199789220017 	 0.013184946575521956
0.22002199789220017 	 0.013532939989973358
0.22102199789220017 	 0.013804795122615243
0.22202199789220017 	 0.014013574652351648
0.22302199789220017 	 0.014169525250834107
0.22402199789220018 	 0.01428085312230983
0.22502199789220018 	 0.01435424046252943
0.22602199789220018 	 0.014395202680306958
0.22702199789220018 	 0.014408343378653753
0.22802199789220018 	 0.014397541243835677
0.22902199789220018 	 0.014366090151755141
0.23002199789220018 	 0.014316806260236754
0.23102199789220018 	 0.014252111255424053
0.23202199789220018 	 0.01417409801997262
0.23302199789220018 	 0.01408458310835707
0.23402199789220018 	 0.013985149161387869
0.23502199789220019 	 0.013877179538475625
0.23602199789220019 	 0.01376188685284113
0.2370219978922002 	 0.013640336674760662
0.2380219978922002 	 0.01351346736547786
0.2390219978922002 	 0.013382106783329165
0.2400219978922002 	 0.013246986439767485
0.2410219978922002 	 0.013108753559965573
0.2420219978922002 	 0.012967981409258412
0.2430219978922002 	 0.012825178174962874
0.2440219978922002 	 0.01268079463749503
0.2450219978922002 	 0.012535230821178286
0.2460219978922002 	 0.012388841780773496
0.2470219978922002 	 0.012241942652419622
0.2480219978922002 	 0.012094813075751968
0.2490219978922002 	 0.011947701076268006
0.2500219978922002 	 0.011800826482630075
0.2510219978922002 	 0.011654383941836828
0.2520219978922002 	 0.011508545585527894
0.2530219978922002 	 0.011363463392693743
0.2540219978922002 	 0.01121927128742216
0.2550219978922002 	 0.011076087004768495
0.2560219978922002 	 0.01093401375318727
0.2570219978922002 	 0.010793141698047517
0.2580219978922002 	 0.010653549287442618
0.2590219978922002 	 0.010515304438695916
0.2600219978922002 	 0.01037846560156903
0.2610219978922002 	 0.010243082712134343
0.2620219978922002 	 0.010109198049518393
0.2630219978922002 	 0.009976847006214633
0.2640219978922002 	 0.00984605878136194
0.2650219978922002 	 0.009716857005260052
0.2660219978922002 	 0.009589260302416667
0.2670219978922002 	 0.00946328279957222
0.2680219978922002 	 0.009338934584408843
0.2690219978922002 	 0.009216222120003812
0.2700219978922002 	 0.009095148619522644
0.2710219978922002 	 0.00897571438515061
0.2720219978922002 	 0.008857917114825833
0.2730219978922002 	 0.008741752179953188
0.2740219978922002 	 0.008627212876939534
0.2750219978922002 	 0.008514290655091832
0.2760219978922002 	 0.008402975323154637
0.2770219978922002 	 0.008293255236528739
0.2780219978922002 	 0.008185117467004396
0.2790219978922002 	 0.008078547956657089
0.2800219978922002 	 0.007973531657388646
0.2810219978922002 	 0.007870052657449582
0.2820219978922002 	 0.007768094296146905
0.2830219978922002 	 0.007667639267824377
0.28402199789220023 	 0.007568669716096807
0.28502199789220023 	 0.007471167319226117
0.28602199789220023 	 0.007375113367442088
0.28702199789220023 	 0.00728048883293494
0.28802199789220023 	 0.00718727443317878
0.28902199789220023 	 0.007095450688183314
0.29002199789220023 	 0.007004997972216193
0.29102199789220023 	 0.00691589656048836
0.29202199789220024 	 0.006828126671249748
0.29302199789220024 	 0.006741668503702164
0.29402199789220024 	 0.006656502272099463
0.29502199789220024 	 0.006572608236371776
0.29602199789220024 	 0.006489966729580536
0.29702199789220024 	 0.006408558182483879
0.29802199789220024 	 0.006328363145467171
0.29902199789220024 	 0.006249362308071032
0.30002199789220024 	 0.006171536516328873
0.30102199789220024 	 0.006094866788107467
0.30202199789220024 	 0.006019334326627266
0.30302199789220025 	 0.0059449205323238935
0.30402199789220025 	 0.005871607013198163
0.30502199789220025 	 0.005799375593789701
0.30602199789220025 	 0.005728208322897054
0.30702199789220025 	 0.005658087480157359
0.30802199789220025 	 0.005588995581588378
0.30902199789220025 	 0.005520915384187451
0.31002199789220025 	 0.005453829889673543
0.31102199789220025 	 0.005387722347451434
0.31202199789220025 	 0.005322576256870442
0.31302199789220025 	 0.005258375368843766
0.31402199789220026 	 0.005195103686889162
0.31502199789220026 	 0.005132745467646404
0.31602199789220026 	 0.005071285220922393
0.31702199789220026 	 0.005010707709310378
0.31802199789220026 	 0.0049509979474259835
0.31902199789220026 	 0.004892141200798955
0.32002199789220026 	 0.0048341229844564215
0.32102199789220026 	 0.004776929061230296
0.32202199789220026 	 0.004720545439818764
0.32302199789220026 	 0.0046649583726292194
0.32402199789220026 	 0.0046101543534276665
0.32502199789220027 	 0.004556120114817547
0.32602199789220027 	 0.004502842625568843
0.32702199789220027 	 0.004450309087816655
0.32802199789220027 	 0.004398506934146701
0.32902199789220027 	 0.00434742382458364
0.33002199789220027 	 0.0042970476434969086
0.33102199789220027 	 0.004247366496437185
0.33202199789220027 	 0.0041983687069156944
0.33302199789220027 	 0.004150042813137318
0.3340219978922003 	 0.004102377564697526
0.3350219978922003 	 0.004055361919252253
0.3360219978922003 	 0.004008985039169001
0.3370219978922003 	 0.003963236288166598
0.3380219978922003 	 0.0039181052279504995
0.3390219978922003 	 0.0038735816148497077
0.3400219978922003 	 0.0038296553964608194
0.3410219978922003 	 0.0037863167083043233
0.3420219978922003 	 0.0037435558704974827
0.3430219978922003 	 0.0037013633844479358
0.3440219978922003 	 0.003659729929571582
0.3450219978922003 	 0.00361864636003798
0.3460219978922003 	 0.0035781037015460903
0.3470219978922003 	 0.003538093148132923
0.3480219978922003 	 0.003498606059017331
0.3490219978922003 	 0.0034596339554808374
0.3500219978922003 	 0.0034211685177873126
0.3510219978922003 	 0.0033832015821428528
0.3520219978922003 	 0.003345725137697233
0.3530219978922003 	 0.003308731323587929
0.3540219978922003 	 0.0032722124260276507
0.3550219978922003 	 0.0032361608754360905
0.3560219978922003 	 0.003200569243616494
0.3570219978922003 	 0.003165430240977519
0.3580219978922003 	 0.0031307367138006807
0.3590219978922003 	 0.0030964816415536382
0.3600219978922003 	 0.003062658134249442
0.3610219978922003 	 0.0030292594298517556
0.3620219978922003 	 0.0029962788917260405
0.3630219978922003 	 0.002963710006136523
0.3640219978922003 	 0.0029315463797888112
0.3650219978922003 	 0.0028997817374178817
0.3660219978922003 	 0.002868409919421134
0.3670219978922003 	 0.002837424879536146
0.3680219978922003 	 0.0028068206825627826
0.3690219978922003 	 0.00277659150212915
0.3700219978922003 	 0.0027467316185010074
0.3710219978922003 	 0.0027172354164340467
0.3720219978922003 	 0.002688097383068612
0.3730219978922003 	 0.0026593121058662347
0.3740219978922003 	 0.0026308742705874553
0.3750219978922003 	 0.0026027786593103325
0.3760219978922003 	 0.002575020148489058
0.3770219978922003 	 0.0025475937070520297
0.3780219978922003 	 0.0025204943945388164
0.3790219978922003 	 0.002493717359275342
0.3800219978922003 	 0.00246725783658667
0.3810219978922003 	 0.002441111147046756
0.3820219978922003 	 0.002415272694764521
0.3830219978922003 	 0.0023897379657056026
0.3840219978922003 	 0.0023645025260491575
0.3850219978922003 	 0.0023395620205790345
0.3860219978922003 	 0.002314912171108731
0.3870219978922003 	 0.002290548774939461
0.3880219978922003 	 0.0022664677033507183
0.3890219978922003 	 0.002242664900122686
0.3900219978922003 	 0.0022191363800899084
0.3910219978922003 	 0.0021958782277255668
0.3920219978922003 	 0.0021728865957557813
0.3930219978922003 	 0.0021501577038032993
0.3940219978922003 	 0.0021276878370600355
0.3950219978922003 	 0.002105473344987785
0.39602199789220033 	 0.0020835106400466253
0.39702199789220033 	 0.0020617961964503498
0.39802199789220033 	 0.0020403265489484334
0.39902199789220033 	 0.0020190982916339292
0.40002199789220033 	 0.001998108076776774
0.40102199789220033 	 0.001977352613681954
0.40202199789220033 	 0.001956828667572009
0.40302199789220033 	 0.0019365330584933385
0.40402199789220034 	 0.0019164626602458227
0.40502199789220034 	 0.0018966143993352292
0.40602199789220034 	 0.0018769852539479298
0.40702199789220034 	 0.0018575722529474504
0.40802199789220034 	 0.0018383724748923494
0.40902199789220034 	 0.0018193830470749873
0.41002199789220034 	 0.0018006011445807196
0.41102199789220034 	 0.001782023989367064
0.41202199789220034 	 0.0017636488493624016
0.41302199789220034 	 0.0017454730375837954
0.41402199789220034 	 0.0017274939112734836
0.41502199789220034 	 0.0017097088710536401
0.41602199789220035 	 0.0016921153600990243
0.41702199789220035 	 0.0016747108633270852
0.41802199789220035 	 0.0016574929066051536
0.41902199789220035 	 0.0016404589147372894
0.42002199789220035 	 0.0016236068907262836
0.42102199789220035 	 0.0016069341318747923
0.42202199789220035 	 0.001590438365601089
0.42302199789220035 	 0.0015741172897998324
0.42402199789220035 	 0.0015579685851974739
0.42502199789220035 	 0.001541989941843421
0.42602199789220035 	 0.001526179060861012
0.42702199789220036 	 0.0015105336555856221
0.42802199789220036 	 0.0014950514527603406
0.42902199789220036 	 0.0014797301936186297
0.43002199789220036 	 0.0014645676349037985
0.43102199789220036 	 0.001449561549817135
0.43202199789220036 	 0.001434709728901492
0.43302199789220036 	 0.0014200099808630252
0.43402199789220036 	 0.0014054601333346164
0.43502199789220036 	 0.00139105803358416
0.43602199789220036 	 0.0013768015491707384
0.43702199789220036 	 0.0013626885685516384
0.43802199789220037 	 0.001348717001642922
0.43902199789220037 	 0.0013348847803362571
0.44002199789220037 	 0.0013211898589744714
0.44102199789220037 	 0.0013076302147882464
0.44202199789220037 	 0.00129420384829622
0.44302199789220037 	 0.001280908783670667
0.44402199789220037 	 0.001267743069070801
0.44502199789220037 	 0.0012547047769456404
0.4460219978922004 	 0.0012417920043083068
0.4470219978922004 	 0.001229002872983486
0.4480219978922004 	 0.0012163355298297123
0.4490219978922004 	 0.0012037881469380588
0.4500219978922004 	 0.00119135892180869
0.4510219978922004 	 0.0011790460775066933
0.4520219978922004 	 0.0011668478627985081
0.4530219978922004 	 0.0011547625522701785
0.4540219978922004 	 0.0011427884464286257
0.4550219978922004 	 0.0011309238717870063
0.4560219978922004 	 0.0011191671809352207
0.4570219978922004 	 0.0011075167525965064
0.4580219978922004 	 0.0010959709916710458
0.4590219978922004 	 0.0010845283292674084
0.4600219978922004 	 0.0010731872227226326
0.4610219978922004 	 0.001061946155611665
0.4620219978922004 	 0.0010508036377468366
0.4630219978922004 	 0.0010397582051679998
0.4640219978922004 	 0.0010288084201239074
0.4650219978922004 	 0.0010179528710453618
0.4660219978922004 	 0.0010071901725106115
0.4670219978922004 	 0.0009965189652034424
0.4680219978922004 	 0.0009859379158643664
0.4690219978922004 	 0.0009754457172352529
0.4700219978922004 	 0.0009650410879977324
0.4710219978922004 	 0.000954722772705668
0.4720219978922004 	 0.0009444895417119076
0.4730219978922004 	 0.0009343401910895823
0.4740219978922004 	 0.0009242735425480842
0.4750219978922004 	 0.0009142884433439075
0.4760219978922004 	 0.000904383766186471
0.4770219978922004 	 0.0008945584091390022
0.4780219978922004 	 0.0008848112955145666
0.4790219978922004 	 0.0008751413737672834
0.4800219978922004 	 0.000865547617378718
0.4810219978922004 	 0.0008560290247395518
0.4820219978922004 	 0.0008465846190261725
0.4830219978922004 	 0.0008372134480732433
0.4840219978922004 	 0.0008279145842383
0.4850219978922004 	 0.0008186871242723453
0.4860219978922004 	 0.0008095301891451615
0.4870219978922004 	 0.0008004429233244043
0.4880219978922004 	 0.0007914244970920292
0.4890219978922004 	 0.0007824741026177799
0.4900219978922004 	 0.000773590956343186
0.4910219978922004 	 0.0007647742981355623
0.4920219978922004 	 0.0007560233911375176
0.4930219978922004 	 0.0007473375215772643
0.4940219978922004 	 0.0007387159985812452
0.4950219978922004 	 0.0007301581539779703
0.4960219978922004 	 0.0007216633420957314
0.4970219978922004 	 0.0007132309395532477
0.4980219978922004 	 0.000704860345043257
0.4990219978922004 	 0.0006965509791087831
0.5000219978922004 	 0.00068830228391193
0.5010219978922004 	 0.0006801137229949817
0.5020219978922004 	 0.000671984781033645
0.5030219978922004 	 0.0006639149635822419
0.5040219978922004 	 0.0006559037968106791
0.5050219978922004 	 0.0006479508272330464
0.5060219978922004 	 0.0006400556214276581
0.5070219978922004 	 0.000632217765748426
0.5080219978922004 	 0.0006244368660274108
0.5090219978922004 	 0.0006167125472684354
0.5100219978922004 	 0.0006090444533316617
0.5110219978922004 	 0.0006014322466090391
0.5120219978922004 	 0.0005938756076905437
0.5130219978922004 	 0.000586374235021172
0.5140219978922004 	 0.0005789278445486302
0.5150219978922004 	 0.0005715361693617256
0.5160219978922004 	 0.0005641989593194476
0.5170219978922004 	 0.0005569159806707747
0.5180219978922004 	 0.0005496870156652565
0.5190219978922004 	 0.0005425118621544386
0.5200219978922004 	 0.0005353903331842295
0.5210219978922004 	 0.0005283222565783558
0.5220219978922004 	 0.0005213074745129325
0.5230219978922004 	 0.0005143458430827695
0.5240219978922004 	 0.0005074372318580098
0.5250219978922004 	 0.000500581523437117
0.5260219978922004 	 0.0004937786129754458
0.5270219978922004 	 0.00048702840748448737
0.5280219978922004 	 0.0004803308263778157
0.5290219978922004 	 0.00047368579942145964
0.5300219978922004 	 0.0004670932671693337
0.5310219978922004 	 0.0004605531807962377
0.5320219978922004 	 0.00045406550067286403
0.5330219978922004 	 0.0004476301964964804
0.5340219978922004 	 0.00044124724661184816
0.5350219978922004 	 0.00043491663750339803
0.5360219978922004 	 0.00042863836327548664
0.5370219978922004 	 0.0004224124251313051
0.5380219978922004 	 0.0004162388308483786
0.5390219978922004 	 0.0004101175942519102
0.5400219978922004 	 0.0004040487346863872
0.5410219978922004 	 0.00039803227648612223
0.5420219978922004 	 0.0003920682484452609
0.5430219978922004 	 0.0003861566832882128
0.5440219978922004 	 0.0003802976171400451
0.5450219978922004 	 0.0003744910890015108
0.5460219978922004 	 0.0003687371402149136
0.5470219978922004 	 0.00036303581378468986
0.5480219978922004 	 0.0003573871545360436
0.5490219978922004 	 0.00035179120455841215
0.5500219978922004 	 0.0003462479995228234
0.5510219978922004 	 0.0003407575750256935
0.5520219978922004 	 0.0003353199672322819
0.5530219978922004 	 0.0003299352122992667
0.5540219978922004 	 0.0003246033458108159
0.5550219978922004 	 0.00031932440222572935
0.5560219978922004 	 0.00031409841433701523
0.5570219978922004 	 0.0003089254127442629
0.5580219978922004 	 0.00030380542533942225
0.5590219978922004 	 0.0002987384768065202
0.5600219978922004 	 0.00029372458813583884
0.5610219978922004 	 0.000288763776153079
0.5620219978922004 	 0.0002838560530639501
0.5630219978922004 	 0.0002790014260148002
0.5640219978922004 	 0.00027419989666921504
0.5650219978922004 	 0.0002694514608028272
0.5660219978922004 	 0.0002647561079101724
0.5670219978922004 	 0.00026011382076287365
0.5680219978922004 	 0.00025552457536288985
0.5690219978922004 	 0.000250988340133714
0.5700219978922004 	 0.0002465050759265406
0.5710219978922004 	 0.00024207473563538128
0.5720219978922004 	 0.00023769726392063698
0.5730219978922004 	 0.0002333725969475811
0.5740219978922004 	 0.00022910066214502675
0.5750219978922004 	 0.0002248813779829359
0.5760219978922004 	 0.00022071465376936327
0.5770219978922004 	 0.00021660038946666452
0.5780219978922004 	 0.00021253847552696296
0.5790219978922004 	 0.00020852879274680633
0.5800219978922004 	 0.00020457121214096074
0.5810219978922004 	 0.00020066559483503988
0.5820219978922004 	 0.00019681179197742128
0.5830219978922004 	 0.0001930096446680346
0.5840219978922004 	 0.00018925898388348817
0.5850219978922004 	 0.00018555963054622636
0.5860219978922004 	 0.00018191139535049926
0.5870219978922004 	 0.00017831407887262837
0.5880219978922004 	 0.000174767471561406
0.5890219978922004 	 0.00017127135377325417
0.5900219978922004 	 0.00016782549579576263
0.5910219978922004 	 0.0001644296580394047
0.5920219978922004 	 0.00016108359092932898
0.5930219978922004 	 0.00015778703513228656
0.5940219978922004 	 0.00015453972164465775
0.5950219978922004 	 0.000151341371903968
0.5960219978922005 	 0.00014819169793957155
0.5970219978922005 	 0.0001450904025223766
0.5980219978922005 	 0.00014203717932979106
0.5990219978922005 	 0.00013903171312219215
0.6000219978922005 	 0.0001360736799304748
0.6010219978922005 	 0.0001331627472540392
0.6020219978922005 	 0.00013029857426862247
0.6030219978922005 	 0.00012748081204336237
0.6040219978922005 	 0.00012470910376647412
0.6050219978922005 	 0.00012198308497894783
0.6060219978922005 	 0.00011930238381556736
0.6070219978922005 	 0.00011666662125294595
0.6080219978922005 	 0.00011407541136286242
0.6090219978922005 	 0.00011152836156025607
0.6100219978922005 	 0.00010902507291865232
0.6110219978922005 	 0.00010656514036034422
0.6120219978922005 	 0.00010414815298306687
0.6130219978922005 	 0.00010177369432143844
0.6140219978922005 	 9.944134262617053e-05
0.6150219978922005 	 9.71506711442573e-05
0.6160219978922005 	 9.490124839515379e-05
0.6170219978922005 	 9.2692638481029e-05
0.6180219978922005 	 9.052440132882619e-05
0.6190219978922005 	 8.839609300289941e-05
0.6200219978922005 	 8.630726598080234e-05
0.6210219978922005 	 8.425746943619103e-05
0.6220219978922005 	 8.22462495200549e-05
0.6230219978922005 	 8.027314964030153e-05
0.6240219978922005 	 7.8337710739178e-05
0.6250219978922005 	 7.643947156817091e-05
0.6260219978922005 	 7.45779689600137e-05
0.6270219978922005 	 7.27527380974541e-05
0.6280219978922005 	 7.096331277845531e-05
0.6290219978922005 	 6.920922567751793e-05
0.6300219978922005 	 6.749000860284225e-05
0.6310219978922005 	 6.580519274903342e-05
0.6320219978922005 	 6.415430894518307e-05
0.6330219978922005 	 6.253688789779988e-05
0.6340219978922005 	 6.095246042599256e-05
0.6350219978922005 	 5.940055770644001e-05
0.6360219978922005 	 5.788071147897683e-05
0.6370219978922005 	 5.639245429107153e-05
0.6380219978922005 	 5.4935319694785424e-05
0.6390219978922005 	 5.3508842466984246e-05
0.6400219978922005 	 5.211255881015508e-05
0.6410219978922005 	 5.0746006550003566e-05
0.6420219978922005 	 4.940872532668507e-05
0.6430219978922005 	 4.810025677977689e-05
0.6440219978922005 	 4.682014472689749e-05
0.6450219978922005 	 4.556793533594818e-05
0.6460219978922005 	 4.43431772909491e-05
0.6470219978922005 	 4.314542195146454e-05
0.6480219978922005 	 4.197422350560585e-05
0.6490219978922005 	 4.0829139116662436e-05
0.6500219978922005 	 3.97097290632652e-05
0.6510219978922005 	 3.861555687212356e-05
0.6520219978922005 	 3.754618945072415e-05
0.6530219978922005 	 3.6501197200761825e-05
0.6540219978922005 	 3.548015413875126e-05
0.6550219978922005 	 3.448263800362352e-05
0.6560219978922005 	 3.350823035980081e-05
0.6570219978922005 	 3.255651669425564e-05
0.6580219978922005 	 3.162708650772753e-05
0.6590219978922005 	 3.071953340017457e-05
0.6600219978922005 	 2.9833455150566986e-05
0.6610219978922005 	 2.896845379112942e-05
0.6620219978922005 	 2.8124135676143626e-05
0.6630219978922005 	 2.730011154542949e-05
0.6640219978922005 	 2.6495996582617658e-05
0.6650219978922005 	 2.5711410468285214e-05
0.6660219978922005 	 2.494597742846603e-05
0.6670219978922005 	 2.4199326277647783e-05
0.6680219978922005 	 2.3471090457763383e-05
0.6690219978922005 	 2.276090807198546e-05
0.6700219978922005 	 2.2068421915682146e-05
0.6710219978922005 	 2.1393279499913516e-05
0.6720219978922005 	 2.073513307401213e-05
0.6730219978922005 	 2.0093639642449534e-05
0.6740219978922005 	 1.946846097818049e-05
0.6750219978922005 	 1.8859263632195508e-05
0.6760219978922005 	 1.826571893927307e-05
0.6770219978922005 	 1.7687503021256608e-05
0.6780219978922005 	 1.7124296784843555e-05
0.6790219978922005 	 1.6575785918328534e-05
0.6800219978922005 	 1.6041660884114786e-05
0.6810219978922005 	 1.5521616908500445e-05
0.6820219978922005 	 1.5015353968607729e-05
0.6830219978922005 	 1.4522576776593331e-05
0.6840219978922005 	 1.4042994761258828e-05
0.6850219978922005 	 1.3576322047185459e-05
0.6860219978922005 	 1.3122277431502017e-05
0.6870219978922005 	 1.268058435831996e-05
0.6880219978922005 	 1.2250970891559753e-05
0.6890219978922005 	 1.1833169684674782e-05
0.6900219978922005 	 1.142691794957706e-05
0.6910219978922005 	 1.103195742306658e-05
0.6920219978922005 	 1.0648034332352235e-05
0.6930219978922005 	 1.0274899357589139e-05
0.6940219978922005 	 9.912307594339647e-06
0.6950219978922005 	 9.560018513896874e-06
0.6960219978922005 	 9.217795922460055e-06
0.6970219978922005 	 8.88540791908456e-06
0.6980219978922005 	 8.562626852502447e-06
0.6990219978922005 	 8.249229276896876e-06
0.7000219978922005 	 7.944995906712728e-06
0.7010219978922005 	 7.64971157058294e-06
0.7020219978922005 	 7.3631651644478165e-06
0.7030219978922005 	 7.08514960394082e-06
0.7040219978922005 	 6.8154617761131454e-06
0.7050219978922005 	 6.553902490565407e-06
0.7060219978922005 	 6.3002764300531665e-06
0.7070219978922005 	 6.054392100629904e-06
0.7080219978922005 	 5.816061781388998e-06
0.7090219978922006 	 5.585101473863218e-06
0.7100219978922006 	 5.361330851138555e-06
0.7110219978922006 	 5.144573206736196e-06
0.7120219978922006 	 4.934655403314411e-06
0.7130219978922006 	 4.7314078212399225e-06
0.7140219978922006 	 4.534664307075985e-06
0.7150219978922006 	 4.344262122032213e-06
0.7160219978922006 	 4.160041890417288e-06
0.7170219978922006 	 3.9818475481387125e-06
0.7180219978922006 	 3.809526291306659e-06
0.7190219978922006 	 3.6429285249012803e-06
0.7200219978922006 	 3.4819078116646097e-06
0.7210219978922006 	 3.3263208211439095e-06
0.7220219978922006 	 3.17602727896475e-06
0.7230219978922006 	 3.0308899163540288e-06
0.7240219978922006 	 2.89077441994172e-06
0.7250219978922006 	 2.7555493818671364e-06
0.7260219978922006 	 2.625086250214792e-06
0.7270219978922006 	 2.499259279802715e-06
0.7280219978922006 	 2.3779454833452075e-06
0.7290219978922006 	 2.261024583010105e-06
0.7300219978922006 	 2.14837896238963e-06
0.7310219978922006 	 2.0398936189021376e-06
0.7320219978922006 	 1.9354561166394256e-06
0.7330219978922006 	 1.8349565396872567e-06
0.7340219978922006 	 1.738287445899698e-06
0.7350219978922006 	 1.6453438211859692e-06
0.7360219978922006 	 1.556023034285332e-06
0.7370219978922006 	 1.4702247920584837e-06
0.7380219978922006 	 1.3878510952957346e-06
0.7390219978922006 	 1.3088061950589588e-06
0.7400219978922006 	 1.2329965495591362e-06
0.7410219978922006 	 1.1603307815787658e-06
0.7420219978922006 	 1.0907196364447642e-06
0.7430219978922006 	 1.0240759405571908e-06
0.7440219978922006 	 9.6031456047822e-07
0.7450219978922006 	 8.993523625852726e-07
0.7460219978922006 	 8.4110817329132e-07
0.7470219978922006 	 7.855027398349088e-07
0.7480219978922006 	 7.324586916417501e-07
0.7490219978922006 	 6.819005022591232e-07
0.7500219978922006 	 6.337544518639655e-07
0.7510219978922006 	 5.879485903447763e-07
0.7520219978922006 	 5.444127009572832e-07
0.7530219978922006 	 5.030782645531385e-07
0.7540219978922006 	 4.6387842438079483e-07
0.7550219978922006 	 4.2674795145709573e-07
0.7560219978922006 	 3.916232105085688e-07
0.7570219978922006 	 3.5844212647950663e-07
0.7580219978922006 	 3.2714415160662517e-07
0.7590219978922006 	 2.976702330572863e-07
0.7600219978922006 	 2.6996278113020876e-07
0.7610219978922006 	 2.439656380173892e-07
0.7620219978922006 	 2.1962404712671226e-07
0.7630219978922006 	 1.968846229658609e-07
0.7640219978922006 	 1.7569532158979459e-07
0.7650219978922006 	 1.5600541161672774e-07
0.7660219978922006 	 1.377654458207846e-07
0.7670219978922006 	 1.2092723331587823e-07
0.7680219978922006 	 1.0544381235231092e-07
0.7690219978922006 	 9.126942375969302e-08
0.7700219978922006 	 7.835948508477118e-08
0.7710219978922006 	 6.66705654947519e-08
0.7720219978922006 	 5.616036153545429e-08
0.7730219978922006 	 4.6787673859058155e-08
0.7740219978922006 	 3.8512384976279214e-08
0.7750219978922006 	 3.129543798552849e-08
0.7760219978922006 	 2.5098815424067938e-08
0.7770219978922006 	 1.9885516092805815e-08
0.7780219978922006 	 1.561952181194908e-08
0.7790219978922006 	 1.2265737527440997e-08
0.7800219978922006 	 9.789859728187715e-09
0.7810219978922006 	 8.158131803714982e-09
0.7820219978922006 	 7.337090654803579e-09
0.7830219978922006 	 7.294252388421005e-09
0.7840219978922006 	 7.999103768468306e-09
0.7850219978922006 	 9.422763897918523e-09
0.7860219978922006 	 1.1537200415181805e-08
0.7870219978922006 	 1.4314743528145787e-08
0.7880219978922006 	 1.772804112848993e-08
0.7890219978922006 	 2.175029568848906e-08
0.7900219978922006 	 2.635540710835999e-08
0.7910219978922006 	 3.151801682919634e-08
0.7920219978922006 	 3.7213501897078726e-08
0.7930219978922006 	 4.341795454578694e-08
0.7940219978922006 	 5.010815913949482e-08
0.7950219978922006 	 5.726157052762188e-08
0.7960219978922006 	 6.485629425339466e-08
0.7970219978922006 	 7.2871068418485e-08
0.7980219978922006 	 8.128524681478588e-08
0.7990219978922006 	 9.007878302520356e-08
0.8000219978922006 	 9.923221527243938e-08
0.8010219978922006 	 1.0872665186759168e-07
0.8020219978922006 	 1.1854375715806169e-07
0.8030219978922006 	 1.2866573790714904e-07
0.8040219978922006 	 1.3907533005880555e-07
0.8050219978922006 	 1.4975578585492377e-07
0.8060219978922006 	 1.6069086128152825e-07
0.8070219978922006 	 1.7186480382616336e-07
0.8080219978922006 	 1.8326234053281634e-07
0.8090219978922006 	 1.948686663432898e-07
0.8100219978922006 	 2.0666943271585151e-07
0.8110219978922006 	 2.1865073651321627e-07
0.8120219978922006 	 2.3079910915284829e-07
0.8130219978922006 	 2.431015060132313e-07
0.8140219978922006 	 2.5554529609021236e-07
0.8150219978922006 	 2.68118251897928e-07
0.8160219978922006 	 2.8080853960909327e-07
0.8170219978922006 	 2.9360470942965674e-07
0.8180219978922006 	 3.0649568620303265e-07
0.8190219978922006 	 3.1947076023926414e-07
0.8200219978922006 	 3.3251957836461536e-07
0.8210219978922007 	 3.456321351872195e-07
0.8220219978922007 	 3.587987645745152e-07
0.8230219978922007 	 3.7201013133829777e-07
0.8240219978922007 	 3.852572231233164e-07
0.8250219978922007 	 3.9853134249544715e-07
0.8260219978922007 	 4.1182409922552764e-07
0.8270219978922007 	 4.251274027650509e-07
0.8280219978922007 	 4.384334549099752e-07
0.8290219978922007 	 4.517347426489884e-07
0.8300219978922007 	 4.6502403119263745e-07
0.8310219978922007 	 4.782943571798063e-07
0.8320219978922007 	 4.915390220580869e-07
0.8330219978922007 	 5.047515856346596e-07
0.8340219978922007 	 5.179258597943638e-07
0.8350219978922007 	 5.310559023816825e-07
0.8360219978922007 	 5.441360112434704e-07
0.8370219978922007 	 5.571607184292388e-07
0.8380219978922007 	 5.701247845459434e-07
0.8390219978922007 	 5.830231932642035e-07
0.8400219978922007 	 5.95851145972983e-07
0.8410219978922007 	 6.08604056579783e-07
0.8420219978922007 	 6.212775464534337e-07
0.8430219978922007 	 6.338674395066361e-07
0.8440219978922007 	 6.463697574154292e-07
0.8450219978922007 	 6.587807149727829e-07
0.8460219978922007 	 6.710967155735718e-07
0.8470219978922007 	 6.833143468281917e-07
0.8480219978922007 	 6.954303763020897e-07
0.8490219978922007 	 7.074417473786737e-07
0.8500219978922007 	 7.193455752425724e-07
0.8510219978922007 	 7.311391429810667e-07
0.8520219978922007 	 7.428198978007093e-07
0.8530219978922007 	 7.543854473566225e-07
0.8540219978922007 	 7.65833556191848e-07
0.8550219978922007 	 7.771621422840894e-07
0.8560219978922007 	 7.883692736972529e-07
0.8570219978922007 	 7.994531653351258e-07
0.8580219978922007 	 8.104121757945707e-07
0.8590219978922007 	 8.212448043155617e-07
0.8600219978922007 	 8.319496878254266e-07
0.8610219978922007 	 8.425255980746059e-07
0.8620219978922007 	 8.529714388612251e-07
0.8630219978922007 	 8.632862433418017e-07
0.8640219978922007 	 8.734691714253374e-07
0.8650219978922007 	 8.835195072480797e-07
0.8660219978922007 	 8.934366567261913e-07
0.8670219978922007 	 9.032201451835766e-07
0.8680219978922007 	 9.128696150520864e-07
0.8690219978922007 	 9.223848236413429e-07
0.8700219978922007 	 9.317656409754117e-07
0.8710219978922007 	 9.410120476934992e-07
0.8720219978922007 	 9.501241330123416e-07
0.8730219978922007 	 9.591020927465295e-07
0.8740219978922007 	 9.679462273855175e-07
0.8750219978922007 	 9.7665694022358e-07
0.8760219978922007 	 9.85234735540656e-07
0.8770219978922007 	 9.936802168314648e-07
0.8780219978922007 	 1.00199408508053e-06
0.8790219978922007 	 1.0101771370808686e-06
0.8800219978922007 	 1.0182302637941557e-06
0.8810219978922007 	 1.0261544487504517e-06
0.8820219978922007 	 1.033950766485631e-06
0.8830219978922007 	 1.0416203810149815e-06
0.8840219978922007 	 1.04916454434156e-06
0.8850219978922007 	 1.0565845949982194e-06
0.8860219978922007 	 1.0638819566224899e-06
0.8870219978922007 	 1.0710581365637798e-06
0.8880219978922007 	 1.078114724522748e-06
0.8890219978922007 	 1.085053391223027e-06
0.8900219978922007 	 1.0918758871158906e-06
0.8910219978922007 	 1.098584041118909e-06
0.8920219978922007 	 1.105179759390031e-06
0.8930219978922007 	 1.1116650241391036e-06
0.8940219978922007 	 1.118041892479231e-06
0.8950219978922007 	 1.1243124953212507e-06
0.8960219978922007 	 1.1304790363136008e-06
0.8970219978922007 	 1.1365437908349137e-06
0.8980219978922007 	 1.1425091050398186e-06
0.8990219978922007 	 1.1483773949665705e-06
0.9000219978922007 	 1.1541511457113023e-06
0.9010219978922007 	 1.1598329106757127e-06
0.9020219978922007 	 1.1654253108955211e-06
0.9030219978922007 	 1.1709310344562098e-06
0.9040219978922007 	 1.1763528360170504e-06
0.9050219978922007 	 1.1816935364203768e-06
0.9060219978922007 	 1.1869560224416527e-06
0.9070219978922007 	 1.1921432466559293e-06
0.9080219978922007 	 1.1972582274486017e-06
0.9090219978922007 	 1.2023040491786821e-06
0.9100219978922007 	 1.207283862509975e-06
0.9110219978922007 	 1.2122008849233765e-06
0.9120219978922007 	 1.2170584014272489e-06
0.9130219978922007 	 1.2218597654803955e-06
0.9140219978922007 	 1.2266084001471218e-06
0.9150219978922007 	 1.2313077995020934e-06
0.9160219978922007 	 1.2359615303052405e-06
0.9170219978922007 	 1.2405732339673758e-06
0.9180219978922007 	 1.2451466288304378e-06
0.9190219978922007 	 1.2496855127853105e-06
0.9200219978922007 	 1.2541937662541898e-06
0.9210219978922007 	 1.2586753555649701e-06
0.9220219978922007 	 1.2631343367478008e-06
0.9230219978922007 	 1.267574859786572e-06
0.9240219978922007 	 1.2720011733594736e-06
0.9250219978922007 	 1.2764176301077716e-06
0.9260219978922007 	 1.2808286924732962e-06
0.9270219978922007 	 1.2852389391496518e-06
0.9280219978922007 	 1.2896530721962988e-06
0.9290219978922007 	 1.2940759248701554e-06
0.9300219978922007 	 1.2985124702303435e-06
0.9310219978922007 	 1.3029678305873043e-06
0.9320219978922007 	 1.307447287858712e-06
0.9330219978922007 	 1.3119562949196215e-06
0.9340219978922008 	 1.3165004880286362e-06
0.9350219978922008 	 1.3210857004288707e-06
0.9360219978922008 	 1.325717977230488e-06
0.9370219978922008 	 1.3304035916953994e-06
0.9380219978922008 	 1.3351490630551723e-06
0.9390219978922008 	 1.3399611760138076e-06
0.9400219978922008 	 1.344847002099918e-06
0.9410219978922008 	 1.3498139230557796e-06
0.9420219978922008 	 1.3548696564726638e-06
0.9430219978922008 	 1.3600222839079536e-06
0.9440219978922008 	 1.365280281750645e-06
0.9450219978922008 	 1.3706525551326187e-06
0.9460219978922008 	 1.3761484752259346e-06
0.9470219978922008 	 1.3817779203155625e-06
0.9480219978922008 	 1.38755132110695e-06
0.9490219978922008 	 1.393479710368788e-06
0.9500219978922008 	 1.3995747792482181e-06
0.9510219978922008 	 1.4058489365533982e-06
0.9520219978922008 	 1.4123153783942247e-06
0.9530219978922008 	 1.4189881624201628e-06
0.9540219978922008 	 1.4258822918505481e-06
0.9550219978922008 	 1.4330138087880422e-06
0.9560219978922008 	 1.4403998982699467e-06
0.9570219978922008 	 1.4480590049960522e-06
0.9580219978922008 	 1.4560109638222072e-06
0.9590219978922008 	 1.4642771465375036e-06
0.9600219978922008 	 1.4728806269315117e-06
0.9610219978922008 	 1.4818463674062286e-06
0.9620219978922008 	 1.491201429546269e-06
0.9630219978922008 	 1.5009752132751888e-06
0.9640219978922008 	 1.5111997285736525e-06
0.9650219978922008 	 1.5219099052523866e-06
0.9660219978922008 	 1.5331439470688115e-06
0.9670219978922008 	 1.5449437377350446e-06
0.9680219978922008 	 1.5573553078549899e-06
0.9690219978922008 	 1.570429373658202e-06
0.9700219978922008 	 1.5842219606681583e-06
0.9710219978922008 	 1.5987951282303501e-06
0.9720219978922008 	 1.6142178143200137e-06
0.9730219978922008 	 1.6305668243950818e-06
0.9740219978922008 	 1.6479279935525447e-06
0.9750219978922008 	 1.6663975581915841e-06
0.9760219978922008 	 1.6860837821707638e-06
0.9770219978922008 	 1.7071088932285694e-06
0.9780219978922008 	 1.7296114050830854e-06
0.9790219978922008 	 1.753748897653242e-06
0.9800219978922008 	 1.7797014082825724e-06
0.9810219978922008 	 1.8076755274275563e-06
0.9820219978922008 	 1.8379094366990452e-06
0.9830219978922008 	 1.8706791105047448e-06
0.9840219978922008 	 1.906306016061408e-06
0.9850219978922008 	 1.9451667428247825e-06
0.9860219978922008 	 1.9877051405282856e-06
0.9870219978922008 	 2.0344477487976454e-06
0.9880219978922008 	 2.0797678952117257e-06
0.9890219978922008 	 2.1160452860526997e-06
0.9900219978922008 	 2.1463947233128943e-06
0.9910219978922008 	 2.1706299485738176e-06
0.9920219978922008 	 2.187822321342007e-06
0.9930219978922008 	 2.1966183338309264e-06
0.9940219978922008 	 2.195342635970359e-06
0.9950219978922008 	 2.182074979553266e-06
0.9960219978922008 	 2.1392264134346577e-06
0.9970219978922008 	 2.058124694778888e-06
0.9980219978922008 	 1.9474257901800986e-06
0.9990219978922008 	 1.811947579959442e-06
1.0000219978922007 	 1.6572332644049927e-06
1.0010219978922006 	 1.4896756582336489e-06
1.0020219978922005 	 1.3160508965866647e-06
1.0030219978922004 	 1.1428893676378463e-06
1.0040219978922003 	 9.759002482577537e-07
1.0050219978922001 	 8.195795653789291e-07
1.0060219978922 	 6.770483596659044e-07
1.0070219978922 	 5.500974225657118e-07
1.0080219978921998 	 4.393745703618511e-07
1.0090219978921997 	 3.4464150107339105e-07
1.0100219978921996 	 2.65040057758614e-07
1.0110219978921995 	 1.9932923815719279e-07
1.0120219978921994 	 1.460747657717227e-07
1.0130219978921993 	 1.0378799713787285e-07
1.0140219978921992 	 7.101940768166102e-08
1.015021997892199 	 4.641580793331106e-08
1.016021997892199 	 2.8750431681468762e-08
1.0170219978921988 	 1.693471830570291e-08
1.0180219978921987 	 1.00172822293241e-08
1.0190219978921986 	 7.175445763751343e-09
1.0200219978921985 	 7.696913825049545e-09
1.0210219978921984 	 1.0990463338756656e-08
1.0220219978921983 	 1.6551207448019757e-08
1.0230219978921982 	 2.395480118303202e-08
1.024021997892198 	 3.2841032965599375e-08
1.025021997892198 	 4.290948606193649e-08
1.0260219978921978 	 5.390830212093381e-08
1.0270219978921977 	 6.562756945166533e-08
1.0280219978921976 	 7.789211925256692e-08
1.0290219978921975 	 9.055617580837403e-08
1.0300219978921974 	 1.0349852850997845e-07
1.0310219978921973 	 1.1661859969722627e-07
1.0320219978921972 	 1.298330932966575e-07
1.033021997892197 	 1.4307320252031476e-07
1.034021997892197 	 1.5628226342254942e-07
1.0350219978921968 	 1.694137915171654e-07
1.0360219978921967 	 1.8242983631625782e-07
1.0370219978921966 	 1.9529960285196725e-07
1.0380219978921965 	 2.0799829605762367e-07
1.0390219978921964 	 2.2050615149439722e-07
1.0400219978921963 	 2.328076217772286e-07
1.0410219978921962 	 2.4489069317554593e-07
1.042021997892196 	 2.567463110980766e-07
1.043021997892196 	 2.6836789672432324e-07
1.0440219978921959 	 2.7975094000046843e-07
1.0450219978921957 	 2.908926566774694e-07
1.0460219978921956 	 3.017916990985603e-07
1.0470219978921955 	 3.1244791222755187e-07
1.0480219978921954 	 3.228621275996539e-07
1.0490219978921953 	 3.3303598936871125e-07
1.0500219978921952 	 3.429718073360356e-07
1.051021997892195 	 3.5267243276961586e-07
1.052021997892195 	 3.621411534575385e-07
1.0530219978921949 	 3.7138160514854965e-07
1.0540219978921948 	 3.8039769665538825e-07
1.0550219978921946 	 3.891935467597595e-07
1.0560219978921945 	 3.977734309882899e-07
1.0570219978921944 	 4.061417368178109e-07
1.0580219978921943 	 4.1430292603136947e-07
1.0590219978921942 	 4.22261503153351e-07
1.060021997892194 	 4.300219890531947e-07
1.061021997892194 	 4.375888989463988e-07
1.0620219978921939 	 4.449666764741282e-07
1.0630219978921938 	 4.521591786871253e-07
1.0640219978921936 	 4.591708022503255e-07
1.0650219978921935 	 4.660059002137999e-07
1.0660219978921934 	 4.726687224717347e-07
1.0670219978921933 	 4.791634342833786e-07
1.0680219978921932 	 4.854941168018402e-07
1.069021997892193 	 4.916647649924013e-07
1.070021997892193 	 4.976792862003372e-07
1.0710219978921929 	 5.035414981211013e-07
1.0720219978921928 	 5.092551283909086e-07
1.0730219978921927 	 5.148238138431565e-07
1.0740219978921925 	 5.202511005882764e-07
1.0750219978921924 	 5.255404444087524e-07
1.0760219978921923 	 5.306952114396067e-07
1.0770219978921922 	 5.357186793434967e-07
1.078021997892192 	 5.406140382761837e-07
1.079021997892192 	 5.453843924755542e-07
1.0800219978921919 	 5.500327617347844e-07
1.0810219978921918 	 5.545620832748687e-07
1.0820219978921917 	 5.589752132309085e-07
1.0830219978921916 	 5.632749286364785e-07
1.0840219978921914 	 5.674639294683137e-07
1.0850219978921913 	 5.715448401557749e-07
1.0860219978921912 	 5.75520212105679e-07
1.0870219978921911 	 5.793925251594225e-07
1.088021997892191 	 5.831641895950811e-07
1.089021997892191 	 5.868375482707421e-07
1.0900219978921908 	 5.904148785471117e-07
1.0910219978921907 	 5.938983939403164e-07
1.0920219978921906 	 5.972902460308959e-07
1.0930219978921905 	 6.005925262311758e-07
1.0940219978921903 	 6.038072682207814e-07
1.0950219978921902 	 6.069364485652625e-07
1.0960219978921901 	 6.099819892475713e-07
1.09702199789219 	 6.129457592647187e-07
1.09802199789219 	 6.158295758348093e-07
1.0990219978921898 	 6.186352064522832e-07
1.1000219978921897 	 6.213643690494976e-07
1.1010219978921896 	 6.24018740592385e-07
1.1020219978921895 	 6.266002234752535e-07
1.1030219978921894 	 6.291102948185081e-07
1.1040219978921892 	 6.315503175391989e-07
1.1050219978921891 	 6.339216647765611e-07
1.106021997892189 	 6.362257197286062e-07
1.107021997892189 	 6.384638763712448e-07
1.1080219978921888 	 6.406375390066497e-07
1.1090219978921887 	 6.427481224657853e-07
1.1100219978921886 	 6.447970521955139e-07
1.1110219978921885 	 6.467857635962099e-07
1.1120219978921884 	 6.487156327139482e-07
1.1130219978921883 	 6.50587781119176e-07
1.1140219978921881 	 6.524032709552971e-07
1.115021997892188 	 6.541631647801068e-07
1.116021997892188 	 6.558685267105159e-07
1.1170219978921878 	 6.575204212728916e-07
1.1180219978921877 	 6.591199144444686e-07
1.1190219978921876 	 6.606680735314506e-07
1.1200219978921875 	 6.62165966640943e-07
1.1210219978921874 	 6.636146636106136e-07
1.1220219978921873 	 6.650151948595185e-07
1.1230219978921872 	 6.663684429421691e-07
1.124021997892187 	 6.676752523751374e-07
1.125021997892187 	 6.689364659642663e-07
1.1260219978921868 	 6.701529234756096e-07
1.1270219978921867 	 6.713254627107701e-07
1.1280219978921866 	 6.724549187956868e-07
1.1290219978921865 	 6.735421252314529e-07
1.1300219978921864 	 6.745879124307371e-07
1.1310219978921863 	 6.755931095122155e-07
1.1320219978921862 	 6.76558516425186e-07
1.133021997892186 	 6.774848338341233e-07
1.134021997892186 	 6.783727352809451e-07
1.1350219978921858 	 6.792157940096856e-07
1.1360219978921857 	 6.800291719144885e-07
1.1370219978921856 	 6.808061249805807e-07
1.1380219978921855 	 6.815473124599077e-07
1.1390219978921854 	 6.822533898663303e-07
1.1400219978921853 	 6.829250099188431e-07
1.1410219978921852 	 6.83562821014581e-07
1.142021997892185 	 6.841674524664433e-07
1.143021997892185 	 6.847394672853095e-07
1.1440219978921848 	 6.8527941042971e-07
1.1450219978921847 	 6.857878225296945e-07
1.1460219978921846 	 6.862652410164708e-07
1.1470219978921845 	 6.867121986298632e-07
1.1480219978921844 	 6.871292250956184e-07
1.1490219978921843 	 6.875168464494763e-07
1.1500219978921842 	 6.878755843143771e-07
1.151021997892184 	 6.882059575905605e-07
1.152021997892184 	 6.885084700408675e-07
1.1530219978921838 	 6.887835814932068e-07
1.1540219978921837 	 6.890317381055788e-07
1.1550219978921836 	 6.892533828407252e-07
1.1560219978921835 	 6.894489547824395e-07
1.1570219978921834 	 6.896188891628052e-07
1.1580219978921833 	 6.897636183395322e-07
1.1590219978921832 	 6.898835702423168e-07
1.160021997892183 	 6.899791702391581e-07
1.161021997892183 	 6.900508395881193e-07
1.1620219978921829 	 6.90098989412646e-07
1.1630219978921827 	 6.90124001604322e-07
1.1640219978921826 	 6.901262479885044e-07
1.1650219978921825 	 6.901060978181097e-07
1.1660219978921824 	 6.900639161335025e-07
1.1670219978921823 	 6.900000654721465e-07
1.1680219978921822 	 6.89914905159513e-07
1.169021997892182 	 6.898087905734362e-07
1.170021997892182 	 6.896820748587871e-07
1.1710219978921819 	 6.895351073559014e-07
1.1720219978921818 	 6.893682304916203e-07
1.1730219978921816 	 6.891817673665462e-07
1.1740219978921815 	 6.889760347812531e-07
1.1750219978921814 	 6.887513466507725e-07
1.1760219978921813 	 6.8850801318875e-07
1.1770219978921812 	 6.882463426130089e-07
1.178021997892181 	 6.879666395840443e-07
1.179021997892181 	 6.876692061470414e-07
1.1800219978921809 	 6.873543417564474e-07
1.1810219978921808 	 6.870223424591421e-07
1.1820219978921807 	 6.866734999363985e-07
1.1830219978921805 	 6.863080947641893e-07
1.1840219978921804 	 6.859263774593564e-07
1.1850219978921803 	 6.855286476571267e-07
1.1860219978921802 	 6.851151380554448e-07
1.18702199789218 	 6.84686137919048e-07
1.18802199789218 	 6.842419304015689e-07
1.1890219978921799 	 6.837827776909275e-07
1.1900219978921798 	 6.833089398104577e-07
1.1910219978921797 	 6.828206737934626e-07
1.1920219978921796 	 6.823182340791333e-07
1.1930219978921794 	 6.818018709559821e-07
1.1940219978921793 	 6.812718310545837e-07
1.1950219978921792 	 6.807283592580668e-07
1.1960219978921791 	 6.801716978919164e-07
1.197021997892179 	 6.796020863966793e-07
1.198021997892179 	 6.790197621802421e-07
1.1990219978921788 	 6.784249597964225e-07
1.2000219978921787 	 6.778179118671846e-07
1.2010219978921786 	 6.771988483592079e-07
1.2020219978921785 	 6.765679976298849e-07
1.2030219978921783 	 6.759255899645226e-07
1.2040219978921782 	 6.752718542289986e-07
1.2050219978921781 	 6.746070161321461e-07
1.206021997892178 	 6.739312998800808e-07
1.207021997892178 	 6.732449265456268e-07
1.2080219978921778 	 6.725481153840733e-07
1.2090219978921777 	 6.718410830310437e-07
1.2100219978921776 	 6.711240435025535e-07
1.2110219978921775 	 6.70397208862167e-07
1.2120219978921773 	 6.696607913725613e-07
1.2130219978921772 	 6.689150094208821e-07
1.2140219978921771 	 6.681600818371575e-07
1.215021997892177 	 6.673962249191643e-07
1.216021997892177 	 6.666236521058552e-07
1.2170219978921768 	 6.658425748038612e-07
1.2180219978921767 	 6.650532015772961e-07
1.2190219978921766 	 6.642557389627629e-07
1.2200219978921765 	 6.63450391155755e-07
1.2210219978921764 	 6.626373592078983e-07
1.2220219978921762 	 6.618168463344541e-07
1.2230219978921761 	 6.609890677124755e-07
1.224021997892176 	 6.601542389193921e-07
1.225021997892176 	 6.593125731677619e-07
1.2260219978921758 	 6.584642812991564e-07
1.2270219978921757 	 6.576095709771757e-07
1.2280219978921756 	 6.567486477478948e-07
1.2290219978921755 	 6.558817145743594e-07
1.2300219978921754 	 6.550089713631617e-07
1.2310219978921753 	 6.541306160789169e-07
1.2320219978921751 	 6.532468487597099e-07
1.233021997892175 	 6.523578870606931e-07
1.234021997892175 	 6.514639502749501e-07
1.2350219978921748 	 6.505652548327424e-07
1.2360219978921747 	 6.496620143003936e-07
1.2370219978921746 	 6.487544393660141e-07
1.2380219978921745 	 6.478427378718461e-07
1.2390219978921744 	 6.469271148308275e-07
1.2400219978921743 	 6.46007772436703e-07
1.2410219978921742 	 6.450849100654752e-07
1.242021997892174 	 6.441587309444923e-07
1.243021997892174 	 6.432294603863734e-07
1.2440219978921738 	 6.422973263891582e-07
1.2450219978921737 	 6.413625537574368e-07
1.2460219978921736 	 6.404253641044095e-07
1.2470219978921735 	 6.394859758363434e-07
1.2480219978921734 	 6.385446041992012e-07
1.2490219978921733 	 6.376014613041249e-07
1.2500219978921732 	 6.366567561442463e-07
1.251021997892173 	 6.357106945997163e-07
1.252021997892173 	 6.347634873672034e-07
1.2530219978921728 	 6.338153715368336e-07
1.2540219978921727 	 6.328665879402233e-07
1.2550219978921726 	 6.319173735464404e-07
1.2560219978921725 	 6.309679618840874e-07
1.2570219978921724 	 6.300185829233573e-07
1.2580219978921723 	 6.290694631440765e-07
1.2590219978921722 	 6.281208255753139e-07
1.260021997892172 	 6.271728898232178e-07
1.261021997892172 	 6.262258720829151e-07
1.2620219978921718 	 6.252799940172331e-07
1.2630219978921717 	 6.24335507043599e-07
1.2640219978921716 	 6.233926665194676e-07
1.2650219978921715 	 6.224517239369259e-07
1.2660219978921714 	 6.215129269417231e-07
1.2670219978921713 	 6.205765193197015e-07
1.2680219978921712 	 6.19642741095897e-07
1.269021997892171 	 6.187118285945682e-07
1.270021997892171 	 6.177840144828706e-07
1.2710219978921709 	 6.168595277925697e-07
1.2720219978921707 	 6.159386031333498e-07
1.2730219978921706 	 6.150215059286675e-07
1.2740219978921705 	 6.141085056551252e-07
1.2750219978921704 	 6.131998677623519e-07
1.2760219978921703 	 6.122958537051043e-07
1.2770219978921702 	 6.113967209302972e-07
1.27802199789217 	 6.105027230177439e-07
1.27902199789217 	 6.096141097670456e-07
1.2800219978921699 	 6.087311272617082e-07
1.2810219978921698 	 6.078540179025844e-07
1.2820219978921696 	 6.069830291753079e-07
1.2830219978921695 	 6.061184360252727e-07
1.2840219978921694 	 6.0526051769043e-07
1.2850219978921693 	 6.044095492491685e-07
1.2860219978921692 	 6.035658019180652e-07
1.287021997892169 	 6.027295430339372e-07
1.288021997892169 	 6.019010362487019e-07
1.2890219978921689 	 6.010805416490368e-07
1.2900219978921688 	 6.00268313872183e-07
1.2910219978921686 	 5.994645981911807e-07
1.2920219978921685 	 5.98669649730944e-07
1.2930219978921684 	 5.978837446052916e-07
1.2940219978921683 	 5.971071609708423e-07
1.2950219978921682 	 5.963401736192072e-07
1.296021997892168 	 5.955830540076975e-07
1.297021997892168 	 5.948360702305988e-07
1.2980219978921679 	 5.940994872860119e-07
1.2990219978921678 	 5.933735652734011e-07
1.3000219978921677 	 5.926585470242566e-07
1.3010219978921675 	 5.919546851711009e-07
1.3020219978921674 	 5.912622351270762e-07
1.3030219978921673 	 5.905814570301265e-07
1.3040219978921672 	 5.899126102482395e-07
1.305021997892167 	 5.892559517794368e-07
1.306021997892167 	 5.886117363141985e-07
1.3070219978921669 	 5.879802161152466e-07
1.3080219978921668 	 5.873616413968592e-07
1.3090219978921667 	 5.867562605004507e-07
1.3100219978921666 	 5.861643200149323e-07
1.3110219978921664 	 5.855860648237604e-07
1.3120219978921663 	 5.850217331411357e-07
1.3130219978921662 	 5.844715437327091e-07
1.3140219978921661 	 5.839357100864114e-07
1.315021997892166 	 5.834144447886492e-07
1.316021997892166 	 5.829079595136905e-07
1.3170219978921658 	 5.824164648429645e-07
1.3180219978921657 	 5.819401707137024e-07
1.3190219978921656 	 5.814792866486143e-07
1.3200219978921655 	 5.810340218858545e-07
1.3210219978921653 	 5.80604585345198e-07
1.3220219978921652 	 5.801911714254469e-07
1.3230219978921651 	 5.797939223764504e-07
1.324021997892165 	 5.794129688131632e-07
1.325021997892165 	 5.790484421078748e-07
1.3260219978921648 	 5.787004742851166e-07
1.3270219978921647 	 5.783691976405468e-07
1.3280219978921646 	 5.780547451663694e-07
1.3290219978921645 	 5.777572515913379e-07
1.3300219978921644 	 5.774768522980385e-07
1.3310219978921642 	 5.772119852491801e-07
1.3320219978921641 	 5.769590929870424e-07
1.333021997892164 	 5.76720369170005e-07
1.334021997892164 	 5.764964278154796e-07
1.3350219978921638 	 5.762875487529053e-07
1.3360219978921637 	 5.760938904558942e-07
1.3370219978921636 	 5.75915552622731e-07
1.3380219978921635 	 5.757526006856155e-07
1.3390219978921634 	 5.756050790504838e-07
1.3400219978921633 	 5.754730182627275e-07
1.3410219978921631 	 5.753564390702741e-07
1.342021997892163 	 5.752553196617424e-07
1.343021997892163 	 5.751695038072655e-07
1.3440219978921628 	 5.750988019682867e-07
1.3450219978921627 	 5.750430227127134e-07
1.3460219978921626 	 5.75001973010528e-07
1.3470219978921625 	 5.74975457533752e-07
1.3480219978921624 	 5.749632805929347e-07
1.3490219978921623 	 5.74965247002815e-07
1.3500219978921622 	 5.749811625315067e-07
1.351021997892162 	 5.750108336849555e-07
1.352021997892162 	 5.750540251517214e-07
1.3530219978921618 	 5.751103483864694e-07
1.3540219978921617 	 5.751793809660439e-07
1.3550219978921616 	 5.75260703186591e-07
1.3560219978921615 	 5.753538975718279e-07
1.3570219978921614 	 5.754585471627636e-07
1.3580219978921613 	 5.755742382032219e-07
1.3590219978921612 	 5.757005614209594e-07
1.360021997892161 	 5.758371125216299e-07
1.361021997892161 	 5.759834918634817e-07
1.3620219978921608 	 5.761392605235577e-07
1.3630219978921607 	 5.763038293008277e-07
1.3640219978921606 	 5.764765797810066e-07
1.3650219978921605 	 5.766569018065156e-07
1.3660219978921604 	 5.768441930645894e-07
1.3670219978921603 	 5.770378566870773e-07
1.3680219978921602 	 5.772373059610572e-07
1.36902199789216 	 5.774419667369692e-07
1.37002199789216 	 5.776512786629865e-07
1.3710219978921598 	 5.778646951910907e-07
1.3720219978921597 	 5.780816468407574e-07
1.3730219978921596 	 5.78301453102369e-07
1.3740219978921595 	 5.785234229328273e-07
1.3750219978921594 	 5.787468863615643e-07
1.3760219978921593 	 5.789711948195385e-07
1.3770219978921592 	 5.791957190938943e-07
1.378021997892159 	 5.794198552175667e-07
1.379021997892159 	 5.796430274956471e-07
1.3800219978921588 	 5.798646903829443e-07
1.3810219978921587 	 5.800843292796388e-07
1.3820219978921586 	 5.803014404703256e-07
1.3830219978921585 	 5.805154820348895e-07
1.3840219978921584 	 5.807259318309573e-07
1.3850219978921583 	 5.809323028460497e-07
1.3860219978921582 	 5.811341479575784e-07
1.387021997892158 	 5.813310579047923e-07
1.388021997892158 	 5.815226617623324e-07
1.3890219978921579 	 5.817086263253013e-07
1.3900219978921577 	 5.818886550081351e-07
1.3910219978921576 	 5.820624870355084e-07
1.3920219978921575 	 5.822298967276818e-07
1.3930219978921574 	 5.823906855865666e-07
1.3940219978921573 	 5.82544679526725e-07
1.3950219978921572 	 5.826917246286191e-07
1.396021997892157 	 5.828316824371728e-07
1.397021997892157 	 5.82964426425041e-07
1.3980219978921569 	 5.830898310501022e-07
1.3990219978921568 	 5.832077622440652e-07
1.4000219978921566 	 5.833180682388042e-07
1.4010219978921565 	 5.834205704547443e-07
1.4020219978921564 	 5.835150721326484e-07
1.4030219978921563 	 5.836013909066056e-07
1.4040219978921562 	 5.836792994529732e-07
1.405021997892156 	 5.837485001204246e-07
1.406021997892156 	 5.838086147251206e-07
1.4070219978921559 	 5.838591757061139e-07
1.4080219978921558 	 5.838996161389492e-07
1.4090219978921557 	 5.839292616626939e-07
1.4100219978921555 	 5.839473241912153e-07
1.4110219978921554 	 5.839528966423481e-07
1.4120219978921553 	 5.839449804438848e-07
1.4130219978921552 	 5.839225616550525e-07
1.414021997892155 	 5.838845315903948e-07
1.415021997892155 	 5.838296648189787e-07
1.4160219978921549 	 5.837566246454402e-07
1.4170219978921548 	 5.836639703995133e-07
1.4180219978921547 	 5.83550168029657e-07
1.4190219978921546 	 5.834136019806438e-07
1.4200219978921544 	 5.832525883761064e-07
1.4210219978921543 	 5.830653886001857e-07
1.4220219978921542 	 5.828502565882669e-07
1.4230219978921541 	 5.826055491722934e-07
1.424021997892154 	 5.82329644950759e-07
1.425021997892154 	 5.820209301749448e-07
1.4260219978921538 	 5.816778130122132e-07
1.4270219978921537 	 5.812987360824394e-07
1.4280219978921536 	 5.808821914979202e-07
1.4290219978921535 	 5.804267333662538e-07
1.4300219978921533 	 5.799309884557238e-07
1.4310219978921532 	 5.793936645543326e-07
1.4320219978921531 	 5.78813589461802e-07
1.433021997892153 	 5.781898036498781e-07
1.434021997892153 	 5.775214772432352e-07
1.4350219978921528 	 5.768078804430881e-07
1.4360219978921527 	 5.760483850639548e-07
1.4370219978921526 	 5.752424623960793e-07
1.4380219978921525 	 5.743896847801759e-07
1.4390219978921523 	 5.73489724337016e-07
1.4400219978921522 	 5.725423502434249e-07
1.4410219978921521 	 5.715474244183795e-07
1.442021997892152 	 5.705049218608415e-07
1.443021997892152 	 5.694150013218999e-07
1.4440219978921518 	 5.682779231209169e-07
1.4450219978921517 	 5.670940202852212e-07
1.4460219978921516 	 5.65863692399039e-07
1.4470219978921515 	 5.645873977866205e-07
1.4480219978921514 	 5.632656508025016e-07
1.4490219978921512 	 5.61899017524187e-07
1.4500219978921511 	 5.604881106409435e-07
1.451021997892151 	 5.590335837645529e-07
1.452021997892151 	 5.575361439823922e-07
1.4530219978921508 	 5.559966030846907e-07
1.4540219978921507 	 5.544158166227583e-07
1.4550219978921506 	 5.52794662586888e-07
1.4560219978921505 	 5.511340366596926e-07
1.4570219978921504 	 5.494348462043901e-07
1.4580219978921503 	 5.476980100299954e-07
1.4590219978921501 	 5.459244563605732e-07
1.46002199789215 	 5.441151202975139e-07
1.46102199789215 	 5.422709405922858e-07
1.4620219978921498 	 5.403928687221079e-07
1.4630219978921497 	 5.384819046659203e-07
1.4640219978921496 	 5.365390567025897e-07
1.4650219978921495 	 5.345653281083477e-07
1.4660219978921494 	 5.325617142770818e-07
1.4670219978921493 	 5.305291976437408e-07
1.4680219978921492 	 5.284687507824451e-07
1.469021997892149 	 5.263813366302244e-07
1.470021997892149 	 5.242679076277373e-07
1.4710219978921488 	 5.221294046030978e-07
1.4720219978921487 	 5.199667638092911e-07
1.4730219978921486 	 5.177809406497792e-07
1.4740219978921485 	 5.155728837437168e-07
1.4750219978921484 	 5.133435267959497e-07
1.4760219978921483 	 5.110937868825041e-07
1.4770219978921482 	 5.088245605115418e-07
1.478021997892148 	 5.065367275051589e-07
1.479021997892148 	 5.042311531686517e-07
1.4800219978921478 	 5.019086837258855e-07
1.4810219978921477 	 4.995701523055828e-07
1.4820219978921476 	 4.97216379025159e-07
1.4830219978921475 	 4.948481904214947e-07
1.4840219978921474 	 4.924664015128861e-07
1.4850219978921473 	 4.900718103218336e-07
1.4860219978921472 	 4.876651968002721e-07
1.487021997892147 	 4.852473198749932e-07
1.488021997892147 	 4.828189209943969e-07
1.4890219978921468 	 4.803807252776617e-07
1.4900219978921467 	 4.779334416549514e-07
1.4910219978921466 	 4.7547776261368167e-07
1.4920219978921465 	 4.7301436873256543e-07
1.4930219978921464 	 4.705439446023596e-07
1.4940219978921463 	 4.680671629995314e-07
1.4950219978921462 	 4.6558468020543466e-07
1.496021997892146 	 4.630971353048246e-07
1.497021997892146 	 4.606051479903206e-07
1.4980219978921459 	 4.581093215102623e-07
1.4990219978921457 	 4.5561024369927707e-07
1.5000219978921456 	 4.5310848720050644e-07
1.5010219978921455 	 4.5060460924020395e-07
1.5020219978921454 	 4.4809915660186387e-07
1.5030219978921453 	 4.455926830147508e-07
1.5040219978921452 	 4.4308573136447436e-07
1.505021997892145 	 4.40578830729449e-07
1.506021997892145 	 4.3807249304620374e-07
1.5070219978921449 	 4.355672143620094e-07
1.5080219978921447 	 4.3306347584475633e-07
1.5090219978921446 	 4.305617443925162e-07
1.5100219978921445 	 4.2806247293084347e-07
1.5110219978921444 	 4.255661004380534e-07
1.5120219978921443 	 4.2307305878344636e-07
1.5130219978921442 	 4.2058379251711887e-07
1.514021997892144 	 4.1809873781700795e-07
1.515021997892144 	 4.1561831639409986e-07
1.5160219978921439 	 4.131429357767581e-07
1.5170219978921438 	 4.1067298957619284e-07
1.5180219978921436 	 4.0820885782121545e-07
1.5190219978921435 	 4.057509072679419e-07
1.5200219978921434 	 4.0329949169927035e-07
1.5210219978921433 	 4.008549505148969e-07
1.5220219978921432 	 3.9841761666375564e-07
1.523021997892143 	 3.959878474727216e-07
1.524021997892143 	 3.935659941132348e-07
1.5250219978921429 	 3.9115239300457425e-07
1.5260219978921428 	 3.887471959667696e-07
1.5270219978921427 	 3.863506063652576e-07
1.5280219978921425 	 3.8396292521388845e-07
1.5290219978921424 	 3.815844410231107e-07
1.5300219978921423 	 3.7921542531774266e-07
1.5310219978921422 	 3.768561410823895e-07
1.532021997892142 	 3.745068550617208e-07
1.533021997892142 	 3.7216785854741075e-07
1.5340219978921419 	 3.6983943803507337e-07
1.5350219978921418 	 3.675218666643365e-07
1.5360219978921417 	 3.652154061505347e-07
1.5370219978921416 	 3.629203099778259e-07
1.5380219978921414 	 3.6063682062337896e-07
1.5390219978921413 	 3.583651688429275e-07
1.5400219978921412 	 3.561055741853574e-07
1.5410219978921411 	 3.5385824699721656e-07
1.542021997892141 	 3.5162340316237693e-07
1.543021997892141 	 3.494012870194456e-07
1.5440219978921408 	 3.47192139561287e-07
1.5450219978921407 	 3.4499618986308435e-07
1.5460219978921406 	 3.428136576031009e-07
1.5470219978921405 	 3.4064475873533335e-07
1.5480219978921403 	 3.3848970032939023e-07
1.5490219978921402 	 3.3634867951650014e-07
1.5500219978921401 	 3.342218841629074e-07
1.55102199789214 	 3.3210949586841073e-07
1.55202199789214 	 3.300117065257967e-07
1.5530219978921398 	 3.279287378335587e-07
1.5540219978921397 	 3.258608105535956e-07
1.5550219978921396 	 3.238081363398844e-07
1.5560219978921395 	 3.217709214451649e-07
1.5570219978921394 	 3.1974937463023586e-07
1.5580219978921392 	 3.1774369999237433e-07
1.5590219978921391 	 3.1575409516012526e-07
1.560021997892139 	 3.1378075231624454e-07
1.561021997892139 	 3.1182386196412776e-07
1.5620219978921388 	 3.098836300163541e-07
1.5630219978921387 	 3.079602901186716e-07
1.5640219978921386 	 3.060540774057297e-07
1.5650219978921385 	 3.0416522170428913e-07
1.5660219978921384 	 3.022939513294575e-07
1.5670219978921383 	 3.004405017227475e-07
1.5680219978921381 	 2.986021406079669e-07
1.569021997892138 	 2.967767334938924e-07
1.570021997892138 	 2.9496678890485925e-07
1.5710219978921378 	 2.9317314679147616e-07
1.5720219978921377 	 2.9139634672106635e-07
1.5730219978921376 	 2.8963680122373246e-07
1.5740219978921375 	 2.878948277639591e-07
1.5750219978921374 	 2.8617065743020473e-07
1.5760219978921373 	 2.8446443623452933e-07
1.5770219978921372 	 2.8277622250505076e-07
1.578021997892137 	 2.8110595384462964e-07
1.579021997892137 	 2.794534148985018e-07
1.5800219978921368 	 2.7781820031871485e-07
1.5810219978921367 	 2.761996746851929e-07
1.5820219978921366 	 2.745969335632629e-07
1.5830219978921365 	 2.7300874057462394e-07
1.5840219978921364 	 2.714334755147415e-07
1.5850219978921363 	 2.698690995768456e-07
1.5860219978921362 	 2.6831315251596953e-07
1.587021997892136 	 2.6676280091691373e-07
1.588021997892136 	 2.652149285905779e-07
1.5890219978921358 	 2.636663148751324e-07
1.5900219978921357 	 2.621138994926718e-07
1.5910219978921356 	 2.605551208470576e-07
1.5920219978921355 	 2.589882833054405e-07
1.5930219978921354 	 2.5741286183059387e-07
1.5940219978921353 	 2.558297294305375e-07
1.5950219978921352 	 2.5424120072922177e-07
1.596021997892135 	 2.526508674326357e-07
1.597021997892135 	 2.510632562322418e-07
1.5980219978921348 	 2.4948335724715446e-07
1.5990219978921347 	 2.479161402553503e-07
1.6000219978921346 	 2.4636614386367337e-07
1.6010219978921345 	 2.448371924056464e-07
1.6020219978921344 	 2.43332250801031e-07
1.6030219978921343 	 2.4185337631269966e-07
1.6040219978921342 	 2.404018243391231e-07
1.605021997892134 	 2.389781872004419e-07
1.606021997892134 	 2.3758254548757684e-07
1.6070219978921338 	 2.3621461646638154e-07
1.6080219978921337 	 2.3487387605108272e-07
1.6090219978921336 	 2.335596605869464e-07
1.6100219978921335 	 2.3227124371994866e-07
1.6110219978921334 	 2.3100789407123646e-07
1.6120219978921333 	 2.2976890220478667e-07
1.6130219978921332 	 2.2855356722822097e-07
1.614021997892133 	 2.2736125124178103e-07
1.615021997892133 	 2.2619139821615728e-07
1.6160219978921329 	 2.2504353617970534e-07
1.6170219978921327 	 2.2391727370013704e-07
1.6180219978921326 	 2.2281230059237133e-07
1.6190219978921325 	 2.217283826179622e-07
1.6200219978921324 	 2.206653572383493e-07
1.6210219978921323 	 2.196231284417866e-07
1.6220219978921322 	 2.1860164417427948e-07
1.623021997892132 	 2.1760085726824525e-07
1.624021997892132 	 2.1662076632473834e-07
1.6250219978921319 	 2.1566142593221523e-07
1.6260219978921318 	 2.1472294122108222e-07
1.6270219978921316 	 2.1380546015188082e-07
1.6280219978921315 	 2.1290917719988926e-07
1.6290219978921314 	 2.1203433299857338e-07
1.6300219978921313 	 2.1118121284855755e-07
1.6310219978921312 	 2.1035014201934434e-07
1.632021997892131 	 2.0954146391124868e-07
1.633021997892131 	 2.087555104106699e-07
1.6340219978921309 	 2.0799264309770719e-07
1.6350219978921308 	 2.072532632568039e-07
1.6360219978921307 	 2.065378075806595e-07
1.6370219978921305 	 2.0584673781790582e-07
1.6380219978921304 	 2.0518054874361887e-07
1.6390219978921303 	 2.0453976989363902e-07
1.6400219978921302 	 2.0392496349791317e-07
1.64102199789213 	 2.033367197230936e-07
1.64202199789213 	 2.0277563494954128e-07
1.6430219978921299 	 2.0224229370973113e-07
1.6440219978921298 	 2.0173729892767445e-07
1.6450219978921297 	 2.0126127836499398e-07
1.6460219978921296 	 2.0081487908259791e-07
1.6470219978921294 	 2.0039875480252632e-07
1.6480219978921293 	 2.0001357433565398e-07
1.6490219978921292 	 1.9966002195477765e-07
1.650021997892129 	 1.993387944923443e-07
1.651021997892129 	 1.9905059546416528e-07
1.652021997892129 	 1.9879611690161244e-07
1.6530219978921288 	 1.9857603209543544e-07
1.6540219978921287 	 1.9839101088306838e-07
1.6550219978921286 	 1.9824172164682642e-07
1.6560219978921285 	 1.981288247803867e-07
1.6570219978921283 	 1.9805296065876e-07
1.6580219978921282 	 1.9801475592896957e-07
1.6590219978921281 	 1.9801482264141166e-07
1.660021997892128 	 1.980537553601607e-07
1.661021997892128 	 1.981321256353003e-07
1.6620219978921278 	 1.9825046865233398e-07
1.6630219978921277 	 1.9840928892549337e-07
1.6640219978921276 	 1.9860905994237667e-07
1.6650219978921275 	 1.9885022251624927e-07
1.6660219978921273 	 1.9913317990998732e-07
1.6670219978921272 	 1.9945828922987852e-07
1.6680219978921271 	 1.9982586540001792e-07
1.669021997892127 	 2.0023618098206788e-07
1.670021997892127 	 2.006894642957738e-07
1.6710219978921268 	 2.0118589613994247e-07
1.6720219978921267 	 2.0172560712864699e-07
1.6730219978921266 	 2.023086904058586e-07
1.6740219978921265 	 2.0293519308065217e-07
1.6750219978921264 	 2.036051128999467e-07
1.6760219978921262 	 2.043183969909879e-07
1.6770219978921261 	 2.050749389570096e-07
1.678021997892126 	 2.058745822345608e-07
1.679021997892126 	 2.0671712167508677e-07
1.6800219978921258 	 2.0760230430174853e-07
1.6810219978921257 	 2.085298300804317e-07
1.6820219978921256 	 2.0949935806324108e-07
1.6830219978921255 	 2.1051052733273456e-07
1.6840219978921254 	 2.1156294168723978e-07
1.6850219978921253 	 2.1265616611920826e-07
1.6860219978921251 	 2.1378972891060095e-07
1.687021997892125 	 2.1496312383623067e-07
1.688021997892125 	 2.1617581235847358e-07
1.6890219978921248 	 2.174272258752589e-07
1.6900219978921247 	 2.1871676798246765e-07
1.6910219978921246 	 2.200438172017296e-07
1.6920219978921245 	 2.214077389287545e-07
1.6930219978921244 	 2.2280791004916935e-07
1.6940219978921243 	 2.242436980298492e-07
1.6950219978921242 	 2.257144559010965e-07
1.696021997892124 	 2.2721952517784215e-07
1.697021997892124 	 2.287582403062201e-07
1.6980219978921238 	 2.303299279972531e-07
1.6990219978921237 	 2.3193390807676138e-07
1.7000219978921236 	 2.3356949494584102e-07
1.7010219978921235 	 2.3523600012307966e-07
1.7020219978921234 	 2.3693274619023158e-07
1.7030219978921233 	 2.3865909091574577e-07
1.7040219978921232 	 2.404144022986268e-07
1.705021997892123 	 2.4219805153666267e-07
1.706021997892123 	 2.440094159195998e-07
1.7070219978921228 	 2.4584788102809395e-07
1.7080219978921227 	 2.477128410369416e-07
1.7090219978921226 	 2.496036951796913e-07
1.7100219978921225 	 2.515198484828232e-07
1.7110219978921224 	 2.5346071353873634e-07
1.7120219978921223 	 2.554257244904703e-07
1.7130219978921222 	 2.5741435851754735e-07
1.714021997892122 	 2.594261097621622e-07
1.715021997892122 	 2.6146048133751776e-07
1.7160219978921218 	 2.6351698688516403e-07
1.7170219978921217 	 2.655951555010563e-07
1.7180219978921216 	 2.6769452635764816e-07
1.7190219978921215 	 2.698146466446987e-07
1.7200219978921214 	 2.7195507102499787e-07
1.7210219978921213 	 2.7411536254071214e-07
1.7220219978921212 	 2.7629510739507273e-07
1.723021997892121 	 2.784939303586569e-07
1.724021997892121 	 2.8071147216867313e-07
1.7250219978921209 	 2.8294738149767003e-07
1.7260219978921207 	 2.852013162612874e-07
1.7270219978921206 	 2.8747294852035115e-07
1.7280219978921205 	 2.8976195870240067e-07
1.7290219978921204 	 2.920680330344759e-07
1.7300219978921203 	 2.943908632411242e-07
1.7310219978921202 	 2.9673014752192147e-07
1.73202199789212 	 2.990856022301957e-07
1.73302199789212 	 3.014569756459036e-07
1.7340219978921199 	 3.038440275393843e-07
1.7350219978921197 	 3.0624652278282485e-07
1.7360219978921196 	 3.086642325852159e-07
1.7370219978921195 	 3.098758642941904e-07
1.7380219978921194 	 3.098804706715376e-07
1.7390219978921193 	 3.098850744624957e-07
1.7400219978921192 	 3.0988967566570693e-07
1.741021997892119 	 3.0989427427983737e-07
1.742021997892119 	 3.0989887030357695e-07
1.7430219978921189 	 3.099034637356393e-07
1.7440219978921188 	 3.0990805457476144e-07
1.7450219978921186 	 3.0991264281970407e-07
1.7460219978921185 	 3.0991722846925066e-07
1.7470219978921184 	 3.099218115222079e-07
1.7480219978921183 	 3.099263919774055e-07
1.7490219978921182 	 3.099309698336958e-07
1.750021997892118 	 3.099355450899534e-07
1.751021997892118 	 3.0994011774507563e-07
1.7520219978921179 	 3.099446877979821e-07
1.7530219978921178 	 3.099492552476143e-07
1.7540219978921177 	 3.099538200929358e-07
1.7550219978921175 	 3.0995838233293187e-07
1.7560219978921174 	 3.0996294196660947e-07
1.7570219978921173 	 3.099674989929971e-07
1.7580219978921172 	 3.0997205341114444e-07
1.759021997892117 	 3.099766052201225e-07
1.760021997892117 	 3.099811544190235e-07
1.7610219978921169 	 3.099857010069602e-07
1.7620219978921168 	 3.099902449830662e-07
1.7630219978921167 	 3.0999478634649596e-07
1.7640219978921166 	 3.0999932509642415e-07
1.7650219978921164 	 3.1000386123204597e-07
1.7660219978921163 	 3.1000839475257666e-07
1.7670219978921162 	 3.1001292565725154e-07
1.7680219978921161 	 3.1001745394532577e-07
1.769021997892116 	 3.100219796160745e-07
1.770021997892116 	 3.1002650266879233e-07
1.7710219978921158 	 3.100310231027934e-07
1.7720219978921157 	 3.1003554091741134e-07
1.7730219978921156 	 3.1004005611199865e-07
1.7740219978921155 	 3.100445686859273e-07
1.7750219978921153 	 3.100490786385882e-07
1.7760219978921152 	 3.1005358596939065e-07
1.7770219978921151 	 3.100580906777632e-07
1.778021997892115 	 3.100625927631527e-07
1.779021997892115 	 3.100670922250244e-07
1.7800219978921148 	 3.100715890628621e-07
1.7810219978921147 	 3.100760832761674e-07
1.7820219978921146 	 3.1008057486446033e-07
1.7830219978921145 	 3.100850638272786e-07
1.7840219978921144 	 3.100895501641779e-07
1.7850219978921142 	 3.1009403387473147e-07
1.7860219978921141 	 3.100985149585301e-07
1.787021997892114 	 3.1010299341518205e-07
1.788021997892114 	 3.101074692443131e-07
1.7890219978921138 	 3.101119424455658e-07
1.7900219978921137 	 3.1011641301860014e-07
1.7910219978921136 	 3.1012088096309286e-07
1.7920219978921135 	 3.1012534627873773e-07
1.7930219978921134 	 3.101298089652448e-07
1.7940219978921133 	 3.1013426902234125e-07
1.7950219978921131 	 3.101387264497704e-07
1.796021997892113 	 3.1014318124729216e-07
1.797021997892113 	 3.1014763341468245e-07
1.7980219978921128 	 3.1015208295173346e-07
1.7990219978921127 	 3.1015652985825336e-07
1.8000219978921126 	 3.101609741340664e-07
1.8010219978921125 	 3.1016541577901225e-07
1.8020219978921124 	 3.101698547929467e-07
1.8030219978921123 	 3.101742911757408e-07
1.8040219978921122 	 3.101787249272813e-07
1.805021997892112 	 3.101831560474699e-07
1.806021997892112 	 3.101875845362242e-07
1.8070219978921118 	 3.101920103934764e-07
1.8080219978921117 	 3.1019643361917377e-07
1.8090219978921116 	 3.1020085421327886e-07
1.8100219978921115 	 3.1020527217576873e-07
1.8110219978921114 	 3.1020968750663534e-07
1.8120219978921113 	 3.10214100205885e-07
1.8130219978921112 	 3.102185102735388e-07
1.814021997892111 	 3.102229177096321e-07
1.815021997892111 	 3.1022732251421466e-07
1.8160219978921108 	 3.102317246873504e-07
1.8170219978921107 	 3.102361242291172e-07
1.8180219978921106 	 3.102405211396072e-07
1.8190219978921105 	 3.102449154189263e-07
1.8200219978921104 	 3.10249307067194e-07
1.8210219978921103 	 3.102536960845439e-07
1.8220219978921102 	 3.10258082471123e-07
1.82302199789211 	 3.102624662270917e-07
1.82402199789211 	 3.1026684735262414e-07
1.8250219978921098 	 3.102712258479074e-07
1.8260219978921097 	 3.1027560171314195e-07
1.8270219978921096 	 3.102799749485415e-07
1.8280219978921095 	 3.102843455543326e-07
1.8290219978921094 	 3.1028871353075487e-07
1.8300219978921093 	 3.102930788780607e-07
1.8310219978921092 	 3.102974415965151e-07
1.832021997892109 	 3.103018016863962e-07
1.833021997892109 	 3.103061591479943e-07
1.8340219978921088 	 3.103105139816122e-07
1.8350219978921087 	 3.103148661875651e-07
1.8360219978921086 	 3.103192157661808e-07
1.8370219978921085 	 3.103235627177989e-07
1.8380219978921084 	 3.103279070427714e-07
1.8390219978921083 	 3.103322487414623e-07
1.8400219978921082 	 3.103365878142474e-07
1.841021997892108 	 3.103409242615145e-07
1.842021997892108 	 3.1034525808366316e-07
1.8430219978921079 	 3.1034958928110463e-07
1.8440219978921077 	 3.103539178542617e-07
1.8450219978921076 	 3.1035824380356874e-07
1.8460219978921075 	 3.1036256712947156e-07
1.8470219978921074 	 3.103668878324273e-07
1.8480219978921073 	 3.1037120591290466e-07
1.8490219978921072 	 3.1037552137138277e-07
1.850021997892107 	 3.103798342083528e-07
1.851021997892107 	 3.103841444243163e-07
1.8520219978921069 	 3.10388452019786e-07
1.8530219978921068 	 3.1039275699528564e-07
1.8540219978921066 	 3.103970593513494e-07
1.8550219978921065 	 3.104013590885225e-07
1.8560219978921064 	 3.1040565620736066e-07
1.8570219978921063 	 3.1040995070843e-07
1.8580219978921062 	 3.1041424259230734e-07
1.859021997892106 	 3.1041853185957985e-07
1.860021997892106 	 3.1042281851084494e-07
1.8610219978921059 	 3.104271025467104e-07
1.8620219978921058 	 3.1043138396779417e-07
1.8630219978921057 	 3.10435662774724e-07
1.8640219978921055 	 3.104399389681381e-07
1.8650219978921054 	 3.1044421254868433e-07
1.8660219978921053 	 3.1044848351702053e-07
1.8670219978921052 	 3.104527518738143e-07
1.868021997892105 	 3.10457017619743e-07
1.869021997892105 	 3.1046128075549365e-07
1.8700219978921049 	 3.104655412817629e-07
1.8710219978921048 	 3.104697991992567e-07
1.8720219978921047 	 3.104740545086906e-07
1.8730219978921046 	 3.1047830721078977e-07
1.8740219978921044 	 3.104825573062881e-07
1.8750219978921043 	 3.1048680479592914e-07
1.8760219978921042 	 3.1049104968046563e-07
1.877021997892104 	 3.1049529196065913e-07
1.878021997892104 	 3.1049953163728035e-07
1.879021997892104 	 3.1050376871110903e-07
1.8800219978921038 	 3.1050800318293387e-07
1.8810219978921037 	 3.10512235053552e-07
1.8820219978921036 	 3.105164643237698e-07
1.8830219978921034 	 3.1052069099440203e-07
1.8840219978921033 	 3.105249150662722e-07
1.8850219978921032 	 3.105291365402123e-07
1.8860219978921031 	 3.105333554170629e-07
1.887021997892103 	 3.105375716976729e-07
1.888021997892103 	 3.1054178538289965e-07
1.8890219978921028 	 3.105459964736088e-07
1.8900219978921027 	 3.1055020497067417e-07
1.8910219978921026 	 3.10554410874978e-07
1.8920219978921025 	 3.1055861418741017e-07
1.8930219978921023 	 3.105628149088691e-07
1.8940219978921022 	 3.1056701304026093e-07
1.8950219978921021 	 3.1057120858249974e-07
1.896021997892102 	 3.105754015365076e-07
1.897021997892102 	 3.1057959190321444e-07
1.8980219978921018 	 3.1058377968355767e-07
1.8990219978921017 	 3.1058796487848254e-07
1.9000219978921016 	 3.10592147488942e-07
1.9010219978921015 	 3.1059632751589654e-07
1.9020219978921014 	 3.106005049603141e-07
1.9030219978921012 	 3.106046798231701e-07
1.9040219978921011 	 3.106088521054473e-07
1.905021997892101 	 3.106130218081361e-07
1.906021997892101 	 3.1061718893223353e-07
1.9070219978921008 	 3.1062135347874466e-07
1.9080219978921007 	 3.1062551544868114e-07
1.9090219978921006 	 3.1062967484306196e-07
1.9100219978921005 	 3.106338316629131e-07
1.9110219978921004 	 3.106379859092676e-07
1.9120219978921003 	 3.106421375831654e-07
1.9130219978921001 	 3.1064628668565355e-07
1.9140219978921 	 3.106504332177854e-07
1.9150219978921 	 3.106545771806217e-07
1.9160219978920998 	 3.106587185752295e-07
1.9170219978920997 	 3.106628574026829e-07
1.9180219978920996 	 3.1066699366406214e-07
1.9190219978920995 	 3.106711273604545e-07
1.9200219978920994 	 3.106752584929535e-07
1.9210219978920993 	 3.1067938706265934e-07
1.9220219978920992 	 3.1068351307067835e-07
1.923021997892099 	 3.106876365181235e-07
1.924021997892099 	 3.1069175740611387e-07
1.9250219978920988 	 3.106958757357751e-07
1.9260219978920987 	 3.1069999150823847e-07
1.9270219978920986 	 3.1070410472464225e-07
1.9280219978920985 	 3.107082153861301e-07
1.9290219978920984 	 3.107123234938521e-07
1.9300219978920983 	 3.1071642904896426e-07
1.9310219978920982 	 3.1072053205262853e-07
1.932021997892098 	 3.1072463250601286e-07
1.933021997892098 	 3.1072873041029104e-07
1.9340219978920978 	 3.1073282576664265e-07
1.9350219978920977 	 3.10736918576253e-07
1.9360219978920976 	 3.107410088403132e-07
1.9370219978920975 	 3.1074509656002017e-07
1.9380219978920974 	 3.1074918173657624e-07
1.9390219978920973 	 3.107532643711894e-07
1.9400219978920972 	 3.1075734446507335e-07
1.941021997892097 	 3.1076142201944685e-07
1.942021997892097 	 3.1076549703553467e-07
1.9430219978920968 	 3.107695695145667e-07
1.9440219978920967 	 3.1077363945777815e-07
1.9450219978920966 	 3.107777068664096e-07
1.9460219978920965 	 3.107817717417069e-07
1.9470219978920964 	 3.107858340849212e-07
1.9480219978920963 	 3.107898938973088e-07
1.9490219978920962 	 3.1079395118013106e-07
1.950021997892096 	 3.107980059346545e-07
1.951021997892096 	 3.1080205816215075e-07
1.9520219978920959 	 3.108061078638965e-07
1.9530219978920957 	 3.1081015504117315e-07
1.9540219978920956 	 3.1081419969526725e-07
1.9550219978920955 	 3.1081824182747014e-07
1.9560219978920954 	 3.108222814390782e-07
1.9570219978920953 	 3.1082631853139234e-07
1.9580219978920952 	 3.108303531057184e-07
1.959021997892095 	 3.1083438516336683e-07
1.960021997892095 	 3.1083841470565294e-07
1.9610219978920949 	 3.1084244173389646e-07
1.9620219978920947 	 3.1084646624942193e-07
1.9630219978920946 	 3.108504882535584e-07
1.9640219978920945 	 3.1085450774763924e-07
1.9650219978920944 	 3.108585247330027e-07
1.9660219978920943 	 3.1086253921099105e-07
1.9670219978920942 	 3.108665511829512e-07
1.968021997892094 	 3.108705606502344e-07
1.969021997892094 	 3.1087456761419627e-07
1.9700219978920939 	 3.1087857207619654e-07
1.9710219978920938 	 3.1088257403759954e-07
1.9720219978920936 	 3.108865734997733e-07
1.9730219978920935 	 3.1089057046409057e-07
1.9740219978920934 	 3.108945649319279e-07
1.9750219978920933 	 3.108985569046661e-07
1.9760219978920932 	 3.109025463836898e-07
1.977021997892093 	 3.109065333703881e-07
1.978021997892093 	 3.109105178661538e-07
1.9790219978920929 	 3.1091449987238357e-07
1.9800219978920928 	 3.1091847939047824e-07
1.9810219978920927 	 3.1092245642184247e-07
1.9820219978920925 	 3.109264309678846e-07
1.9830219978920924 	 3.1093040303001697e-07
1.9840219978920923 	 3.1093437260965575e-07
1.9850219978920922 	 3.109383397082207e-07
1.986021997892092 	 3.1094230432713534e-07
1.987021997892092 	 3.1094626646782685e-07
1.9880219978920919 	 3.1095022613172626e-07
1.9890219978920918 	 3.109541833202678e-07
1.9900219978920917 	 3.109581380348898e-07
1.9910219978920916 	 3.109620902770337e-07
1.9920219978920914 	 3.1096604004814463e-07
1.9930219978920913 	 3.1096998734967123e-07
1.9940219978920912 	 3.109739321830655e-07
1.9950219978920911 	 3.10977874549783e-07
1.996021997892091 	 3.1098181445128244e-07
1.997021997892091 	 3.1098575188902603e-07
1.9980219978920908 	 3.109896868644794e-07
1.9990219978920907 	 3.1099361937911125e-07
