0.0010219978922 	 0
0.0020219978922 	 0.0
0.0030219978922 	 0.0
0.0040219978922 	 0.0
0.0050219978922 	 0.0
0.0060219978922 	 0.0
0.0070219978922 	 0.0
0.0080219978922 	 0.0
0.009021997892200002 	 0.0
0.010021997892200003 	 0.0
0.011021997892200004 	 0.0
0.012021997892200004 	 0.0
0.013021997892200005 	 0.0
0.014021997892200006 	 0.0
0.015021997892200007 	 0.0
0.016021997892200008 	 0.0
0.01702199789220001 	 0.0
0.01802199789220001 	 0.0
0.01902199789220001 	 0.0
0.02002199789220001 	 0.0
0.021021997892200012 	 0.0
0.022021997892200013 	 0.0
0.023021997892200014 	 0.0
0.024021997892200015 	 0.0
0.025021997892200016 	 0.0
0.026021997892200017 	 0.0
0.027021997892200018 	 0.0
0.02802199789220002 	 0.0
0.02902199789220002 	 0.0
0.03002199789220002 	 0.0
0.03102199789220002 	 0.0
0.03202199789220002 	 0.0
0.03302199789220002 	 0.0
0.03402199789220002 	 0.0
0.03502199789220002 	 0.0
0.03602199789220002 	 0.0
0.03702199789220002 	 0.0
0.038021997892200024 	 0.0
0.039021997892200025 	 0.0
0.040021997892200026 	 0.0
0.04102199789220003 	 0.0
0.04202199789220003 	 0.0
0.04302199789220003 	 0.0
0.04402199789220003 	 0.0
0.04502199789220003 	 0.0
0.04602199789220003 	 0.0
0.04702199789220003 	 0.0
0.04802199789220003 	 0.0
0.049021997892200034 	 0.0
0.050021997892200035 	 0.0
0.051021997892200036 	 0.0
0.052021997892200036 	 0.0
0.05302199789220004 	 0.0
0.05402199789220004 	 0.0
0.05502199789220004 	 0.0
0.05602199789220004 	 0.0
0.05702199789220004 	 0.0
0.05802199789220004 	 0.0
0.05902199789220004 	 0.0
0.060021997892200044 	 0.0
0.061021997892200044 	 0.0
0.062021997892200045 	 0.0
0.06302199789220005 	 0.0
0.06402199789220005 	 0.0
0.06502199789220005 	 0.0
0.06602199789220005 	 0.0
0.06702199789220005 	 0.0
0.06802199789220005 	 0.0
0.06902199789220005 	 0.0
0.07002199789220005 	 0.0
0.07102199789220005 	 0.0
0.07202199789220005 	 0.0
0.07302199789220006 	 0.0
0.07402199789220006 	 0.0
0.07502199789220006 	 0.0
0.07602199789220006 	 0.0
0.07702199789220006 	 0.0
0.07802199789220006 	 0.0
0.07902199789220006 	 0.0
0.08002199789220006 	 0.0
0.08102199789220006 	 0.0
0.08202199789220006 	 0.0
0.08302199789220006 	 0.0
0.08402199789220006 	 0.0
0.08502199789220007 	 0.0
0.08602199789220007 	 0.0
0.08702199789220007 	 0.0
0.08802199789220007 	 0.0
0.08902199789220007 	 0.0
0.09002199789220007 	 0.0
0.09102199789220007 	 0.0
0.09202199789220007 	 0.0
0.09302199789220007 	 0.0
0.09402199789220007 	 0.0
0.09502199789220007 	 0.0
0.09602199789220008 	 0.0
0.09702199789220008 	 0.0
0.09802199789220008 	 0.0
0.09902199789220008 	 0.0
0.10002199789220008 	 0.0
0.10102199789220008 	 0.0
0.10202199789220008 	 0.0
0.10302199789220008 	 0.0
0.10402199789220008 	 0.0
0.10502199789220008 	 0.0
0.10602199789220008 	 0.0
0.10702199789220009 	 0.0
0.10802199789220009 	 0.0
0.10902199789220009 	 0.0
0.11002199789220009 	 0.0
0.11102199789220009 	 0.0
0.11202199789220009 	 0.0
0.11302199789220009 	 0.0
0.11402199789220009 	 0.0
0.11502199789220009 	 0.0
0.1160219978922001 	 0.0
0.1170219978922001 	 0.0
0.1180219978922001 	 0.0
0.1190219978922001 	 0.0
0.1200219978922001 	 0.0
0.1210219978922001 	 0.0
0.1220219978922001 	 0.0
0.1230219978922001 	 0.0
0.1240219978922001 	 0.0
0.1250219978922001 	 0.0
0.1260219978922001 	 0.0
0.1270219978922001 	 0.0
0.1280219978922001 	 0.0
0.1290219978922001 	 0.0
0.1300219978922001 	 0.0
0.1310219978922001 	 0.0
0.1320219978922001 	 0.0
0.1330219978922001 	 0.0
0.1340219978922001 	 0.0
0.1350219978922001 	 0.0
0.1360219978922001 	 0.0
0.1370219978922001 	 0.0
0.1380219978922001 	 0.0
0.1390219978922001 	 0.0
0.1400219978922001 	 0.0
0.1410219978922001 	 0.0
0.1420219978922001 	 0.0
0.1430219978922001 	 0.0
0.1440219978922001 	 0.0
0.1450219978922001 	 0.0
0.1460219978922001 	 0.0
0.1470219978922001 	 0.0
0.1480219978922001 	 0.0
0.1490219978922001 	 0.0
0.1500219978922001 	 0.0
0.1510219978922001 	 0.0
0.1520219978922001 	 0.0
0.1530219978922001 	 0.0
0.1540219978922001 	 0.0
0.15502199789220011 	 0.0
0.15602199789220011 	 0.0
0.15702199789220012 	 0.0
0.15802199789220012 	 0.0
0.15902199789220012 	 0.0
0.16002199789220012 	 0.0
0.16102199789220012 	 0.0
0.16202199789220012 	 0.0
0.16302199789220012 	 0.0
0.16402199789220012 	 0.0
0.16502199789220012 	 0.0
0.16602199789220012 	 0.0
0.16702199789220012 	 0.0
0.16802199789220013 	 0.0
0.16902199789220013 	 0.0
0.17002199789220013 	 0.0
0.17102199789220013 	 0.0
0.17202199789220013 	 0.0
0.17302199789220013 	 0.0
0.17402199789220013 	 0.0
0.17502199789220013 	 0.0
0.17602199789220013 	 0.0
0.17702199789220013 	 0.0
0.17802199789220013 	 0.0
0.17902199789220014 	 0.0
0.18002199789220014 	 0.0
0.18102199789220014 	 0.0
0.18202199789220014 	 0.0
0.18302199789220014 	 0.0
0.18402199789220014 	 0.0
0.18502199789220014 	 0.0
0.18602199789220014 	 0.0
0.18702199789220014 	 0.0
0.18802199789220014 	 0.0
0.18902199789220014 	 0.0
0.19002199789220015 	 0.0
0.19102199789220015 	 0.0
0.19202199789220015 	 0.0
0.19302199789220015 	 0.0
0.19402199789220015 	 0.0
0.19502199789220015 	 0.0
0.19602199789220015 	 0.0
0.19702199789220015 	 0.0
0.19802199789220015 	 0.0
0.19902199789220015 	 0.0
0.20002199789220015 	 0.0
0.20102199789220015 	 0.0
0.20202199789220016 	 0.0
0.20302199789220016 	 0.0
0.20402199789220016 	 0.0
0.20502199789220016 	 0.0
0.20602199789220016 	 0.0
0.20702199789220016 	 0.0
0.20802199789220016 	 0.0
0.20902199789220016 	 0.0
0.21002199789220016 	 0.0
0.21102199789220016 	 0.0
0.21202199789220016 	 0.0
0.21302199789220017 	 0.0
0.21402199789220017 	 0.0
0.21502199789220017 	 0.0
0.21602199789220017 	 0.0
0.21702199789220017 	 0.0
0.21802199789220017 	 0.0
0.21902199789220017 	 0.0
0.22002199789220017 	 0.0
0.22102199789220017 	 0.0
0.22202199789220017 	 0.0
0.22302199789220017 	 0.0
0.22402199789220018 	 0.0
0.22502199789220018 	 0.0
0.22602199789220018 	 0.0
0.22702199789220018 	 0.0
0.22802199789220018 	 0.0
0.22902199789220018 	 0.0
0.23002199789220018 	 0.0
0.23102199789220018 	 0.0
0.23202199789220018 	 0.0
0.23302199789220018 	 0.0
0.23402199789220018 	 0.0
0.23502199789220019 	 0.0
0.23602199789220019 	 0.0
0.2370219978922002 	 0.0
0.2380219978922002 	 0.0
0.2390219978922002 	 0.0
0.2400219978922002 	 0.0
0.2410219978922002 	 0.0
0.2420219978922002 	 0.0
0.2430219978922002 	 0.0
0.2440219978922002 	 0.0
0.2450219978922002 	 0.0
0.2460219978922002 	 0.0
0.2470219978922002 	 0.0
0.2480219978922002 	 0.0
0.2490219978922002 	 0.0
0.2500219978922002 	 0.0
0.2510219978922002 	 0.0
0.2520219978922002 	 0.0
0.2530219978922002 	 0.0
0.2540219978922002 	 0.0
0.2550219978922002 	 0.0
0.2560219978922002 	 0.0
0.2570219978922002 	 0.0
0.2580219978922002 	 0.0
0.2590219978922002 	 0.0
0.2600219978922002 	 0.0
0.2610219978922002 	 0.0
0.2620219978922002 	 0.0
0.2630219978922002 	 0.0
0.2640219978922002 	 0.0
0.2650219978922002 	 0.0
0.2660219978922002 	 0.0
0.2670219978922002 	 0.0
0.2680219978922002 	 0.0
0.2690219978922002 	 0.0
0.2700219978922002 	 0.0
0.2710219978922002 	 0.0
0.2720219978922002 	 0.0
0.2730219978922002 	 0.0
0.2740219978922002 	 0.0
0.2750219978922002 	 0.0
0.2760219978922002 	 0.0
0.2770219978922002 	 0.0
0.2780219978922002 	 0.0
0.2790219978922002 	 0.0
0.2800219978922002 	 0.0
0.2810219978922002 	 0.0
0.2820219978922002 	 0.0
0.2830219978922002 	 0.0
0.28402199789220023 	 0.0
0.28502199789220023 	 0.0
0.28602199789220023 	 0.0
0.28702199789220023 	 0.0
0.28802199789220023 	 0.0
0.28902199789220023 	 0.0
0.29002199789220023 	 0.0
0.29102199789220023 	 0.0
0.29202199789220024 	 0.0
0.29302199789220024 	 0.0
0.29402199789220024 	 0.0
0.29502199789220024 	 0.0
0.29602199789220024 	 0.0
0.29702199789220024 	 0.0
0.29802199789220024 	 0.0
0.29902199789220024 	 0.0
0.30002199789220024 	 0.0
0.30102199789220024 	 0.0
0.30202199789220024 	 0.0
0.30302199789220025 	 0.0
0.30402199789220025 	 0.0
0.30502199789220025 	 0.0
0.30602199789220025 	 0.0
0.30702199789220025 	 0.0
0.30802199789220025 	 0.0
0.30902199789220025 	 0.0
0.31002199789220025 	 0.0
0.31102199789220025 	 0.0
0.31202199789220025 	 0.0
0.31302199789220025 	 0.0
0.31402199789220026 	 0.0
0.31502199789220026 	 0.0
0.31602199789220026 	 0.0
0.31702199789220026 	 0.0
0.31802199789220026 	 0.0
0.31902199789220026 	 0.0
0.32002199789220026 	 0.0
0.32102199789220026 	 0.0
0.32202199789220026 	 0.0
0.32302199789220026 	 0.0
0.32402199789220026 	 0.0
0.32502199789220027 	 0.0
0.32602199789220027 	 0.0
0.32702199789220027 	 0.0
0.32802199789220027 	 0.0
0.32902199789220027 	 0.0
0.33002199789220027 	 0.0
0.33102199789220027 	 0.0
0.33202199789220027 	 0.0
0.33302199789220027 	 0.0
0.3340219978922003 	 0.0
0.3350219978922003 	 0.0
0.3360219978922003 	 0.0
0.3370219978922003 	 0.0
0.3380219978922003 	 0.0
0.3390219978922003 	 0.0
0.3400219978922003 	 0.0
0.3410219978922003 	 0.0
0.3420219978922003 	 0.0
0.3430219978922003 	 0.0
0.3440219978922003 	 0.0
0.3450219978922003 	 0.0
0.3460219978922003 	 0.0
0.3470219978922003 	 0.0
0.3480219978922003 	 0.0
0.3490219978922003 	 0.0
0.3500219978922003 	 0.0
0.3510219978922003 	 0.0
0.3520219978922003 	 0.0
0.3530219978922003 	 0.0
0.3540219978922003 	 0.0
0.3550219978922003 	 0.0
0.3560219978922003 	 0.0
0.3570219978922003 	 0.0
0.3580219978922003 	 0.0
0.3590219978922003 	 0.0
0.3600219978922003 	 0.0
0.3610219978922003 	 0.0
0.3620219978922003 	 0.0
0.3630219978922003 	 0.0
0.3640219978922003 	 0.0
0.3650219978922003 	 0.0
0.3660219978922003 	 0.0
0.3670219978922003 	 0.0
0.3680219978922003 	 0.0
0.3690219978922003 	 0.0
0.3700219978922003 	 0.0
0.3710219978922003 	 0.0
0.3720219978922003 	 0.0
0.3730219978922003 	 0.0
0.3740219978922003 	 0.0
0.3750219978922003 	 0.0
0.3760219978922003 	 0.0
0.3770219978922003 	 0.0
0.3780219978922003 	 0.0
0.3790219978922003 	 0.0
0.3800219978922003 	 0.0
0.3810219978922003 	 0.0
0.3820219978922003 	 0.0
0.3830219978922003 	 0.0
0.3840219978922003 	 0.0
0.3850219978922003 	 0.0
0.3860219978922003 	 0.0
0.3870219978922003 	 0.0
0.3880219978922003 	 0.0
0.3890219978922003 	 0.0
0.3900219978922003 	 0.0
0.3910219978922003 	 0.0
0.3920219978922003 	 0.0
0.3930219978922003 	 0.0
0.3940219978922003 	 0.0
0.3950219978922003 	 0.0
0.39602199789220033 	 0.0
0.39702199789220033 	 0.0
0.39802199789220033 	 0.0
0.39902199789220033 	 0.0
0.40002199789220033 	 0.0
0.40102199789220033 	 0.0
0.40202199789220033 	 0.0
0.40302199789220033 	 0.0
0.40402199789220034 	 0.0
0.40502199789220034 	 0.0
0.40602199789220034 	 0.0
0.40702199789220034 	 0.0
0.40802199789220034 	 0.0
0.40902199789220034 	 0.0
0.41002199789220034 	 0.0
0.41102199789220034 	 0.0
0.41202199789220034 	 0.0
0.41302199789220034 	 0.0
0.41402199789220034 	 0.0
0.41502199789220034 	 0.0
0.41602199789220035 	 0.0
0.41702199789220035 	 0.0
0.41802199789220035 	 0.0
0.41902199789220035 	 0.0
0.42002199789220035 	 0.0
0.42102199789220035 	 0.0
0.42202199789220035 	 0.0
0.42302199789220035 	 0.0
0.42402199789220035 	 0.0
0.42502199789220035 	 0.0
0.42602199789220035 	 0.0
0.42702199789220036 	 0.0
0.42802199789220036 	 0.0
0.42902199789220036 	 0.0
0.43002199789220036 	 0.0
0.43102199789220036 	 0.0
0.43202199789220036 	 0.0
0.43302199789220036 	 0.0
0.43402199789220036 	 0.0
0.43502199789220036 	 0.0
0.43602199789220036 	 0.0
0.43702199789220036 	 0.0
0.43802199789220037 	 0.0
0.43902199789220037 	 0.0
0.44002199789220037 	 0.0
0.44102199789220037 	 0.0
0.44202199789220037 	 0.0
0.44302199789220037 	 0.0
0.44402199789220037 	 0.0
0.44502199789220037 	 0.0
0.4460219978922004 	 0.0
0.4470219978922004 	 0.0
0.4480219978922004 	 0.0
0.4490219978922004 	 0.0
0.4500219978922004 	 0.0
0.4510219978922004 	 0.0
0.4520219978922004 	 0.0
0.4530219978922004 	 0.0
0.4540219978922004 	 0.0
0.4550219978922004 	 0.0
0.4560219978922004 	 0.0
0.4570219978922004 	 0.0
0.4580219978922004 	 0.0
0.4590219978922004 	 0.0
0.4600219978922004 	 0.0
0.4610219978922004 	 0.0
0.4620219978922004 	 0.0
0.4630219978922004 	 0.0
0.4640219978922004 	 0.0
0.4650219978922004 	 0.0
0.4660219978922004 	 0.0
0.4670219978922004 	 0.0
0.4680219978922004 	 0.0
0.4690219978922004 	 0.0
0.4700219978922004 	 0.0
0.4710219978922004 	 0.0
0.4720219978922004 	 0.0
0.4730219978922004 	 0.0
0.4740219978922004 	 0.0
0.4750219978922004 	 0.0
0.4760219978922004 	 0.0
0.4770219978922004 	 0.0
0.4780219978922004 	 0.0
0.4790219978922004 	 0.0
0.4800219978922004 	 0.0
0.4810219978922004 	 0.0
0.4820219978922004 	 0.0
0.4830219978922004 	 0.0
0.4840219978922004 	 0.0
0.4850219978922004 	 0.0
0.4860219978922004 	 0.0
0.4870219978922004 	 0.0
0.4880219978922004 	 0.0
0.4890219978922004 	 0.0
0.4900219978922004 	 0.0
0.4910219978922004 	 0.0
0.4920219978922004 	 0.0
0.4930219978922004 	 0.0
0.4940219978922004 	 0.0
0.4950219978922004 	 0.0
0.4960219978922004 	 0.0
0.4970219978922004 	 0.0
0.4980219978922004 	 0.0
0.4990219978922004 	 0.0
0.5000219978922004 	 0.0
0.5010219978922004 	 0.0
0.5020219978922004 	 0.0
0.5030219978922004 	 0.0
0.5040219978922004 	 0.0
0.5050219978922004 	 0.0
0.5060219978922004 	 0.0
0.5070219978922004 	 0.0
0.5080219978922004 	 0.0
0.5090219978922004 	 0.0
0.5100219978922004 	 0.0
0.5110219978922004 	 0.0
0.5120219978922004 	 0.0
0.5130219978922004 	 0.0
0.5140219978922004 	 0.0
0.5150219978922004 	 0.0
0.5160219978922004 	 0.0
0.5170219978922004 	 0.0
0.5180219978922004 	 0.0
0.5190219978922004 	 0.0
0.5200219978922004 	 0.0
0.5210219978922004 	 0.0
0.5220219978922004 	 0.0
0.5230219978922004 	 0.0
0.5240219978922004 	 0.0
0.5250219978922004 	 0.0
0.5260219978922004 	 0.0
0.5270219978922004 	 0.0
0.5280219978922004 	 0.0
0.5290219978922004 	 0.0
0.5300219978922004 	 0.0
0.5310219978922004 	 0.0
0.5320219978922004 	 0.0
0.5330219978922004 	 0.0
0.5340219978922004 	 0.0
0.5350219978922004 	 0.0
0.5360219978922004 	 0.0
0.5370219978922004 	 0.0
0.5380219978922004 	 0.0
0.5390219978922004 	 0.0
0.5400219978922004 	 0.0
0.5410219978922004 	 0.0
0.5420219978922004 	 0.0
0.5430219978922004 	 0.0
0.5440219978922004 	 0.0
0.5450219978922004 	 0.0
0.5460219978922004 	 0.0
0.5470219978922004 	 0.0
0.5480219978922004 	 0.0
0.5490219978922004 	 0.0
0.5500219978922004 	 0.0
0.5510219978922004 	 0.0
0.5520219978922004 	 0.0
0.5530219978922004 	 0.0
0.5540219978922004 	 0.0
0.5550219978922004 	 0.0
0.5560219978922004 	 0.0
0.5570219978922004 	 0.0
0.5580219978922004 	 0.0
0.5590219978922004 	 0.0
0.5600219978922004 	 0.0
0.5610219978922004 	 0.0
0.5620219978922004 	 0.0
0.5630219978922004 	 0.0
0.5640219978922004 	 0.0
0.5650219978922004 	 0.0
0.5660219978922004 	 0.0
0.5670219978922004 	 0.0
0.5680219978922004 	 0.0
0.5690219978922004 	 0.0
0.5700219978922004 	 0.0
0.5710219978922004 	 0.0
0.5720219978922004 	 0.0
0.5730219978922004 	 0.0
0.5740219978922004 	 0.0
0.5750219978922004 	 0.0
0.5760219978922004 	 0.0
0.5770219978922004 	 0.0
0.5780219978922004 	 0.0
0.5790219978922004 	 0.0
0.5800219978922004 	 0.0
0.5810219978922004 	 0.0
0.5820219978922004 	 0.0
0.5830219978922004 	 0.0
0.5840219978922004 	 0.0
0.5850219978922004 	 0.0
0.5860219978922004 	 0.0
0.5870219978922004 	 0.0
0.5880219978922004 	 0.0
0.5890219978922004 	 0.0
0.5900219978922004 	 0.0
0.5910219978922004 	 0.0
0.5920219978922004 	 0.0
0.5930219978922004 	 0.0
0.5940219978922004 	 0.0
0.5950219978922004 	 0.0
0.5960219978922005 	 0.0
0.5970219978922005 	 0.0
0.5980219978922005 	 0.0
0.5990219978922005 	 0.0
0.6000219978922005 	 0.0
0.6010219978922005 	 0.0
0.6020219978922005 	 0.0
0.6030219978922005 	 0.0
0.6040219978922005 	 0.0
0.6050219978922005 	 0.0
0.6060219978922005 	 0.0
0.6070219978922005 	 0.0
0.6080219978922005 	 0.0
0.6090219978922005 	 0.0
0.6100219978922005 	 0.0
0.6110219978922005 	 0.0
0.6120219978922005 	 0.0
0.6130219978922005 	 0.0
0.6140219978922005 	 0.0
0.6150219978922005 	 0.0
0.6160219978922005 	 0.0
0.6170219978922005 	 0.0
0.6180219978922005 	 0.0
0.6190219978922005 	 0.0
0.6200219978922005 	 0.0
0.6210219978922005 	 0.0
0.6220219978922005 	 0.0
0.6230219978922005 	 0.0
0.6240219978922005 	 0.0
0.6250219978922005 	 0.0
0.6260219978922005 	 0.0
0.6270219978922005 	 0.0
0.6280219978922005 	 0.0
0.6290219978922005 	 0.0
0.6300219978922005 	 0.0
0.6310219978922005 	 0.0
0.6320219978922005 	 0.0
0.6330219978922005 	 0.0
0.6340219978922005 	 0.0
0.6350219978922005 	 0.0
0.6360219978922005 	 0.0
0.6370219978922005 	 0.0
0.6380219978922005 	 0.0
0.6390219978922005 	 0.0
0.6400219978922005 	 0.0
0.6410219978922005 	 0.0
0.6420219978922005 	 0.0
0.6430219978922005 	 0.0
0.6440219978922005 	 0.0
0.6450219978922005 	 0.0
0.6460219978922005 	 0.0
0.6470219978922005 	 0.0
0.6480219978922005 	 0.0
0.6490219978922005 	 0.0
0.6500219978922005 	 0.0
0.6510219978922005 	 0.0
0.6520219978922005 	 0.0
0.6530219978922005 	 0.0
0.6540219978922005 	 0.0
0.6550219978922005 	 0.0
0.6560219978922005 	 0.0
0.6570219978922005 	 0.0
0.6580219978922005 	 0.0
0.6590219978922005 	 0.0
0.6600219978922005 	 0.0
0.6610219978922005 	 0.0
0.6620219978922005 	 0.0
0.6630219978922005 	 0.0
0.6640219978922005 	 0.0
0.6650219978922005 	 0.0
0.6660219978922005 	 0.0
0.6670219978922005 	 0.0
0.6680219978922005 	 0.0
0.6690219978922005 	 0.0
0.6700219978922005 	 0.0
0.6710219978922005 	 0.0
0.6720219978922005 	 0.0
0.6730219978922005 	 0.0
0.6740219978922005 	 0.0
0.6750219978922005 	 0.0
0.6760219978922005 	 0.0
0.6770219978922005 	 0.0
0.6780219978922005 	 0.0
0.6790219978922005 	 0.0
0.6800219978922005 	 0.0
0.6810219978922005 	 0.0
0.6820219978922005 	 0.0
0.6830219978922005 	 0.0
0.6840219978922005 	 0.0
0.6850219978922005 	 0.0
0.6860219978922005 	 0.0
0.6870219978922005 	 0.0
0.6880219978922005 	 0.0
0.6890219978922005 	 0.0
0.6900219978922005 	 0.0
0.6910219978922005 	 0.0
0.6920219978922005 	 0.0
0.6930219978922005 	 0.0
0.6940219978922005 	 0.0
0.6950219978922005 	 0.0
0.6960219978922005 	 0.0
0.6970219978922005 	 0.0
0.6980219978922005 	 0.0
0.6990219978922005 	 0.0
0.7000219978922005 	 0.0
0.7010219978922005 	 0.0
0.7020219978922005 	 0.0
0.7030219978922005 	 0.0
0.7040219978922005 	 0.0
0.7050219978922005 	 0.0
0.7060219978922005 	 0.0
0.7070219978922005 	 0.0
0.7080219978922005 	 0.0
0.7090219978922006 	 0.0
0.7100219978922006 	 0.0
0.7110219978922006 	 0.0
0.7120219978922006 	 0.0
0.7130219978922006 	 0.0
0.7140219978922006 	 0.0
0.7150219978922006 	 0.0
0.7160219978922006 	 0.0
0.7170219978922006 	 0.0
0.7180219978922006 	 0.0
0.7190219978922006 	 0.0
0.7200219978922006 	 0.0
0.7210219978922006 	 0.0
0.7220219978922006 	 0.0
0.7230219978922006 	 0.0
0.7240219978922006 	 0.0
0.7250219978922006 	 0.0
0.7260219978922006 	 0.0
0.7270219978922006 	 0.0
0.7280219978922006 	 0.0
0.7290219978922006 	 0.0
0.7300219978922006 	 0.0
0.7310219978922006 	 0.0
0.7320219978922006 	 0.0
0.7330219978922006 	 0.0
0.7340219978922006 	 0.0
0.7350219978922006 	 0.0
0.7360219978922006 	 0.0
0.7370219978922006 	 0.0
0.7380219978922006 	 0.0
0.7390219978922006 	 0.0
0.7400219978922006 	 0.0
0.7410219978922006 	 0.0
0.7420219978922006 	 0.0
0.7430219978922006 	 0.0
0.7440219978922006 	 0.0
0.7450219978922006 	 0.0
0.7460219978922006 	 0.0
0.7470219978922006 	 0.0
0.7480219978922006 	 0.0
0.7490219978922006 	 0.0
0.7500219978922006 	 0.0
0.7510219978922006 	 0.0
0.7520219978922006 	 0.0
0.7530219978922006 	 0.0
0.7540219978922006 	 0.0
0.7550219978922006 	 0.0
0.7560219978922006 	 0.0
0.7570219978922006 	 0.0
0.7580219978922006 	 0.0
0.7590219978922006 	 0.0
0.7600219978922006 	 0.0
0.7610219978922006 	 0.0
0.7620219978922006 	 0.0
0.7630219978922006 	 0.0
0.7640219978922006 	 0.0
0.7650219978922006 	 0.0
0.7660219978922006 	 0.0
0.7670219978922006 	 0.0
0.7680219978922006 	 0.0
0.7690219978922006 	 0.0
0.7700219978922006 	 0.0
0.7710219978922006 	 0.0
0.7720219978922006 	 0.0
0.7730219978922006 	 0.0
0.7740219978922006 	 0.0
0.7750219978922006 	 0.0
0.7760219978922006 	 0.0
0.7770219978922006 	 0.0
0.7780219978922006 	 0.0
0.7790219978922006 	 0.0
0.7800219978922006 	 0.0
0.7810219978922006 	 0.0
0.7820219978922006 	 0.0
0.7830219978922006 	 0.0
0.7840219978922006 	 0.0
0.7850219978922006 	 0.0
0.7860219978922006 	 0.0
0.7870219978922006 	 0.0
0.7880219978922006 	 0.0
0.7890219978922006 	 0.0
0.7900219978922006 	 0.0
0.7910219978922006 	 0.0
0.7920219978922006 	 0.0
0.7930219978922006 	 0.0
0.7940219978922006 	 0.0
0.7950219978922006 	 0.0
0.7960219978922006 	 0.0
0.7970219978922006 	 0.0
0.7980219978922006 	 0.0
0.7990219978922006 	 0.0
0.8000219978922006 	 0.0
0.8010219978922006 	 0.0
0.8020219978922006 	 0.0
0.8030219978922006 	 0.0
0.8040219978922006 	 0.0
0.8050219978922006 	 0.0
0.8060219978922006 	 0.0
0.8070219978922006 	 0.0
0.8080219978922006 	 0.0
0.8090219978922006 	 0.0
0.8100219978922006 	 0.0
0.8110219978922006 	 0.0
0.8120219978922006 	 0.0
0.8130219978922006 	 0.0
0.8140219978922006 	 0.0
0.8150219978922006 	 0.0
0.8160219978922006 	 0.0
0.8170219978922006 	 0.0
0.8180219978922006 	 0.0
0.8190219978922006 	 0.0
0.8200219978922006 	 0.0
0.8210219978922007 	 0.0
0.8220219978922007 	 0.0
0.8230219978922007 	 0.0
0.8240219978922007 	 0.0
0.8250219978922007 	 0.0
0.8260219978922007 	 0.0
0.8270219978922007 	 0.0
0.8280219978922007 	 0.0
0.8290219978922007 	 0.0
0.8300219978922007 	 0.0
0.8310219978922007 	 0.0
0.8320219978922007 	 0.0
0.8330219978922007 	 0.0
0.8340219978922007 	 0.0
0.8350219978922007 	 0.0
0.8360219978922007 	 0.0
0.8370219978922007 	 0.0
0.8380219978922007 	 0.0
0.8390219978922007 	 0.0
0.8400219978922007 	 0.0
0.8410219978922007 	 0.0
0.8420219978922007 	 0.0
0.8430219978922007 	 0.0
0.8440219978922007 	 0.0
0.8450219978922007 	 0.0
0.8460219978922007 	 0.0
0.8470219978922007 	 0.0
0.8480219978922007 	 0.0
0.8490219978922007 	 0.0
0.8500219978922007 	 0.0
0.8510219978922007 	 0.0
0.8520219978922007 	 0.0
0.8530219978922007 	 0.0
0.8540219978922007 	 0.0
0.8550219978922007 	 0.0
0.8560219978922007 	 0.0
0.8570219978922007 	 0.0
0.8580219978922007 	 0.0
0.8590219978922007 	 0.0
0.8600219978922007 	 0.0
0.8610219978922007 	 0.0
0.8620219978922007 	 0.0
0.8630219978922007 	 0.0
0.8640219978922007 	 0.0
0.8650219978922007 	 0.0
0.8660219978922007 	 0.0
0.8670219978922007 	 0.0
0.8680219978922007 	 0.0
0.8690219978922007 	 0.0
0.8700219978922007 	 0.0
0.8710219978922007 	 0.0
0.8720219978922007 	 0.0
0.8730219978922007 	 0.0
0.8740219978922007 	 0.0
0.8750219978922007 	 0.0
0.8760219978922007 	 0.0
0.8770219978922007 	 0.0
0.8780219978922007 	 0.0
0.8790219978922007 	 0.0
0.8800219978922007 	 0.0
0.8810219978922007 	 0.0
0.8820219978922007 	 0.0
0.8830219978922007 	 0.0
0.8840219978922007 	 0.0
0.8850219978922007 	 0.0
0.8860219978922007 	 0.0
0.8870219978922007 	 0.0
0.8880219978922007 	 0.0
0.8890219978922007 	 0.0
0.8900219978922007 	 0.0
0.8910219978922007 	 0.0
0.8920219978922007 	 0.0
0.8930219978922007 	 0.0
0.8940219978922007 	 0.0
0.8950219978922007 	 0.0
0.8960219978922007 	 0.0
0.8970219978922007 	 0.0
0.8980219978922007 	 0.0
0.8990219978922007 	 0.0
0.9000219978922007 	 0.0
0.9010219978922007 	 0.0
0.9020219978922007 	 0.0
0.9030219978922007 	 0.0
0.9040219978922007 	 0.0
0.9050219978922007 	 0.0
0.9060219978922007 	 0.0
0.9070219978922007 	 0.0
0.9080219978922007 	 0.0
0.9090219978922007 	 0.0
0.9100219978922007 	 0.0
0.9110219978922007 	 0.0
0.9120219978922007 	 0.0
0.9130219978922007 	 0.0
0.9140219978922007 	 0.0
0.9150219978922007 	 0.0
0.9160219978922007 	 0.0
0.9170219978922007 	 0.0
0.9180219978922007 	 0.0
0.9190219978922007 	 0.0
0.9200219978922007 	 0.0
0.9210219978922007 	 0.0
0.9220219978922007 	 0.0
0.9230219978922007 	 0.0
0.9240219978922007 	 0.0
0.9250219978922007 	 0.0
0.9260219978922007 	 0.0
0.9270219978922007 	 0.0
0.9280219978922007 	 0.0
0.9290219978922007 	 0.0
0.9300219978922007 	 0.0
0.9310219978922007 	 0.0
0.9320219978922007 	 0.0
0.9330219978922007 	 0.0
0.9340219978922008 	 0.0
0.9350219978922008 	 0.0
0.9360219978922008 	 0.0
0.9370219978922008 	 0.0
0.9380219978922008 	 0.0
0.9390219978922008 	 0.0
0.9400219978922008 	 0.0
0.9410219978922008 	 0.0
0.9420219978922008 	 0.0
0.9430219978922008 	 0.0
0.9440219978922008 	 0.0
0.9450219978922008 	 0.0
0.9460219978922008 	 0.0
0.9470219978922008 	 0.0
0.9480219978922008 	 0.0
0.9490219978922008 	 0.0
0.9500219978922008 	 0.0
0.9510219978922008 	 0.0
0.9520219978922008 	 0.0
0.9530219978922008 	 0.0
0.9540219978922008 	 0.0
0.9550219978922008 	 0.0
0.9560219978922008 	 0.0
0.9570219978922008 	 0.0
0.9580219978922008 	 0.0
0.9590219978922008 	 0.0
0.9600219978922008 	 0.0
0.9610219978922008 	 0.0
0.9620219978922008 	 0.0
0.9630219978922008 	 0.0
0.9640219978922008 	 0.0
0.9650219978922008 	 0.0
0.9660219978922008 	 0.0
0.9670219978922008 	 0.0
0.9680219978922008 	 0.0
0.9690219978922008 	 0.0
0.9700219978922008 	 0.0
0.9710219978922008 	 0.0
0.9720219978922008 	 0.0
0.9730219978922008 	 0.0
0.9740219978922008 	 0.0
0.9750219978922008 	 0.0
0.9760219978922008 	 0.0
0.9770219978922008 	 0.0
0.9780219978922008 	 0.0
0.9790219978922008 	 0.0
0.9800219978922008 	 0.0
0.9810219978922008 	 0.0
0.9820219978922008 	 0.0
0.9830219978922008 	 0.0
0.9840219978922008 	 0.0
0.9850219978922008 	 0.0
0.9860219978922008 	 0.0
0.9870219978922008 	 0.0
0.9880219978922008 	 0.0
0.9890219978922008 	 0.0
0.9900219978922008 	 0.0
0.9910219978922008 	 0.0
0.9920219978922008 	 0.0
0.9930219978922008 	 0.0
0.9940219978922008 	 0.0
0.9950219978922008 	 0.0
0.9960219978922008 	 0.0
0.9970219978922008 	 0.0
0.9980219978922008 	 0.0
0.9990219978922008 	 0.0
1.0000219978922007 	 0.0
1.0010219978922006 	 0.0
1.0020219978922005 	 0.0
1.0030219978922004 	 0.0
1.0040219978922003 	 0.0
1.0050219978922001 	 0.0
1.0060219978922 	 0.0
1.0070219978922 	 0.0
1.0080219978921998 	 0.0
1.0090219978921997 	 0.0
1.0100219978921996 	 0.0
1.0110219978921995 	 0.0
1.0120219978921994 	 0.0
1.0130219978921993 	 0.0
1.0140219978921992 	 0.0
1.015021997892199 	 0.0
1.016021997892199 	 0.0
1.0170219978921988 	 0.0
1.0180219978921987 	 0.0
1.0190219978921986 	 0.0
1.0200219978921985 	 0.0
1.0210219978921984 	 0.0
1.0220219978921983 	 0.0
1.0230219978921982 	 0.0
1.024021997892198 	 0.0
1.025021997892198 	 0.0
1.0260219978921978 	 0.0
1.0270219978921977 	 0.0
1.0280219978921976 	 0.0
1.0290219978921975 	 0.0
1.0300219978921974 	 0.0
1.0310219978921973 	 0.0
1.0320219978921972 	 0.0
1.033021997892197 	 0.0
1.034021997892197 	 0.0
1.0350219978921968 	 0.0
1.0360219978921967 	 0.0
1.0370219978921966 	 0.0
1.0380219978921965 	 0.0
1.0390219978921964 	 0.0
1.0400219978921963 	 0.0
1.0410219978921962 	 0.0
1.042021997892196 	 0.0
1.043021997892196 	 0.0
1.0440219978921959 	 0.0
1.0450219978921957 	 0.0
1.0460219978921956 	 0.0
1.0470219978921955 	 0.0
1.0480219978921954 	 0.0
1.0490219978921953 	 0.0
1.0500219978921952 	 0.0
1.051021997892195 	 0.0
1.052021997892195 	 0.0
1.0530219978921949 	 0.0
1.0540219978921948 	 0.0
1.0550219978921946 	 0.0
1.0560219978921945 	 0.0
1.0570219978921944 	 0.0
1.0580219978921943 	 0.0
1.0590219978921942 	 0.0
1.060021997892194 	 0.0
1.061021997892194 	 0.0
1.0620219978921939 	 1.0711207852729357e-07
1.0630219978921938 	 1.6327183975830547e-06
1.0640219978921936 	 4.521311705405508e-06
1.0650219978921935 	 8.685655074729284e-06
1.0660219978921934 	 1.4117514739634785e-05
1.0670219978921933 	 2.082979641092421e-05
1.0680219978921932 	 2.8843596723942606e-05
1.069021997892193 	 3.81840890662607e-05
1.070021997892193 	 4.887748218681799e-05
1.0710219978921929 	 6.0951102151307676e-05
1.0720219978921928 	 7.443171394289597e-05
1.0730219978921927 	 8.934578875829942e-05
1.0740219978921925 	 0.00010571915122705453
1.0750219978921924 	 0.00012357685935554514
1.0760219978921923 	 0.00014294321859049084
1.0770219978921922 	 0.000163841414704577
1.078021997892192 	 0.0001862939993264379
1.079021997892192 	 0.00021032255554419765
1.0800219978921919 	 0.00023594787773239674
1.0810219978921918 	 0.00026318963949494977
1.0820219978921917 	 0.00029206693963393436
1.0830219978921916 	 0.0003225980612206913
1.0840219978921914 	 0.00035480022428851593
1.0850219978921913 	 0.0003886903454135372
1.0860219978921912 	 0.00042428403168375347
1.0870219978921911 	 0.00046159647011139967
1.088021997892191 	 0.0005006423418910409
1.089021997892191 	 0.000541435478807342
1.0900219978921908 	 0.0005839888732281272
1.0910219978921907 	 0.0006283151012620535
1.0920219978921906 	 0.0006744262501719651
1.0930219978921905 	 0.0007223340308733237
1.0940219978921903 	 0.0007720487186657935
1.0950219978921902 	 0.000823581059854426
1.0960219978921901 	 0.0008769408980144851
1.09702199789219 	 0.000932137382810001
1.09802199789219 	 0.0009891794087077232
1.0990219978921898 	 0.0010480758281693847
1.1000219978921897 	 0.001108834032322299
1.1010219978921896 	 0.0011714622574672871
1.1020219978921895 	 0.00123596761571564
1.1030219978921894 	 0.0013023572166502933
1.1040219978921892 	 0.0013706371871330576
1.1050219978921891 	 0.0014408131272916236
1.106021997892189 	 0.001512890808010092
1.107021997892189 	 0.0015868753107630546
1.1080219978921888 	 0.00166277186329581
1.1090219978921887 	 0.0017405855088918805
1.1100219978921886 	 0.0018203208418961655
1.1110219978921885 	 0.001901982797108913
1.1120219978921884 	 0.001985575593630143
1.1130219978921883 	 0.0020711030066495897
1.1140219978921881 	 0.002158567969579747
1.115021997892188 	 0.0022479738053957144
1.116021997892188 	 0.002339322758941788
1.1170219978921878 	 0.0024326179573784827
1.1180219978921877 	 0.0025278619543618037
1.1190219978921876 	 0.0026250569895215113
1.1200219978921875 	 0.0027242057980966694
1.1210219978921874 	 0.0028253101664680405
1.1220219978921873 	 0.0029283729310432094
1.1230219978921872 	 0.003033394869838766
1.124021997892187 	 0.003140377854095408
1.125021997892187 	 0.003249322403233392
1.1260219978921868 	 0.003360229855545737
1.1270219978921867 	 0.003473100905665909
1.1280219978921866 	 0.0035879367704459582
1.1290219978921865 	 0.0037047377034774218
1.1300219978921864 	 0.0038235052086162047
1.1310219978921863 	 0.003944239400817663
1.1320219978921862 	 0.004066941633842608
1.133021997892186 	 0.004191611402137739
1.134021997892186 	 0.004318248924315547
1.1350219978921858 	 0.004446807322580704
1.1360219978921857 	 0.004577380371915807
1.1370219978921856 	 0.004709920316895255
1.1380219978921855 	 0.004844426870706267
1.1390219978921854 	 0.004980900109550862
1.1400219978921853 	 0.0051193391581992416
1.1410219978921852 	 0.005259744463796777
1.142021997892185 	 0.005402115070199862
1.143021997892185 	 0.005546450489990883
1.1440219978921848 	 0.0056927495050279895
1.1450219978921847 	 0.0058410114703421395
1.1460219978921846 	 0.005991234780813502
1.1470219978921845 	 0.006143419128461847
1.1480219978921844 	 0.006297563153464024
1.1490219978921843 	 0.0064536654964382585
1.1500219978921842 	 0.006611725903898611
1.151021997892184 	 0.006771742838144469
1.152021997892184 	 0.0069337156488519566
1.1530219978921838 	 0.007097642705503336
1.1540219978921837 	 0.0072635228826635765
1.1550219978921836 	 0.007431354345155248
1.1560219978921835 	 0.007601135615924109
1.1570219978921834 	 0.007772865610649122
1.1580219978921833 	 0.007946542299166647
1.1590219978921832 	 0.008122165002495218
1.160021997892183 	 0.008299731763662697
1.161021997892183 	 0.00847924162447465
1.1620219978921829 	 0.00866069322971873
1.1630219978921827 	 0.008844084576555715
1.1640219978921826 	 0.009029414455243604
1.1650219978921825 	 0.009216680592192602
1.1660219978921824 	 0.009405882068071806
1.1670219978921823 	 0.00959701692132596
1.1680219978921822 	 0.009790083220629088
1.169021997892182 	 0.009985080170774274
1.170021997892182 	 0.01018200569815977
1.1710219978921819 	 0.010380858749506916
1.1720219978921818 	 0.010581637658648115
1.1730219978921816 	 0.010784341175190355
1.1740219978921815 	 0.010988967436650024
1.1750219978921814 	 0.011195514497291998
1.1760219978921813 	 0.011403981546442614
1.1770219978921812 	 0.011614366504230441
1.178021997892181 	 0.011826668305072794
1.179021997892181 	 0.012040885584452887
1.1800219978921809 	 0.012257016680279903
1.1810219978921808 	 0.012475060841407312
1.1820219978921807 	 0.012695016505755169
1.1830219978921805 	 0.012916882383620685
1.1840219978921804 	 0.01314065710593893
1.1850219978921803 	 0.013366339482104554
1.1860219978921802 	 0.013593928005975255
1.18702199789218 	 0.01382342202302058
1.18802199789218 	 0.014054820541125253
1.1890219978921799 	 0.014288123025825179
1.1900219978921798 	 0.014523328414678995
1.1910219978921797 	 0.014760436334013879
1.1920219978921796 	 0.014999445888078035
1.1930219978921794 	 0.015240356106389305
1.1940219978921793 	 0.015483167181135741
1.1950219978921792 	 0.015727878318716523
1.1960219978921791 	 0.015974488932484012
1.197021997892179 	 0.016222999139517483
1.198021997892179 	 0.016473408549902174
1.1990219978921788 	 0.016725717476705943
1.2000219978921787 	 0.01697992562104469
1.2010219978921786 	 0.017236033139756243
1.2020219978921785 	 0.017494040693966324
1.2030219978921783 	 0.017753948558385756
1.2040219978921782 	 0.01801575702870335
1.2050219978921781 	 0.018279467602734183
1.206021997892178 	 0.018545080590573977
1.207021997892178 	 0.018812597501495863
1.2080219978921778 	 0.01908201914403189
1.2090219978921777 	 0.01935334680865313
1.2100219978921776 	 0.019626582283928176
1.2110219978921775 	 0.019901726897500152
1.2120219978921773 	 0.02017878206658446
1.2130219978921772 	 0.020457750705931716
1.2140219978921771 	 0.020738634888879347
1.215021997892177 	 0.021021436966334385
1.216021997892177 	 0.02130616005707466
1.2170219978921768 	 0.021592806846601354
1.2180219978921767 	 0.021881380787134298
1.2190219978921766 	 0.022171884911930832
1.2200219978921765 	 0.022464322306417293
1.2210219978921764 	 0.022758697293758824
1.2220219978921762 	 0.023055013449555115
1.2230219978921761 	 0.02335327515831923
1.224021997892176 	 0.02365348772977662
1.225021997892176 	 0.023955656332404374
1.2260219978921758 	 0.02425978600090535
1.2270219978921757 	 0.02456588281715894
1.2280219978921756 	 0.02487395237602522
1.2290219978921755 	 0.02518400049275644
1.2300219978921754 	 0.025496033919300772
1.2310219978921753 	 0.025810058689966525
1.2320219978921751 	 0.026126082215222998
1.233021997892175 	 0.02644411224534311
1.234021997892175 	 0.026764157226437355
1.2350219978921748 	 0.027086225888516113
1.2360219978921747 	 0.0274103272468538
1.2370219978921746 	 0.027736470602692045
1.2380219978921745 	 0.028064665545816332
1.2390219978921744 	 0.028394921956451276
1.2400219978921743 	 0.028727250006827628
1.2410219978921742 	 0.029061660162295055
1.242021997892174 	 0.029398163486638738
1.243021997892174 	 0.029736772505644497
1.2440219978921738 	 0.030077500374145336
1.2450219978921737 	 0.030420360616074428
1.2460219978921736 	 0.03076536712593421
1.2470219978921735 	 0.031112534169304814
1.2480219978921734 	 0.03146187638624582
1.2490219978921733 	 0.03181340879370065
1.2500219978921732 	 0.03216714678744481
1.251021997892173 	 0.03252310614338141
1.252021997892173 	 0.032881303429235564
1.2530219978921728 	 0.033241757326685946
1.2540219978921727 	 0.03360448687134699
1.2550219978921726 	 0.03396951204858002
1.2560219978921725 	 0.034336853165689026
1.2570219978921724 	 0.034706531009598515
1.2580219978921723 	 0.035078566851889585
1.2590219978921722 	 0.03545298245237677
1.260021997892172 	 0.03582980006204505
1.261021997892172 	 0.03620904242505363
1.2620219978921718 	 0.03659073329953753
1.2630219978921717 	 0.03697489892829142
1.2640219978921716 	 0.037361566610842986
1.2650219978921715 	 0.03775076425975072
1.2660219978921714 	 0.03814252040384771
1.2670219978921713 	 0.03853686418940579
1.2680219978921712 	 0.03893382538817842
1.269021997892171 	 0.039333434403256685
1.270021997892171 	 0.03973572227400391
1.2710219978921709 	 0.040140720679624285
1.2720219978921707 	 0.04054846254779781
1.2730219978921706 	 0.04095898377257009
1.2740219978921705 	 0.041372321546909396
1.2750219978921704 	 0.04178851384651294
1.2760219978921703 	 0.042207599435403476
1.2770219978921702 	 0.04262961786840012
1.27802199789217 	 0.04305460950423065
1.27902199789217 	 0.04348261551534218
1.2800219978921699 	 0.04391367789636267
1.2810219978921698 	 0.04434783947051556
1.2820219978921696 	 0.04478514412065882
1.2830219978921695 	 0.04522564017404606
1.2840219978921694 	 0.04566937628356209
1.2850219978921693 	 0.046116402488995505
1.2860219978921692 	 0.046566769829439456
1.287021997892169 	 0.047020530347877204
1.288021997892169 	 0.04747773711235482
1.2890219978921689 	 0.04793844423206974
1.2900219978921688 	 0.048402706712417795
1.2910219978921686 	 0.04887058013437386
1.2920219978921685 	 0.04934212221897349
1.2930219978921684 	 0.049817393822038515
1.2940219978921683 	 0.05029645745714088
1.2950219978921682 	 0.050779376869667846
1.296021997892168 	 0.051266217049554794
1.297021997892168 	 0.05175704423898325
1.2980219978921679 	 0.052251925965875766
1.2990219978921678 	 0.05275093089491008
1.3000219978921677 	 0.053254127718676006
1.3010219978921675 	 0.053761587558864336
1.3020219978921674 	 0.054273383394477515
1.3030219978921673 	 0.05478959028192619
1.3040219978921672 	 0.05531028488985233
1.305021997892167 	 0.05583554537109261
1.306021997892167 	 0.056365451384469016
1.3070219978921669 	 0.05690008409936021
1.3080219978921668 	 0.05743952624847158
1.3090219978921667 	 0.05798386216288101
1.3100219978921666 	 0.058533177802777246
1.3110219978921664 	 0.059087560781692666
1.3120219978921663 	 0.059647099880292966
1.3130219978921662 	 0.060211883723540076
1.3140219978921661 	 0.06078200218050916
1.315021997892166 	 0.061357546823743586
1.316021997892166 	 0.06193861095071377
1.3170219978921658 	 0.06252528958717636
1.3180219978921657 	 0.06311767955782377
1.3190219978921656 	 0.06371587953614886
1.3200219978921655 	 0.06431999008508904
1.3210219978921653 	 0.06493011368053804
1.3220219978921652 	 0.06554635313424947
1.3230219978921651 	 0.06616880724556308
1.324021997892165 	 0.06679757519814468
1.325021997892165 	 0.06743275795918016
1.3260219978921648 	 0.06807445829476703
1.3270219978921647 	 0.06872278075213366
1.3280219978921646 	 0.06937783207409924
1.3290219978921645 	 0.07003972000530075
1.3300219978921644 	 0.0707085552128481
1.3310219978921642 	 0.07138423997087327
1.3320219978921641 	 0.07206642080337404
1.333021997892164 	 0.07275545316135472
1.334021997892164 	 0.07345150319564925
1.3350219978921638 	 0.07415469754502597
1.3360219978921637 	 0.07486515172089513
1.3370219978921636 	 0.0755829734091231
1.3380219978921635 	 0.07630826813743696
1.3390219978921634 	 0.07704114015377178
1.3400219978921633 	 0.07778169327458787
1.3410219978921631 	 0.07853003136367305
1.342021997892163 	 0.0792862537660143
1.343021997892163 	 0.0800504422500076
1.3440219978921628 	 0.08082267431270573
1.3450219978921627 	 0.08160302740468701
1.3460219978921626 	 0.08239157895061827
1.3470219978921625 	 0.0831884062276762
1.3480219978921624 	 0.08399358662270824
1.3490219978921623 	 0.08480719774723403
1.3500219978921622 	 0.08562931749748974
1.351021997892162 	 0.08646002401819927
1.352021997892162 	 0.08729938923672528
1.3530219978921618 	 0.08814746146992772
1.3540219978921617 	 0.08900428275012766
1.3550219978921616 	 0.08986989425699489
1.3560219978921615 	 0.09074433622141181
1.3570219978921614 	 0.09162764763063885
1.3580219978921613 	 0.09251986662417948
1.3590219978921612 	 0.09342103068577094
1.360021997892161 	 0.09433117671812455
1.361021997892161 	 0.09525034098686627
1.3620219978921608 	 0.09617855178174779
1.3630219978921607 	 0.09711581036070245
1.3640219978921606 	 0.098062110301353
1.3650219978921605 	 0.09901744363433448
1.3660219978921604 	 0.09998180076743496
1.3670219978921603 	 0.10095517005823784
1.3680219978921602 	 0.10193753861918528
1.36902199789216 	 0.10292889275885028
1.37002199789216 	 0.10392921823690052
1.3710219978921598 	 0.10493850030972544
1.3720219978921597 	 0.1059567170431435
1.3730219978921596 	 0.10698382274908362
1.3740219978921595 	 0.1080197657208035
1.3750219978921594 	 0.10906449400741719
1.3760219978921593 	 0.1101179555673163
1.3770219978921592 	 0.11118009797212154
1.378021997892159 	 0.11225086962904969
1.379021997892159 	 0.11333022050921698
1.3800219978921588 	 0.1144181026858274
1.3810219978921587 	 0.11551447068192534
1.3820219978921586 	 0.1166192776405077
1.3830219978921585 	 0.11773246539092848
1.3840219978921584 	 0.11885397476043653
1.3850219978921583 	 0.11998375332402886
1.3860219978921582 	 0.12112174994416383
1.387021997892158 	 0.12226791909969668
1.388021997892158 	 0.12342222016332907
1.3890219978921579 	 0.12458461756969355
1.3900219978921577 	 0.12575508087863566
1.3910219978921576 	 0.12693358489666623
1.3920219978921575 	 0.128120109816918
1.3930219978921574 	 0.1293146397592807
1.3940219978921573 	 0.13051716237521271
1.3950219978921572 	 0.13172766809040698
1.396021997892157 	 0.13294614919680192
1.397021997892157 	 0.13417259915881652
1.3980219978921569 	 0.13540701015891907
1.3990219978921568 	 0.1366493708439558
1.4000219978921566 	 0.1378996640311808
1.4010219978921565 	 0.13915786431004273
1.4020219978921564 	 0.14042393979257692
1.4030219978921563 	 0.14169785978075883
1.4040219978921562 	 0.14297958033359748
1.405021997892156 	 0.14426903745891048
1.406021997892156 	 0.1455661437401922
1.4070219978921559 	 0.14687078515185056
1.4080219978921558 	 0.14818281744523662
1.4090219978921557 	 0.1495020628663272
1.4100219978921555 	 0.1508283071981364
1.4110219978921554 	 0.1521612976880417
1.4120219978921553 	 0.15350074582030018
1.4130219978921552 	 0.15484635065237207
1.414021997892155 	 0.1561977742817161
1.415021997892155 	 0.1575546353202085
1.4160219978921549 	 0.15891650878150052
1.4170219978921548 	 0.1602829265099231
1.4180219978921547 	 0.16165337859727694
1.4190219978921546 	 0.16302731528131031
1.4200219978921544 	 0.16440414935733583
1.4210219978921543 	 0.16578325887202744
1.4220219978921542 	 0.16716399966450507
1.4230219978921541 	 0.16854573683727433
1.424021997892154 	 0.16992782200952627
1.425021997892154 	 0.17130958908931193
1.4260219978921538 	 0.17269035825711126
1.4270219978921537 	 0.17406943965051425
1.4280219978921536 	 0.17544613800214243
1.4290219978921535 	 0.1768197567459917
1.4300219978921533 	 0.17818960176670204
1.4310219978921532 	 0.1795549846176964
1.4320219978921531 	 0.18091523375262797
1.433021997892153 	 0.18226973187235715
1.434021997892153 	 0.18361788187871436
1.4350219978921528 	 0.1849591057125164
1.4360219978921527 	 0.18629284429717238
1.4370219978921526 	 0.18761855803572328
1.4380219978921525 	 0.18893572852216856
1.4390219978921523 	 0.19024385936394578
1.4400219978921522 	 0.1915424765260517
1.4410219978921521 	 0.1928311281217831
1.442021997892152 	 0.1941093925460279
1.443021997892152 	 0.1953769042583063
1.4440219978921518 	 0.19663332793832572
1.4450219978921517 	 0.19787834986561842
1.4460219978921516 	 0.19911167681304717
1.4470219978921515 	 0.20033303426342008
1.4480219978921514 	 0.20154216633549138
1.4490219978921512 	 0.20273883510431032
1.4500219978921511 	 0.2039228195699238
1.451021997892151 	 0.20509391433848295
1.452021997892151 	 0.20625193496359756
1.4530219978921508 	 0.20739673796076544
1.4540219978921507 	 0.20852819960546262
1.4550219978921506 	 0.20964620864922673
1.4560219978921505 	 0.21075066498759246
1.4570219978921504 	 0.21184147775943685
1.4580219978921503 	 0.21291856558499636
1.4590219978921501 	 0.21398185610146733
1.46002199789215 	 0.2150312852648674
1.46102199789215 	 0.21606679633298814
1.4620219978921498 	 0.21708834373185823
1.4630219978921497 	 0.2180959079194118
1.4640219978921496 	 0.21908947994331138
1.4650219978921495 	 0.22006905628507564
1.4660219978921494 	 0.221034637766863
1.4670219978921493 	 0.22198622748129151
1.4680219978921492 	 0.22292383206560726
1.469021997892149 	 0.2238474618152688
1.470021997892149 	 0.22475713033688632
1.4710219978921488 	 0.22565285407129576
1.4720219978921487 	 0.22653465534425005
1.4730219978921486 	 0.22740257289310373
1.4740219978921485 	 0.22825665091180222
1.4750219978921484 	 0.2290969354963794
1.4760219978921483 	 0.22992347380164577
1.4770219978921482 	 0.23073631214909024
1.478021997892148 	 0.23153549762038567
1.479021997892148 	 0.2323210767381543
1.4800219978921478 	 0.23309310207296763
1.4810219978921477 	 0.23385162168459622
1.4820219978921476 	 0.2345966878891779
1.4830219978921475 	 0.23532836424448866
1.4840219978921474 	 0.23604671725373672
1.4850219978921473 	 0.23675181368592532
1.4860219978921472 	 0.23744371991248228
1.487021997892147 	 0.23812250029258705
1.488021997892147 	 0.23878821870109504
1.4890219978921468 	 0.2394409389381562
1.4900219978921467 	 0.24008072465435223
1.4910219978921466 	 0.2407076390755737
1.4920219978921465 	 0.24132174716039465
1.4930219978921464 	 0.2419231237151379
1.4940219978921463 	 0.24251184543756882
1.4950219978921462 	 0.2430879884023068
1.496021997892146 	 0.24365162752406516
1.497021997892146 	 0.244202835207309
1.4980219978921459 	 0.24474168268547733
1.4990219978921457 	 0.2452682403948996
1.5000219978921456 	 0.24578257793111133
1.5010219978921455 	 0.24628476376180142
1.5020219978921454 	 0.24677486779342392
1.5030219978921453 	 0.24725297094659596
1.5040219978921452 	 0.24771915668774744
1.505021997892145 	 0.24817350452224016
1.506021997892145 	 0.2486160950812352
1.5070219978921449 	 0.2490470058629213
1.5080219978921447 	 0.24946631279925235
1.5090219978921446 	 0.24987409042448552
1.5100219978921445 	 0.250270411872645
1.5110219978921444 	 0.25065534871839423
1.5120219978921443 	 0.25102897485697595
1.5130219978921442 	 0.25139137830100394
1.514021997892144 	 0.2517426489048576
1.515021997892144 	 0.2520828746078901
1.5160219978921439 	 0.25241214141040774
1.5170219978921438 	 0.2527305333413291
1.5180219978921436 	 0.2530381324716921
1.5190219978921435 	 0.2533350189174049
1.5200219978921434 	 0.2536212708399087
1.5210219978921433 	 0.25389696336829104
1.5220219978921432 	 0.25416217343896447
1.523021997892143 	 0.2544169995586488
1.524021997892143 	 0.25466154270643726
1.5250219978921429 	 0.2548958982741074
1.5260219978921428 	 0.2551200540463473
1.5270219978921427 	 0.2553340275817943
1.5280219978921425 	 0.25553790783426644
1.5290219978921424 	 0.25573178126519497
1.5300219978921423 	 0.2559157286195946
1.5310219978921422 	 0.25608983035720206
1.532021997892142 	 0.2562541749548977
1.533021997892142 	 0.25640887340144913
1.5340219978921419 	 0.25655403950740446
1.5350219978921418 	 0.25668978389949293
1.5360219978921417 	 0.2568162151460718
1.5370219978921416 	 0.2569334418269511
1.5380219978921414 	 0.2570415704370094
1.5390219978921413 	 0.25714070468619016
1.5400219978921412 	 0.2572309456633172
1.5410219978921411 	 0.2573123930947826
1.542021997892141 	 0.25738515598005834
1.543021997892141 	 0.25744936967789733
1.5440219978921408 	 0.2575051730755704
1.5450219978921407 	 0.25755270217451914
1.5460219978921406 	 0.2575920917583495
1.5470219978921405 	 0.25762347951470943
1.5480219978921403 	 0.25764700207468444
1.5490219978921402 	 0.2576627940437826
1.5500219978921401 	 0.25767098833060215
1.55102199789214 	 0.2576717182961841
1.55202199789214 	 0.2576651305767744
1.5530219978921398 	 0.2576514007128763
1.5540219978921397 	 0.2576307096208071
1.5550219978921396 	 0.2576032371112276
1.5560219978921395 	 0.257569164671076
1.5570219978921394 	 0.2575286817366717
1.5580219978921392 	 0.25748197997723904
1.5590219978921391 	 0.25742925173812264
1.560021997892139 	 0.2573706907469817
1.561021997892139 	 0.2573064951108868
1.5620219978921388 	 0.2572368814806757
1.5630219978921387 	 0.25716209574010174
1.5640219978921386 	 0.2570823916598279
1.5650219978921385 	 0.2569980252011647
1.5660219978921384 	 0.2569092576170126
1.5670219978921383 	 0.2568163627999947
1.5680219978921381 	 0.25671706989431103
1.569021997892138 	 0.25660957312753263
1.570021997892138 	 0.25649606185253776
1.5710219978921378 	 0.25637732511471684
1.5720219978921377 	 0.25625389912969465
1.5730219978921376 	 0.25612622291584114
1.5740219978921375 	 0.25599466114100394
1.5750219978921374 	 0.25585950953497183
1.5760219978921373 	 0.25572099391870867
1.5770219978921372 	 0.2555792657469975
1.578021997892137 	 0.25543436992949653
1.579021997892137 	 0.25528621244207345
1.5800219978921368 	 0.25513452261274544
1.5810219978921367 	 0.25497881155698393
1.5820219978921366 	 0.2548183305538137
1.5830219978921365 	 0.25465200598465954
1.5840219978921364 	 0.25447838289718094
1.5850219978921363 	 0.2542955833015578
1.5860219978921362 	 0.25410129384268915
1.587021997892136 	 0.2538928021675408
1.588021997892136 	 0.25366707509872993
1.5890219978921358 	 0.25342092398585997
1.5900219978921357 	 0.25315125877347816
1.5910219978921356 	 0.2528554208008889
1.5920219978921355 	 0.2525315532409315
1.5930219978921354 	 0.2521789201741819
1.5940219978921353 	 0.25179815779128345
1.5950219978921352 	 0.25139134958321163
1.596021997892135 	 0.25096189547714576
1.597021997892135 	 0.2505141987755531
1.5980219978921348 	 0.25005321360334903
1.5990219978921347 	 0.24958396703793456
1.6000219978921346 	 0.2491111418996351
1.6010219978921345 	 0.24863877836726278
1.6020219978921344 	 0.24817010901216344
1.6030219978921343 	 0.24770748956580746
1.6040219978921342 	 0.2472524872169765
1.605021997892134 	 0.24680600608219797
1.606021997892134 	 0.24636842959096067
1.6070219978921338 	 0.24593976393067585
1.6080219978921337 	 0.24551975899528328
1.6090219978921336 	 0.24510800548701134
1.6100219978921335 	 0.2447040201394739
1.6110219978921334 	 0.244307300848935
1.6120219978921333 	 0.24391735651413377
1.6130219978921332 	 0.2435336933434204
1.614021997892133 	 0.24315587340517814
1.615021997892133 	 0.24278353627205237
1.6160219978921329 	 0.24241640078370272
1.6170219978921327 	 0.24205427219189932
1.6180219978921326 	 0.2416970306740187
1.6190219978921325 	 0.24134463636855832
1.6200219978921324 	 0.24099712384733296
1.6210219978921323 	 0.24065459774238077
1.6220219978921322 	 0.24031720909086235
1.623021997892132 	 0.23998511295708616
1.624021997892132 	 0.23965851366439717
1.6250219978921319 	 0.2393376768363897
1.6260219978921318 	 0.23902292417545806
1.6270219978921316 	 0.23871462556008968
1.6280219978921315 	 0.23841320371279165
1.6290219978921314 	 0.23811913436711646
1.6300219978921313 	 0.23783294511248357
1.6310219978921312 	 0.23755521055064666
1.632021997892131 	 0.237286527918302
1.633021997892131 	 0.2370274834148864
1.6340219978921309 	 0.23677869864301906
1.6350219978921308 	 0.23654084217043492
1.6360219978921307 	 0.23631462486720767
1.6370219978921305 	 0.23610078818869676
1.6380219978921304 	 0.23590011332158503
1.6390219978921303 	 0.23571342324795394
1.6400219978921302 	 0.2355415804156166
1.64102199789213 	 0.2353854812291797
1.64202199789213 	 0.2352460307561641
1.6430219978921299 	 0.23512412134290228
1.6440219978921298 	 0.23502066723315462
1.6450219978921297 	 0.23493661184557138
1.6460219978921296 	 0.23487292110490948
1.6470219978921294 	 0.23483056835688254
1.6480219978921293 	 0.23481054383247638
1.6490219978921292 	 0.23481385473957028
1.650021997892129 	 0.23484152148721257
1.651021997892129 	 0.23489457035283784
1.652021997892129 	 0.2349740115436769
1.6530219978921288 	 0.2350808299701239
1.6540219978921287 	 0.2352160026827401
1.6550219978921286 	 0.23538050070944083
1.6560219978921285 	 0.23557528077548345
1.6570219978921283 	 0.235801270422512
1.6580219978921282 	 0.2360593748701137
1.6590219978921281 	 0.2363504754119867
1.660021997892128 	 0.23667542540869566
1.661021997892128 	 0.23703504086261304
1.6620219978921278 	 0.23743009289482733
1.6630219978921277 	 0.23786130041643463
1.6640219978921276 	 0.2383293381814166
1.6650219978921275 	 0.2388348320487783
1.6660219978921273 	 0.23937835264591853
1.6670219978921272 	 0.23996040455659515
1.6680219978921271 	 0.2405814306543108
1.669021997892127 	 0.24124181150363805
1.670021997892127 	 0.24194186276204074
1.6710219978921268 	 0.2426818309356166
1.6720219978921267 	 0.24346188991657045
1.6730219978921266 	 0.24428215613531232
1.6740219978921265 	 0.24514267810356474
1.6750219978921264 	 0.24604343230835818
1.6760219978921262 	 0.2469843216528362
1.6770219978921261 	 0.24796517195867498
1.678021997892126 	 0.2489857360928238
1.679021997892126 	 0.2500456960084032
1.6800219978921258 	 0.25114466384344375
1.6810219978921257 	 0.2522821830892331
1.6820219978921256 	 0.25345773630912477
1.6830219978921255 	 0.2546707708102318
1.6840219978921254 	 0.2559206804826772
1.6850219978921253 	 0.25720680194081486
1.6860219978921251 	 0.2585284174976827
1.687021997892125 	 0.2598847583044832
1.688021997892125 	 0.2612750075103355
1.6890219978921248 	 0.2626983035134262
1.6900219978921247 	 0.2641537432527591
1.6910219978921246 	 0.26564038608117546
1.6920219978921245 	 0.2671572687782424
1.6930219978921244 	 0.26870343581426126
1.6940219978921243 	 0.2702779146499882
1.6950219978921242 	 0.2718797102599144
1.696021997892124 	 0.2735078092412601
1.697021997892124 	 0.27516118575098264
1.6980219978921238 	 0.276838801278128
1.6990219978921237 	 0.2785396062419737
1.7000219978921236 	 0.2802625423184692
1.7010219978921235 	 0.2820065460536243
1.7020219978921234 	 0.2837705661151903
1.7030219978921233 	 0.28555359261768853
1.7040219978921232 	 0.2873546275890635
1.705021997892123 	 0.28917267699750276
1.706021997892123 	 0.2910067518806057
1.7070219978921228 	 0.29285588247181565
1.7080219978921227 	 0.29471910236211013
1.7090219978921226 	 0.2965954557216082
1.7100219978921225 	 0.298483995806539
1.7110219978921224 	 0.3003837874341324
1.7120219978921223 	 0.3022939238796978
1.7130219978921222 	 0.30421355248294935
1.714021997892122 	 0.3061418438833755
1.715021997892122 	 0.3080779828015564
1.7160219978921218 	 0.3100211701220878
1.7170219978921217 	 0.31197062890162336
1.7180219978921216 	 0.3139255982217032
1.7190219978921215 	 0.3158853309715907
1.7200219978921214 	 0.31784909341159706
1.7210219978921213 	 0.31981616794504253
1.7220219978921212 	 0.3217858644205991
1.723021997892121 	 0.32375754715325894
1.724021997892121 	 0.3257306024457785
1.7250219978921209 	 0.327704430830764
1.7260219978921207 	 0.3296784486851026
1.7270219978921206 	 0.3316520939616758
1.7280219978921205 	 0.333624819543744
1.7290219978921204 	 0.3355960903557672
1.7300219978921203 	 0.33756538309707973
1.7310219978921202 	 0.33953218743438707
1.73202199789212 	 0.34149601938924024
1.73302199789212 	 0.3434564369281104
1.7340219978921199 	 0.3454130164405036
1.7350219978921197 	 0.347365345441512
1.7360219978921196 	 0.34931302398961295
1.7370219978921195 	 0.3498769695675142
1.7380219978921194 	 0.34906563628015014
1.7390219978921193 	 0.348245208274519
1.7400219978921192 	 0.3474158902270052
1.741021997892119 	 0.3465778859678528
1.742021997892119 	 0.34573139841265715
1.7430219978921189 	 0.3448766294959686
1.7440219978921188 	 0.3440137801070053
1.7450219978921186 	 0.3431430500274793
1.7460219978921185 	 0.34226463787153166
1.7470219978921184 	 0.3413787410277657
1.7480219978921183 	 0.3404855556033788
1.7490219978921182 	 0.3395852763703779
1.750021997892118 	 0.33867809671386684
1.751021997892118 	 0.33776420535831664
1.7520219978921179 	 0.3368437992225188
1.7530219978921178 	 0.3359170640108571
1.7540219978921177 	 0.3349841870846474
1.7550219978921175 	 0.33404535419029235
1.7560219978921174 	 0.3331007494196583
1.7570219978921173 	 0.33215055517238967
1.7580219978921172 	 0.3311949521201404
1.759021997892117 	 0.3302341191726923
1.760021997892117 	 0.32926823344593903
1.7610219978921169 	 0.32829747023170014
1.7620219978921168 	 0.3273220029693409
1.7630219978921167 	 0.3263420032191644
1.7640219978921166 	 0.32535764063754846
1.7650219978921164 	 0.3243690829537881
1.7660219978921163 	 0.3233764959486215
1.7670219978921162 	 0.3223800434343942
1.7680219978921161 	 0.3213798872368376
1.769021997892116 	 0.3203761871784201
1.770021997892116 	 0.3193691010632419
1.7710219978921158 	 0.3183587846634326
1.7720219978921157 	 0.3173453917070194
1.7730219978921156 	 0.3163290738672309
1.7740219978921155 	 0.3153099807531975
1.7750219978921153 	 0.3142882599020123
1.7760219978921152 	 0.3132640567721211
1.7770219978921151 	 0.3122375147379982
1.778021997892115 	 0.311208775086078
1.779021997892115 	 0.3101779770119003
1.7800219978921148 	 0.3091452576184396
1.7810219978921147 	 0.3081107519155761
1.7820219978921146 	 0.3070745928206773
1.7830219978921145 	 0.306036911160252
1.7840219978921144 	 0.30499783567264216
1.7850219978921142 	 0.3039574930117175
1.7860219978921141 	 0.30291600775153904
1.787021997892114 	 0.3018735023919545
1.788021997892114 	 0.30083009736509553
1.7890219978921138 	 0.2997859110427375
1.7900219978921137 	 0.2987410597444968
1.7910219978921136 	 0.2976956577468235
1.7920219978921135 	 0.29664981729276513
1.7930219978921134 	 0.2956036486024633
1.7940219978921133 	 0.29455725988435905
1.7950219978921131 	 0.29351075734706694
1.796021997892113 	 0.2924642424184334
1.797021997892113 	 0.2914178229403533
1.7980219978921128 	 0.2903715963982376
1.7990219978921127 	 0.2893256611325985
1.8000219978921126 	 0.28828011355257527
1.8010219978921125 	 0.2872350481512382
1.8020219978921124 	 0.2861905575213688
1.8030219978921123 	 0.2851467323716834
1.8040219978921122 	 0.2841036615434835
1.805021997892112 	 0.28306143202769946
1.806021997892112 	 0.2820201289823102
1.8070219978921118 	 0.28097983575010943
1.8080219978921117 	 0.2799406338767981
1.8090219978921116 	 0.27890260312938203
1.8100219978921115 	 0.27786582151484723
1.8110219978921114 	 0.27683036529909905
1.8120219978921113 	 0.2757963090261366
1.8130219978921112 	 0.2747637255374495
1.814021997892111 	 0.27373268599161166
1.815021997892111 	 0.2727032598840555
1.8160219978921108 	 0.2716755150670106
1.8170219978921107 	 0.2706495177695829
1.8180219978921106 	 0.26962533261796323
1.8190219978921105 	 0.2686030226557461
1.8200219978921104 	 0.26758264936434045
1.8210219978921103 	 0.2665642726834613
1.8220219978921102 	 0.2655479510316837
1.82302199789211 	 0.26453374132704505
1.82402199789211 	 0.2635216990076846
1.8250219978921098 	 0.2625118780525005
1.8260219978921097 	 0.2615043310018212
1.8270219978921096 	 0.26049910897806633
1.8280219978921095 	 0.25949626170639695
1.8290219978921094 	 0.2584958375353364
1.8300219978921093 	 0.2574978834573522
1.8310219978921092 	 0.25650244512939036
1.832021997892109 	 0.2555095668933501
1.833021997892109 	 0.2545192917964893
1.8340219978921088 	 0.2535316616117536
1.8350219978921087 	 0.25254671685801694
1.8360219978921086 	 0.25156449682022886
1.8370219978921085 	 0.25058503956945616
1.8380219978921084 	 0.2496083819828177
1.8390219978921083 	 0.24863455976329624
1.8400219978921082 	 0.24766360745943108
1.841021997892108 	 0.24669555612737917
1.842021997892108 	 0.24573044278773215
1.8430219978921079 	 0.24476829627756455
1.8440219978921077 	 0.24380914787928704
1.8450219978921076 	 0.2428530243397618
1.8460219978921075 	 0.24189995484912255
1.8470219978921074 	 0.24094996641434596
1.8480219978921073 	 0.24000308504028167
1.8490219978921072 	 0.23905933574796487
1.850021997892107 	 0.23811874259275778
1.851021997892107 	 0.23718132868230882
1.8520219978921069 	 0.2362471161943317
1.8530219978921068 	 0.2353161263942012
1.8540219978921066 	 0.23438837965235837
1.8550219978921065 	 0.23346389546152993
1.8560219978921064 	 0.2325426924537523
1.8570219978921063 	 0.2316247884172046
1.8580219978921062 	 0.23071020031284417
1.859021997892106 	 0.2297989442908452
1.860021997892106 	 0.22889103570683883
1.8610219978921059 	 0.22798648913795408
1.8620219978921058 	 0.2270853183986565
1.8630219978921057 	 0.22618753655638651
1.8640219978921055 	 0.2252931559469942
1.8650219978921054 	 0.2244021881899721
1.8660219978921053 	 0.2235146442034841
1.8670219978921052 	 0.2226305342191903
1.868021997892105 	 0.22174986779687003
1.869021997892105 	 0.22087265383883947
1.8700219978921049 	 0.21999890060416621
1.8710219978921048 	 0.21912861572268122
1.8720219978921047 	 0.21826180620878743
1.8730219978921046 	 0.21739847847506752
1.8740219978921044 	 0.21653863834568735
1.8750219978921043 	 0.21568229106960118
1.8760219978921042 	 0.214829441333556
1.877021997892104 	 0.21398009327489562
1.878021997892104 	 0.21313425049416787
1.879021997892104 	 0.21229191606753475
1.8800219978921038 	 0.21145309255898523
1.8810219978921037 	 0.21061778203235493
1.8820219978921036 	 0.20978598606315138
1.8830219978921034 	 0.20895770575018782
1.8840219978921033 	 0.20813294172702515
1.8850219978921032 	 0.2073116941732266
1.8860219978921031 	 0.20649396085139773
1.887021997892103 	 0.20567974502045647
1.888021997892103 	 0.20486904358328703
1.8890219978921028 	 0.20406185501226543
1.8900219978921027 	 0.2032581773792551
1.8910219978921026 	 0.20245800836575767
1.8920219978921025 	 0.2016613452728882
1.8930219978921023 	 0.20086818503117376
1.8940219978921022 	 0.20007852421017747
1.8950219978921021 	 0.19929235902795195
1.896021997892102 	 0.19850968536032113
1.897021997892102 	 0.19773049874999485
1.8980219978921018 	 0.19695479441551558
1.8990219978921017 	 0.19618256726004307
1.9000219978921016 	 0.19541381187997445
1.9010219978921015 	 0.19464852257340448
1.9020219978921014 	 0.19388669334842742
1.9030219978921012 	 0.1931283179312828
1.9040219978921011 	 0.19237338977434548
1.905021997892101 	 0.19162190206396462
1.906021997892101 	 0.1908738477281505
1.9070219978921008 	 0.19012921944411493
1.9080219978921007 	 0.18938800964566294
1.9090219978921006 	 0.18865021053044156
1.9100219978921005 	 0.18791581406704566
1.9110219978921004 	 0.1871848120019827
1.9120219978921003 	 0.18645719586650036
1.9130219978921001 	 0.1857329569832765
1.9140219978921 	 0.18501208647297493
1.9150219978921 	 0.18429457526066936
1.9160219978920998 	 0.18358041408213566
1.9170219978920997 	 0.18286959349001683
1.9180219978920996 	 0.18216210385985995
1.9190219978920995 	 0.18145793539603064
1.9200219978920994 	 0.18075707813750153
1.9210219978920993 	 0.18005952196352387
1.9220219978920992 	 0.17936525659917646
1.923021997892099 	 0.17867427162080074
1.924021997892099 	 0.17798655646131809
1.9250219978920988 	 0.17730210041543654
1.9260219978920987 	 0.17662089264474332
1.9270219978920986 	 0.1759429221826901
1.9280219978920985 	 0.175268177939469
1.9290219978920984 	 0.1745966487067834
1.9300219978920983 	 0.173928323162515
1.9310219978920982 	 0.1732631898752861
1.932021997892098 	 0.17260123565735014
1.933021997892098 	 0.17194245218032453
1.9340219978920978 	 0.17128682605477652
1.9350219978920977 	 0.17063434545594847
1.9360219978920976 	 0.16998499847116852
1.9370219978920975 	 0.1693387731038364
1.9380219978920974 	 0.16869565727731842
1.9390219978920973 	 0.16805563883875285
1.9400219978920972 	 0.16741870556276972
1.941021997892097 	 0.16678484515512235
1.942021997892097 	 0.16615404525623695
1.9430219978920968 	 0.16552629344467787
1.9440219978920967 	 0.16490157724053253
1.9450219978920966 	 0.16427988410871636
1.9460219978920965 	 0.16366120146219923
1.9470219978920964 	 0.1630455166651564
1.9480219978920963 	 0.16243281703604204
1.9490219978920962 	 0.16182308985059052
1.950021997892096 	 0.1612163223447451
1.951021997892096 	 0.1606125017175141
1.9520219978920959 	 0.16001161513375897
1.9530219978920957 	 0.15941364972691252
1.9540219978920956 	 0.15881859260163136
1.9550219978920955 	 0.1582264308363813
1.9560219978920954 	 0.15763715148595886
1.9570219978920953 	 0.15705074158394924
1.9580219978920952 	 0.15646718814512287
1.959021997892095 	 0.15588647816776913
1.960021997892095 	 0.15530859863597352
1.9610219978920949 	 0.15473353652183428
1.9620219978920947 	 0.1541612787876212
1.9630219978920946 	 0.1535918123878805
1.9640219978920945 	 0.15302512427148274
1.9650219978920944 	 0.15246120138361785
1.9660219978920943 	 0.15190003066773666
1.9670219978920942 	 0.15134159906744163
1.968021997892094 	 0.15078589352832564
1.969021997892094 	 0.15023290099976236
1.9700219978920939 	 0.14968260843664716
1.9710219978920938 	 0.1491350028010903
1.9720219978920936 	 0.14859007106406477
1.9730219978920935 	 0.14804780020700647
1.9740219978920934 	 0.14750817722337137
1.9750219978920933 	 0.14697118981614726
1.9760219978920932 	 0.14643682361250185
1.977021997892093 	 0.14590506495354852
1.978021997892093 	 0.14537590369185263
1.9790219978920929 	 0.14484932550261728
1.9800219978920928 	 0.144325317481715
1.9810219978920927 	 0.14380386674675846
1.9820219978920925 	 0.14328496043833033
1.9830219978920924 	 0.14276858572117831
1.9840219978920923 	 0.14225472978537332
1.9850219978920922 	 0.14174337984743166
1.986021997892092 	 0.1412345231514037
1.987021997892092 	 0.14072814696992833
1.9880219978920919 	 0.1402242386052545
1.9890219978920918 	 0.13972278539022992
1.9900219978920917 	 0.13922377468925928
1.9910219978920916 	 0.13872719389923105
1.9920219978920914 	 0.13823303045041266
1.9930219978920913 	 0.13774127180731888
1.9940219978920912 	 0.13725190546954916
1.9950219978920911 	 0.1367649189725975
1.996021997892091 	 0.13628029988863508
1.997021997892091 	 0.13579803582726474
1.9980219978920908 	 0.13531811443625077
1.9990219978920907 	 0.13484052340222147
