0.0010219978922 	 0
0.0020219978922 	 0
0.0030219978922 	 0
0.0040219978922 	 0
0.0050219978922 	 0
0.0060219978922 	 0
0.0070219978922 	 0
0.0080219978922 	 0
0.009021997892200002 	 0
0.010021997892200003 	 0
0.011021997892200004 	 0
0.012021997892200004 	 0
0.013021997892200005 	 0
0.014021997892200006 	 0
0.015021997892200007 	 0
0.016021997892200008 	 0
0.01702199789220001 	 0
0.01802199789220001 	 0
0.01902199789220001 	 0
0.02002199789220001 	 0
0.021021997892200012 	 0
0.022021997892200013 	 0
0.023021997892200014 	 0
0.024021997892200015 	 0
0.025021997892200016 	 0
0.026021997892200017 	 0
0.027021997892200018 	 0
0.02802199789220002 	 0
0.02902199789220002 	 0
0.03002199789220002 	 0
0.03102199789220002 	 0
0.03202199789220002 	 0
0.03302199789220002 	 0
0.03402199789220002 	 0
0.03502199789220002 	 0
0.03602199789220002 	 0
0.03702199789220002 	 0
0.038021997892200024 	 0
0.039021997892200025 	 0
0.040021997892200026 	 0
0.04102199789220003 	 0
0.04202199789220003 	 0
0.04302199789220003 	 0
0.04402199789220003 	 0
0.04502199789220003 	 0
0.04602199789220003 	 0
0.04702199789220003 	 0
0.04802199789220003 	 0
0.049021997892200034 	 0
0.050021997892200035 	 0
0.051021997892200036 	 0
0.052021997892200036 	 0
0.05302199789220004 	 0
0.05402199789220004 	 0
0.05502199789220004 	 0
0.05602199789220004 	 0
0.05702199789220004 	 0
0.05802199789220004 	 0
0.05902199789220004 	 0
0.060021997892200044 	 0
0.061021997892200044 	 0
0.062021997892200045 	 0
0.06302199789220005 	 0
0.06402199789220005 	 0
0.06502199789220005 	 0
0.06602199789220005 	 0
0.06702199789220005 	 0
0.06802199789220005 	 0
0.06902199789220005 	 0
0.07002199789220005 	 0
0.07102199789220005 	 0
0.07202199789220005 	 0
0.07302199789220006 	 0
0.07402199789220006 	 0
0.07502199789220006 	 0
0.07602199789220006 	 0
0.07702199789220006 	 0
0.07802199789220006 	 0
0.07902199789220006 	 0
0.08002199789220006 	 0
0.08102199789220006 	 0
0.08202199789220006 	 0
0.08302199789220006 	 0
0.08402199789220006 	 0
0.08502199789220007 	 0
0.08602199789220007 	 0
0.08702199789220007 	 0
0.08802199789220007 	 0
0.08902199789220007 	 0
0.09002199789220007 	 0
0.09102199789220007 	 0
0.09202199789220007 	 0
0.09302199789220007 	 0
0.09402199789220007 	 0
0.09502199789220007 	 0
0.09602199789220008 	 0
0.09702199789220008 	 0
0.09802199789220008 	 0
0.09902199789220008 	 0
0.10002199789220008 	 0
0.10102199789220008 	 0
0.10202199789220008 	 0
0.10302199789220008 	 0
0.10402199789220008 	 0
0.10502199789220008 	 0
0.10602199789220008 	 0
0.10702199789220009 	 0
0.10802199789220009 	 0
0.10902199789220009 	 0
0.11002199789220009 	 0
0.11102199789220009 	 0
0.11202199789220009 	 0
0.11302199789220009 	 0
0.11402199789220009 	 0
0.11502199789220009 	 0
0.1160219978922001 	 0
0.1170219978922001 	 0
0.1180219978922001 	 0
0.1190219978922001 	 0
0.1200219978922001 	 0
0.1210219978922001 	 0
0.1220219978922001 	 0
0.1230219978922001 	 0
0.1240219978922001 	 0
0.1250219978922001 	 0
0.1260219978922001 	 0
0.1270219978922001 	 0
0.1280219978922001 	 0
0.1290219978922001 	 0
0.1300219978922001 	 0
0.1310219978922001 	 0
0.1320219978922001 	 0
0.1330219978922001 	 0
0.1340219978922001 	 0
0.1350219978922001 	 0
0.1360219978922001 	 0
0.1370219978922001 	 0
0.1380219978922001 	 0
0.1390219978922001 	 0
0.1400219978922001 	 0
0.1410219978922001 	 0
0.1420219978922001 	 0
0.1430219978922001 	 0
0.1440219978922001 	 0
0.1450219978922001 	 0
0.1460219978922001 	 0
0.1470219978922001 	 0
0.1480219978922001 	 0
0.1490219978922001 	 0
0.1500219978922001 	 0
0.1510219978922001 	 0
0.1520219978922001 	 0
0.1530219978922001 	 0
0.1540219978922001 	 0
0.15502199789220011 	 0
0.15602199789220011 	 0
0.15702199789220012 	 0
0.15802199789220012 	 0
0.15902199789220012 	 0
0.16002199789220012 	 0
0.16102199789220012 	 0
0.16202199789220012 	 0
0.16302199789220012 	 0
0.16402199789220012 	 0
0.16502199789220012 	 0
0.16602199789220012 	 0
0.16702199789220012 	 0
0.16802199789220013 	 0
0.16902199789220013 	 0
0.17002199789220013 	 0
0.17102199789220013 	 0
0.17202199789220013 	 0
0.17302199789220013 	 0
0.17402199789220013 	 0
0.17502199789220013 	 0
0.17602199789220013 	 0
0.17702199789220013 	 0
0.17802199789220013 	 0
0.17902199789220014 	 0
0.18002199789220014 	 0
0.18102199789220014 	 0
0.18202199789220014 	 0
0.18302199789220014 	 0
0.18402199789220014 	 0
0.18502199789220014 	 0
0.18602199789220014 	 0
0.18702199789220014 	 0
0.18802199789220014 	 0
0.18902199789220014 	 0
0.19002199789220015 	 0
0.19102199789220015 	 0
0.19202199789220015 	 0
0.19302199789220015 	 0
0.19402199789220015 	 0
0.19502199789220015 	 0
0.19602199789220015 	 0
0.19702199789220015 	 0
0.19802199789220015 	 0
0.19902199789220015 	 0
0.20002199789220015 	 0
0.20102199789220015 	 0
0.20202199789220016 	 0
0.20302199789220016 	 0
0.20402199789220016 	 0
0.20502199789220016 	 0
0.20602199789220016 	 0
0.20702199789220016 	 0
0.20802199789220016 	 0
0.20902199789220016 	 0
0.21002199789220016 	 0
0.21102199789220016 	 0
0.21202199789220016 	 183.6266767906544
0.21302199789220017 	 122.79579549208653
0.21402199789220017 	 101.32371936116455
0.21502199789220017 	 89.93252504735531
0.21602199789220017 	 82.856102662245
0.21702199789220017 	 78.08261519945862
0.21802199789220017 	 74.70527784373539
0.21902199789220017 	 72.24856604097626
0.22002199789220017 	 70.43651140093434
0.22102199789220017 	 69.09682549397891
0.22202199789220017 	 68.11583618490141
0.22302199789220017 	 67.4152221108541
0.22402199789220018 	 66.93909961801725
0.22502199789220018 	 66.64643027570493
0.22602199789220018 	 66.50634147088753
0.22702199789220018 	 66.49512698660763
0.22802199789220018 	 66.59425947701108
0.22902199789220018 	 66.78903537403566
0.23002199789220018 	 67.06762783925839
0.23102199789220018 	 67.42041038042956
0.23202199789220018 	 67.83946442900199
0.23302199789220018 	 68.31821467493633
0.23402199789220018 	 68.85115485041896
0.23502199789220019 	 69.43363866544146
0.23602199789220019 	 70.06171841163348
0.2370219978922002 	 70.73201894018133
0.2380219978922002 	 71.4416382318622
0.2390219978922002 	 72.18806819537485
0.2400219978922002 	 72.96913102137015
0.2410219978922002 	 73.78292761954071
0.2420219978922002 	 74.62779552891209
0.2430219978922002 	 75.50227431945783
0.2440219978922002 	 76.40507696549486
0.2450219978922002 	 77.33506601529088
0.2460219978922002 	 78.29123363978599
0.2470219978922002 	 79.27268483933749
0.2480219978922002 	 80.27862323733233
0.2490219978922002 	 81.30833900513153
0.2500219978922002 	 82.36119855265517
0.2510219978922002 	 83.43663568923438
0.2520219978922002 	 84.53414401476292
0.2530219978922002 	 85.65327034512401
0.2540219978922002 	 86.79360901092593
0.2550219978922002 	 87.95479689671545
0.2560219978922002 	 89.1365091105407
0.2570219978922002 	 90.3384551921438
0.2580219978922002 	 91.56037578307793
0.2590219978922002 	 92.80203969432905
0.2600219978922002 	 94.0632413171394
0.2610219978922002 	 95.34379833108025
0.2620219978922002 	 96.64354967035665
0.2630219978922002 	 97.96235371509466
0.2640219978922002 	 99.30008667919388
0.2650219978922002 	 100.65664117037261
0.2660219978922002 	 102.03192490144617
0.2670219978922002 	 103.42585953475849
0.2680219978922002 	 104.83837964412785
0.2690219978922002 	 106.2694317807464
0.2700219978922002 	 107.71897363123728
0.2710219978922002 	 109.18697325759393
0.2720219978922002 	 110.6734084100179
0.2730219978922002 	 112.17826590479046
0.2740219978922002 	 113.70154106027537
0.2750219978922002 	 115.24323718497915
0.2760219978922002 	 116.80336511231783
0.2770219978922002 	 118.38194277736349
0.2780219978922002 	 119.97899483138715
0.2790219978922002 	 121.59455229048919
0.2800219978922002 	 123.22865221502555
0.2810219978922002 	 124.88133741689742
0.2820219978922002 	 126.55265619209396
0.2830219978922002 	 128.24266207615534
0.28402199789220023 	 129.95141362047292
0.28502199789220023 	 131.67897418755823
0.28602199789220023 	 133.42541176360652
0.28702199789220023 	 135.19079878685275
0.28802199789220023 	 136.975211990364
0.28902199789220023 	 138.7787322580538
0.29002199789220023 	 140.60144449281702
0.29102199789220023 	 142.44343749579335
0.29202199789220024 	 144.30480385586395
0.29302199789220024 	 146.1856398485683
0.29402199789220024 	 148.08604534370428
0.29502199789220024 	 150.00612372094506
0.29602199789220024 	 151.94598179286726
0.29702199789220024 	 153.9057297348367
0.29802199789220024 	 155.8854810212516
0.29902199789220024 	 157.88535236768556
0.30002199789220024 	 159.90546367851368
0.30102199789220024 	 161.9459379996412
0.30202199789220024 	 164.0069014759874
0.30302199789220025 	 166.08848331340565
0.30402199789220025 	 168.19081574475314
0.30502199789220025 	 170.31403399983674
0.30602199789220025 	 172.45827627900087
0.30702199789220025 	 174.6236837301237
0.30802199789220025 	 176.8104004288256
0.30902199789220025 	 179.0185733616947
0.31002199789220025 	 181.2483524123611
0.31102199789220025 	 183.49989035025985
0.31202199789220025 	 185.77334282193462
0.31302199789220025 	 188.06886834475165
0.31402199789220026 	 190.38662830289704
0.31502199789220026 	 192.72678694554648
0.31602199789220026 	 195.08951138710057
0.31702199789220026 	 197.4749716093925
0.31802199789220026 	 199.88334046577626
0.31902199789220026 	 202.31479368701764
0.32002199789220026 	 204.76950988890988
0.32102199789220026 	 207.2476705815477
0.32202199789220026 	 209.74946018019435
0.32302199789220026 	 212.2750660176855
0.32402199789220026 	 214.82467835831585
0.32502199789220027 	 217.39849041315807
0.32602199789220027 	 219.99669835677224
0.32702199789220027 	 222.6195013452617
0.32802199789220027 	 225.26710153563923
0.32902199789220027 	 227.93970410647154
0.33002199789220027 	 230.6375172797645
0.33102199789220027 	 233.36075234406906
0.33202199789220027 	 236.1096236787754
0.33302199789220027 	 238.88434877957636
0.3340219978922003 	 241.6851482850775
0.3350219978922003 	 244.512246004536
0.3360219978922003 	 247.36586894671052
0.3370219978922003 	 250.2462473498112
0.3380219978922003 	 253.1536147125311
0.3390219978922003 	 256.0882078261526
0.3400219978922003 	 259.0502668077211
0.3410219978922003 	 262.04003513426943
0.3420219978922003 	 265.0577596780975
0.3430219978922003 	 268.10369074309506
0.3440219978922003 	 271.17808210210586
0.3450219978922003 	 274.28119103533066
0.3460219978922003 	 277.41327836976933
0.3470219978922003 	 280.5746085197001
0.3480219978922003 	 283.765449528196
0.3490219978922003 	 286.98607310968566
0.3500219978922003 	 290.23675469355413
0.3510219978922003 	 293.51777346879504
0.3520219978922003 	 296.8294124297136
0.3530219978922003 	 300.1719584226896
0.3540219978922003 	 303.5457021940057
0.3550219978922003 	 306.95093843874935
0.3560219978922003 	 310.38796585079734
0.3570219978922003 	 313.85708717388974
0.3580219978922003 	 317.35860925380683
0.3590219978922003 	 320.8928430916579
0.3600219978922003 	 324.46010389829326
0.3610219978922003 	 328.0607111498538
0.3620219978922003 	 331.69498864446757
0.3630219978922003 	 335.36326456011335
0.3640219978922003 	 339.0658715136589
0.3650219978922003 	 342.8031466210941
0.3660219978922003 	 346.57543155897184
0.3670219978922003 	 350.3830726270786
0.3680219978922003 	 354.226420812343
0.3690219978922003 	 358.1058318540115
0.3700219978922003 	 362.02166631009965
0.3710219978922003 	 365.9742896251488
0.3720219978922003 	 369.96407219929813
0.3730219978922003 	 373.9913894587009
0.3740219978922003 	 378.05662192730324
0.3750219978922003 	 382.16015530000806
0.3760219978922003 	 386.3023805172472
0.3770219978922003 	 390.4836938409884
0.3780219978922003 	 394.70449693219587
0.3790219978922003 	 398.96519692977563
0.3800219978922003 	 403.26620653102924
0.3810219978922003 	 407.6079440736424
0.3820219978922003 	 411.9908336192367
0.3830219978922003 	 416.41530503851396
0.3840219978922003 	 420.8817940980179
0.3850219978922003 	 425.3907425485526
0.3860219978922003 	 429.9425982152772
0.3870219978922003 	 434.5378150895163
0.3880219978922003 	 439.1768534223151
0.3890219978922003 	 443.8601798197767
0.3900219978922003 	 448.58826734020926
0.3910219978922003 	 453.36159559312506
0.3920219978922003 	 458.18065084012187
0.3930219978922003 	 463.0459260976917
0.3940219978922003 	 467.95792124198033
0.3950219978922003 	 472.9171431155575
0.39602199789220033 	 477.9241056362159
0.39702199789220033 	 482.9793299078587
0.39802199789220033 	 488.0833443335027
0.39902199789220033 	 493.2366847304526
0.40002199789220033 	 498.43989444768135
0.40102199789220033 	 503.6935244854676
0.40202199789220033 	 508.9981336173337
0.40302199789220033 	 514.3542885143346
0.40402199789220034 	 519.7625638717433
0.40502199789220034 	 525.2235425381873
0.40602199789220034 	 530.7378156472845
0.40702199789220034 	 536.3059827518287
0.40802199789220034 	 541.9286519605863
0.40902199789220034 	 547.6064400777541
0.41002199789220034 	 553.3399727451337
0.41102199789220034 	 559.1298845870868
0.41202199789220034 	 564.9768193583266
0.41302199789220034 	 570.8814300946051
0.41402199789220034 	 576.8443792663643
0.41502199789220034 	 582.8663389354152
0.41602199789220035 	 588.9479909147027
0.41702199789220035 	 595.0900269312328
0.41802199789220035 	 601.2931487922312
0.41902199789220035 	 607.5581210375067
0.42002199789220035 	 613.885518622818
0.42102199789220035 	 620.2762029202394
0.42202199789220035 	 626.730901994817
0.42302199789220035 	 633.250380406934
0.42402199789220035 	 639.8354367548502
0.42502199789220035 	 646.4868947797518
0.42602199789220035 	 653.205603818123
0.42702199789220036 	 659.9924394805415
0.42802199789220036 	 666.8483042914671
0.42902199789220036 	 673.7741283616951
0.43002199789220036 	 680.7708700748816
0.43102199789220036 	 687.8395167937148
0.43202199789220036 	 694.9810855848744
0.43302199789220036 	 702.1966239636483
0.43402199789220036 	 709.4872106586507
0.43502199789220036 	 716.8539563971976
0.43602199789220036 	 724.2980047119099
0.43702199789220036 	 731.8205327691018
0.43802199789220037 	 739.4227522195831
0.43902199789220037 	 747.1059100724528
0.44002199789220037 	 754.8712895925464
0.44102199789220037 	 762.7202112221764
0.44202199789220037 	 770.654033527841
0.44302199789220037 	 778.6741541725913
0.44402199789220037 	 786.7820109147756
0.44502199789220037 	 794.9790826338996
0.4460219978922004 	 803.2668903843527
0.4470219978922004 	 811.6469984777913
0.4480219978922004 	 820.121015594986
0.4490219978922004 	 828.6905959279522
0.4500219978922004 	 837.3574403532431
0.4510219978922004 	 846.123297637269
0.4520219978922004 	 854.9899656745644
0.4530219978922004 	 863.9592927599464
0.4540219978922004 	 873.0331788955185
0.4550219978922004 	 882.2135771335443
0.4560219978922004 	 891.5024949561936
0.4570219978922004 	 900.9019956932495
0.4580219978922004 	 910.4141999788565
0.4590219978922004 	 920.0412872484512
0.4600219978922004 	 929.7854972770369
0.4610219978922004 	 939.6491317600078
0.4620219978922004 	 949.6345559377659
0.4630219978922004 	 959.7442002654177
0.4640219978922004 	 969.9805621288626
0.4650219978922004 	 980.3462076086448
0.4660219978922004 	 990.8437732929793
0.4670219978922004 	 1001.4759681414034
0.4680219978922004 	 1012.2455754005498
0.4690219978922004 	 1023.1554545736014
0.4700219978922004 	 1034.2085434450212
0.4710219978922004 	 1045.4078601621966
0.4720219978922004 	 1056.7565053757369
0.4730219978922004 	 1068.257664440134
0.4740219978922004 	 1079.9146096766572
0.4750219978922004 	 1091.7307027003208
0.4760219978922004 	 1103.7093968128768
0.4770219978922004 	 1115.8542394638398
0.4780219978922004 	 1128.1688747816097
0.4790219978922004 	 1140.657046176813
0.4800219978922004 	 1153.3225990201272
0.4810219978922004 	 1166.1694833967163
0.4820219978922004 	 1179.2017569400887
0.4830219978922004 	 1192.4235877462932
0.4840219978922004 	 1205.8392573764502
0.4850219978922004 	 1219.4531639299494
0.4860219978922004 	 1233.2698252665261
0.4870219978922004 	 1247.293883171309
0.4880219978922004 	 1261.5301028802853
0.4890219978922004 	 1275.9833823553845
0.4900219978922004 	 1290.6587519315308
0.4910219978922004 	 1305.5613790161622
0.4920219978922004 	 1320.696571820279
0.4930219978922004 	 1336.0697832534634
0.4940219978922004 	 1351.6866149191005
0.4950219978922004 	 1367.5528212314666
0.4960219978922004 	 1383.674313653625
0.4970219978922004 	 1400.057165061321
0.4980219978922004 	 1416.7076142365513
0.4990219978922004 	 1433.6320704951047
0.5000219978922004 	 1450.837118452327
0.5010219978922004 	 1468.3295229316366
0.5020219978922004 	 1486.1162340203755
0.5030219978922004 	 1504.2043922778262
0.5040219978922004 	 1522.6013341003493
0.5050219978922004 	 1541.314597248755
0.5060219978922004 	 1560.3519265432985
0.5070219978922004 	 1579.7212797317443
0.5080219978922004 	 1599.4308335362557
0.5090219978922004 	 1619.4889898850324
0.5100219978922004 	 1639.9043823348093
0.5110219978922004 	 1660.685882690583
0.5120219978922004 	 1681.8426078291764
0.5130219978922004 	 1703.3839267334238
0.5140219978922004 	 1725.3194677441174
0.5150219978922004 	 1747.6591260369955
0.5160219978922004 	 1770.4130713324303
0.5170219978922004 	 1793.5917558456858
0.5180219978922004 	 1817.2059224859277
0.5190219978922004 	 1841.2666133124912
0.5200219978922004 	 1865.7851782572156
0.5210219978922004 	 1890.7732841218901
0.5220219978922004 	 1916.2429238607267
0.5230219978922004 	 1942.2064261560668
0.5240219978922004 	 1968.676465303525
0.5250219978922004 	 1995.666071394962
0.5260219978922004 	 2023.1886408930773
0.5270219978922004 	 2051.2579484870075
0.5280219978922004 	 2079.8881540293537
0.5290219978922004 	 2109.0938206376477
0.5300219978922004 	 2138.8899228943014
0.5310219978922004 	 2169.2918575702406
0.5320219978922004 	 2200.3154605499085
0.5330219978922004 	 2231.9770171296364
0.5340219978922004 	 2264.293276360201
0.5350219978922004 	 2297.281465047943
0.5360219978922004 	 2330.9593022564136
0.5370219978922004 	 2365.34501427735
0.5380219978922004 	 2400.457350101251
0.5390219978922004 	 2436.3155974022243
0.5400219978922004 	 2472.939599056864
0.5410219978922004 	 2510.3497702164027
0.5420219978922004 	 2548.567115953111
0.5430219978922004 	 2587.613249500143
0.5440219978922004 	 2627.5104111142564
0.5450219978922004 	 2668.2814875571144
0.5460219978922004 	 2709.9500323207094
0.5470219978922004 	 2752.540287677859
0.5480219978922004 	 2796.0772011426
0.5490219978922004 	 2840.5864798092693
0.5500219978922004 	 2886.0946444645006
0.5510219978922004 	 2932.6290038916536
0.5520219978922004 	 2980.217670285257
0.5530219978922004 	 3028.889584873692
0.5540219978922004 	 3078.6745444177513
0.5550219978922004 	 3129.6032286443537
0.5560219978922004 	 3181.7072286448383
0.5570219978922004 	 3235.0190762772227
0.5580219978922004 	 3289.572274611211
0.5590219978922004 	 3345.401329456926
0.5600219978922004 	 3402.541782020117
0.5610219978922004 	 3461.030242728179
0.5620219978922004 	 3520.9044262740235
0.5630219978922004 	 3582.203187924509
0.5640219978922004 	 3644.9665611505575
0.5650219978922004 	 3709.2357966079776
0.5660219978922004 	 3775.0534026128953
0.5670219978922004 	 3842.463188090168
0.5680219978922004 	 3911.510301514029
0.5690219978922004 	 3982.2412828359365
0.5700219978922004 	 4054.7041055469076
0.5710219978922004 	 4128.948226379311
0.5720219978922004 	 4205.024635532257
0.5730219978922004 	 4282.985908847722
0.5740219978922004 	 4362.886261935929
0.5750219978922004 	 4444.781606353751
0.5760219978922004 	 4528.729607916547
0.5770219978922004 	 4614.789747235014
0.5780219978922004 	 4703.0233825711
0.5790219978922004 	 4793.493815111956
0.5800219978922004 	 4886.26635676438
0.5810219978922004 	 4981.408400582097
0.5820219978922004 	 5078.989493924278
0.5830219978922004 	 5179.081414520273
0.5840219978922004 	 5281.758250144538
0.5850219978922004 	 5387.096477909976
0.5860219978922004 	 5495.17505399761
0.5870219978922004 	 5606.075499499988
0.5880219978922004 	 5719.881993525948
0.5890219978922004 	 5836.681469263794
0.5900219978922004 	 5956.563714913734
0.5910219978922004 	 6079.621473287852
0.5920219978922004 	 6205.95055666989
0.5930219978922004 	 6335.649955001036
0.5940219978922004 	 6468.821953900607
0.5950219978922004 	 6605.572257330048
0.5960219978922005 	 6746.010114298702
0.5970219978922005 	 6890.248451397257
0.5980219978922005 	 7038.40401075275
0.5990219978922005 	 7190.597493785364
0.6000219978922005 	 7346.95371103301
0.6010219978922005 	 7507.601738331981
0.6020219978922005 	 7672.675079654654
0.6030219978922005 	 7842.311836921746
0.6040219978922005 	 8016.654887123652
0.6050219978922005 	 8195.852067101567
0.6060219978922005 	 8380.056366364817
0.6070219978922005 	 8569.42612831418
0.6080219978922005 	 8764.125260362764
0.6090219978922005 	 8964.323454216745
0.6100219978922005 	 9170.196410889233
0.6110219978922005 	 9381.9260861749
0.6120219978922005 	 9599.700936447985
0.6130219978922005 	 9823.716181043968
0.6140219978922005 	 10054.174075294964
0.6150219978922005 	 10291.284196097928
0.6160219978922005 	 10535.263741182138
0.6170219978922005 	 10786.33783846565
0.6180219978922005 	 11044.739877360878
0.6190219978922005 	 11310.711847650326
0.6200219978922005 	 11584.504698259578
0.6210219978922005 	 11866.378712004165
0.6220219978922005 	 12156.60389809684
0.6230219978922005 	 12455.460403303732
0.6240219978922005 	 12763.238942760901
0.6250219978922005 	 13080.241251504798
0.6260219978922005 	 13406.780557837677
0.6270219978922005 	 13743.18207971598
0.6280219978922005 	 14089.783545421666
0.6290219978922005 	 14446.93573985437
0.6300219978922005 	 14815.003077862102
0.6310219978922005 	 15194.364206123344
0.6320219978922005 	 15585.412635162687
0.6330219978922005 	 15988.557403271132
0.6340219978922005 	 16404.223774801885
0.6350219978922005 	 16832.853970003398
0.6360219978922005 	 17274.90794151314
0.6370219978922005 	 17730.864178586693
0.6380219978922005 	 18201.220565101063
0.6390219978922005 	 18686.495273807774
0.6400219978922005 	 19187.227711648728
0.6410219978922005 	 19703.97951426791
0.6420219978922005 	 20237.335593596083
0.6430219978922005 	 20787.905241646647
0.6440219978922005 	 21356.323293946254
0.6450219978922005 	 21943.251356235825
0.6460219978922005 	 22549.379098333044
0.6470219978922005 	 23175.42561931002
0.6480219978922005 	 23822.140888437916
0.6490219978922005 	 24490.3072666331
0.6500219978922005 	 25180.7411135638
0.6510219978922005 	 25894.294486556028
0.6520219978922005 	 26631.856932225663
0.6530219978922005 	 27394.35738982325
0.6540219978922005 	 28182.766195763907
0.6550219978922005 	 28998.09720966877
0.6560219978922005 	 29841.41006423565
0.6570219978922005 	 30713.812548261863
0.6580219978922005 	 31616.463131683773
0.6590219978922005 	 32550.573642244402
0.6600219978922005 	 33517.412104108604
0.6610219978922005 	 34518.305749539315
0.6620219978922005 	 35554.64421560382
0.6630219978922005 	 36627.882938806026
0.6640219978922005 	 37739.54676156139
0.6650219978922005 	 38891.233765600584
0.6660219978922005 	 40084.61934791994
0.6670219978922005 	 41321.460558289225
0.6680219978922005 	 42603.60071521112
0.6690219978922005 	 43932.97432285077
0.6700219978922005 	 45311.61230701187
0.6710219978922005 	 46741.64760312417
0.6720219978922005 	 48225.321110210556
0.6730219978922005 	 49764.988048186526
0.6740219978922005 	 51363.1247452855
0.6750219978922005 	 53022.33588959144
0.6760219978922005 	 54745.362281245645
0.6770219978922005 	 56535.08912102928
0.6780219978922005 	 58394.55488731662
0.6790219978922005 	 60326.960835406324
0.6800219978922005 	 62335.68117952296
0.6810219978922005 	 64424.274008904824
0.6820219978922005 	 66596.4929991565
0.6830219978922005 	 68856.29998485971
0.6840219978922005 	 71207.87846567704
0.6850219978922005 	 73655.64812497713
0.6860219978922005 	 76204.28044762537
0.6870219978922005 	 78858.7155324152
0.6880219978922005 	 81624.18019955163
0.6890219978922005 	 84506.20751742779
0.6900219978922005 	 87510.65786131324
0.6910219978922005 	 90643.7416534644
0.6920219978922005 	 93912.04392666755
0.6930219978922005 	 97322.55089668118
0.6940219978922005 	 100882.67870693405
0.6950219978922005 	 104600.30456761467
0.6960219978922005 	 108483.80050911818
0.6970219978922005 	 112542.07000247858
0.6980219978922005 	 116784.58772531757
0.6990219978922005 	 121221.44278253341
0.7000219978922005 	 125863.3857252999
0.7010219978922005 	 130721.87975058408
0.7020219978922005 	 135809.15650688193
0.7030219978922005 	 141138.27698092765
0.7040219978922005 	 146723.19799547453
0.7050219978922005 	 152578.84491085992
0.7060219978922005 	 158721.19119392178
0.7070219978922005 	 165167.34559820866
0.7080219978922005 	 171935.64779068207
0.7090219978922006 	 179045.77336393888
0.7100219978922006 	 186518.8492912421
0.7110219978922006 	 194377.58101664283
0.7120219978922006 	 202646.3925267727
0.7130219978922006 	 211351.58092758
0.7140219978922006 	 220521.48725199376
0.7150219978922006 	 230186.68545747225
0.7160219978922006 	 240380.19184076504
0.7170219978922006 	 251137.69740647002
0.7180219978922006 	 262497.82608260977
0.7190219978922006 	 274502.42209717113
0.7200219978922006 	 287196.8702979298
0.7210219978922006 	 300630.45377180225
0.7220219978922006 	 314856.7537633978
0.7230219978922006 	 329934.0976584887
0.7240219978922006 	 345926.0616909264
0.7250219978922006 	 362902.0360808126
0.7260219978922006 	 380937.86154679215
0.7270219978922006 	 400116.5475932773
0.7280219978922006 	 420529.0846987216
0.7290219978922006 	 442275.3645787605
0.7300219978922006 	 465465.2251350347
0.7310219978922006 	 490219.63960970845
0.7320219978922006 	 516672.07294935395
0.7330219978922006 	 544970.0325619623
0.7340219978922006 	 575276.8457047716
0.7350219978922006 	 607773.7018169259
0.7360219978922006 	 642662.0055296468
0.7370219978922006 	 680166.095082176
0.7380219978922006 	 720536.3918936879
0.7390219978922006 	 764053.060551883
0.7400219978922006 	 811030.2751409813
0.7410219978922006 	 861821.2084410274
0.7420219978922006 	 916823.8861515322
0.7430219978922006 	 976488.0802824807
0.7440219978922006 	 1041323.4559907675
0.7450219978922006 	 1111909.2367433195
0.7460219978922006 	 1188905.71682112
0.7470219978922006 	 1273068.0318963884
0.7480219978922006 	 1365262.7031274782
0.7490219978922006 	 1466487.6051813294
0.7500219978922006 	 1577896.1836198908
0.7510219978922006 	 1700826.9755232004
0.7520219978922006 	 1836839.787361982
0.7530219978922006 	 1987760.281249151
0.7540219978922006 	 2155735.249969592
0.7550219978922006 	 2343301.571989942
0.7560219978922006 	 2553472.7998679504
0.7570219978922006 	 2789848.648921743
0.7580219978922006 	 3056754.4614135753
0.7590219978922006 	 3359420.2339228555
0.7600219978922006 	 3704212.3186950088
0.7610219978922006 	 4098935.8978401
0.7620219978922006 	 4553233.461150572
0.7630219978922006 	 5079114.817195184
0.7640219978922006 	 5691669.187113407
0.7650219978922006 	 6410032.044885416
0.7660219978922006 	 7258712.213381698
0.7670219978922006 	 8269433.860813172
0.7680219978922006 	 9483721.866372297
0.7690219978922006 	 10956569.857320294
0.7700219978922006 	 12761694.924715182
0.7710219978922006 	 14999120.812804742
0.7720219978922006 	 17806151.175262824
0.7730219978922006 	 21373148.60611108
0.7740219978922006 	 25965671.134329002
0.7750219978922006 	 31953537.05561999
0.7760219978922006 	 39842515.786232784
0.7770219978922006 	 50287855.518561
0.7780219978922006 	 64022444.52600233
0.7790219978922006 	 81527912.46394467
0.7800219978922006 	 102146507.52560653
0.7810219978922006 	 122577081.0924528
0.7820219978922006 	 136293802.59272766
0.7830219978922006 	 137094239.70357832
0.7840219978922006 	 125014003.18463582
0.7850219978922006 	 106125972.37593016
0.7860219978922006 	 86676138.13715878
0.7870219978922006 	 69858043.16896401
0.7880219978922006 	 56407809.371648885
0.7890219978922006 	 45976384.449133955
0.7900219978922006 	 37942876.12882414
0.7910219978922006 	 31727882.57336732
0.7920219978922006 	 26871965.134216256
0.7930219978922006 	 23031944.354385696
0.7940219978922006 	 19956827.727457292
0.7950219978922006 	 17463717.396372456
0.7960219978922006 	 15418701.94211862
0.7970219978922006 	 13722865.271803867
0.7980219978922006 	 12302353.458485104
0.7990219978922006 	 11101391.316455217
0.8000219978922006 	 10077370.525330149
0.8010219978922006 	 9197374.932154428
0.8020219978922006 	 8435701.6064483
0.8030219978922006 	 7772074.8250229275
0.8040219978922006 	 7190345.84473912
0.8050219978922006 	 6677536.3269347865
0.8060219978922006 	 6223127.254102434
0.8070219978922006 	 5818524.9899748005
0.8080219978922006 	 5456656.453465734
0.8090219978922006 	 5131659.330762819
0.8100219978922006 	 4838642.914687509
0.8110219978922006 	 4573501.915693724
0.8120219978922006 	 4332770.35455343
0.8130219978922006 	 4113506.0402135984
0.8140219978922006 	 3913198.574824268
0.8150219978922006 	 3729695.595950791
0.8160219978922006 	 3561143.258996326
0.8170219978922006 	 3405937.9164187596
0.8180219978922006 	 3262686.6592230927
0.8190219978922006 	 3130174.9173084563
0.8200219978922006 	 3007339.716101833
0.8210219978922007 	 2893247.491617708
0.8220219978922007 	 2787075.599288281
0.8230219978922007 	 2688096.831559679
0.8240219978922007 	 2595666.3985125218
0.8250219978922007 	 2509210.9343691343
0.8260219978922007 	 2428219.1779325646
0.8270219978922007 	 2352234.0421838462
0.8280219978922007 	 2280845.841529373
0.8290219978922007 	 2213686.487636721
0.8300219978922007 	 2150424.498787711
0.8310219978922007 	 2090760.69502411
0.8320219978922007 	 2034424.473462108
0.8330219978922007 	 1981170.5760902406
0.8340219978922007 	 1930776.2769864714
0.8350219978922007 	 1883038.9278552164
0.8360219978922007 	 1837773.8106141903
0.8370219978922007 	 1794812.2538662346
0.8380219978922007 	 1753999.9767981826
0.8390219978922007 	 1715195.6296188356
0.8400219978922007 	 1678269.5042886327
0.8410219978922007 	 1643102.3931728837
0.8420219978922007 	 1609584.5765031474
0.8430219978922007 	 1577614.9222669953
0.8440219978922007 	 1547100.0844540515
0.8450219978922007 	 1517953.7875382316
0.8460219978922007 	 1490096.1867317935
0.8470219978922007 	 1463453.294955047
0.8480219978922007 	 1437956.4686663072
0.8490219978922007 	 1413541.9457226864
0.8500219978922007 	 1390150.4293228632
0.8510219978922007 	 1367726.7128365652
0.8520219978922007 	 1346219.340977486
0.8530219978922007 	 1325580.3033363747
0.8540219978922007 	 1305764.756776357
0.8550219978922007 	 1286730.7736128736
0.8560219978922007 	 1268439.1128653868
0.8570219978922007 	 1250853.0121855
0.8580219978922007 	 1233937.9983427334
0.8590219978922007 	 1217661.7143908245
0.8600219978922007 	 1201993.7618487002
0.8610219978922007 	 1186905.5564155246
0.8620219978922007 	 1172370.1959018463
0.8630219978922007 	 1158362.3392017744
0.8640219978922007 	 1144858.0952571621
0.8650219978922007 	 1131834.9210758097
0.8660219978922007 	 1119271.527963945
0.8670219978922007 	 1107147.7952200964
0.8680219978922007 	 1095444.6906145206
0.8690219978922007 	 1084144.1970466683
0.8700219978922007 	 1073229.2448339586
0.8710219978922007 	 1062683.6491392725
0.8720219978922007 	 1052492.0520922442
0.8730219978922007 	 1042639.869204085
0.8740219978922007 	 1033113.2397113065
0.8750219978922007 	 1023898.9805209794
0.8760219978922007 	 1014984.5434591351
0.8770219978922007 	 1006357.97555225
0.8780219978922007 	 998007.8820963748
0.8790219978922007 	 989923.3922907581
0.8800219978922007 	 982094.1272329348
0.8810219978922007 	 974510.1700901942
0.8820219978922007 	 967162.0382787277
0.8830219978922007 	 960040.6574963295
0.8840219978922007 	 953137.3374678817
0.8850219978922007 	 946443.7492747589
0.8860219978922007 	 939951.9041501501
0.8870219978922007 	 933654.1336321185
0.8880219978922007 	 927543.0709750544
0.8890219978922007 	 921611.6337282694
0.8900219978922007 	 915853.007397752
0.8910219978922007 	 910260.6301137102
0.8920219978922007 	 904828.1782325757
0.8930219978922007 	 899549.5528075356
0.8940219978922007 	 894418.8668667035
0.8950219978922007 	 889430.4334422699
0.8960219978922007 	 884578.7542993206
0.8970219978922007 	 879858.5093131711
0.8980219978922007 	 875264.5464533868
0.8990219978922007 	 870791.8723297721
0.9000219978922007 	 866435.6432619828
0.9010219978922007 	 862191.1568358911
0.9020219978922007 	 858053.8439123041
0.9030219978922007 	 854019.2610568567
0.9040219978922007 	 850083.0833518225
0.9050219978922007 	 846241.097585062
0.9060219978922007 	 842489.1957560002
0.9070219978922007 	 838823.3688991468
0.9080219978922007 	 835239.7011892686
0.9090219978922007 	 831734.364308567
0.9100219978922007 	 828303.612052775
0.9110219978922007 	 824943.7751562985
0.9120219978922007 	 821651.256315511
0.9130219978922007 	 818422.5253925204
0.9140219978922007 	 815254.1147798253
0.9150219978922007 	 812142.6149089688
0.9160219978922007 	 809084.6698860204
0.9170219978922007 	 806076.9732378756
0.9180219978922007 	 803116.2637526625
0.9190219978922007 	 800199.321399645
0.9200219978922007 	 797322.9633128745
0.9210219978922007 	 794484.0398240613
0.9220219978922007 	 791679.4305300195
0.9230219978922007 	 788906.0403800533
0.9240219978922007 	 786160.7957695475
0.9250219978922007 	 783440.6406247597
0.9260219978922007 	 780742.5324650198
0.9270219978922007 	 778063.4384278909
0.9280219978922007 	 775400.3312426845
0.9290219978922007 	 772750.185136947
0.9300219978922007 	 770109.9716627444
0.9310219978922007 	 767476.6554233024
0.9320219978922007 	 764847.18968926
0.9330219978922007 	 762218.5118826734
0.9340219978922008 	 759587.5389145684
0.9350219978922008 	 756951.1623565032
0.9360219978922008 	 754306.2434272569
0.9370219978922008 	 751649.607773659
0.9380219978922008 	 748978.0400252069
0.9390219978922008 	 746288.2780978056
0.9400219978922008 	 743577.0072231394
0.9410219978922008 	 740840.8536767623
0.9420219978922008 	 738076.3781765711
0.9430219978922008 	 735280.0689210946
0.9440219978922008 	 732448.3342338791
0.9450219978922008 	 729577.4947793206
0.9460219978922008 	 726663.7753101928
0.9470219978922008 	 723703.295901573
0.9480219978922008 	 720692.0626128213
0.9490219978922008 	 717625.9577315804
0.9500219978922008 	 714500.7286282992
0.9510219978922008 	 711311.9774060815
0.9520219978922008 	 708055.1478506709
0.9530219978922008 	 704725.5130084802
0.9540219978922008 	 701318.1611419176
0.9550219978922008 	 697827.9808114055
0.9560219978922008 	 694249.6449000936
0.9570219978922008 	 690577.5932598363
0.9580219978922008 	 686806.0141784362
0.9590219978922008 	 682928.8242961377
0.9600219978922008 	 678939.6469982377
0.9610219978922008 	 674831.7888957937
0.9620219978922008 	 670598.2146066305
0.9630219978922008 	 666231.5192666508
0.9640219978922008 	 661723.8988080526
0.9650219978922008 	 657067.1177012972
0.9660219978922008 	 652252.4739342239
0.9670219978922008 	 647270.7609629128
0.9680219978922008 	 642112.2263471718
0.9690219978922008 	 636766.5267602153
0.9700219978922008 	 631222.6790325533
0.9710219978922008 	 625469.0068694833
0.9720219978922008 	 619493.0828528933
0.9730219978922008 	 613281.6653214777
0.9740219978922008 	 606820.6297023505
0.9750219978922008 	 600094.8938547365
0.9760219978922008 	 593088.3370055082
0.9770219978922008 	 585783.712055083
0.9780219978922008 	 578162.5493454606
0.9790219978922008 	 570205.0575135973
0.9800219978922008 	 561890.0083331035
0.9810219978922008 	 553194.6236989872
0.9820219978922008 	 544094.449220926
0.9830219978922008 	 534563.2243944947
0.9840219978922008 	 524572.7482455616
0.9850219978922008 	 514092.74386609666
0.9860219978922008 	 503090.72638686694
0.9870219978922008 	 491531.88135018613
0.9880219978922008 	 480820.88443987555
0.9890219978922008 	 472577.6772452373
0.9900219978922008 	 465895.5292104943
0.9910219978922008 	 460693.7528374487
0.9920219978922008 	 457073.50769926456
0.9930219978922008 	 455243.2207476848
0.9940219978922008 	 455507.76048402285
0.9950219978922008 	 458277.39354914083
0.9960219978922008 	 467456.70005540346
0.9970219978922008 	 485877.20885173505
0.9980219978922008 	 513496.38517650083
0.9990219978922008 	 551890.3448327833
1.0000219978922007 	 603413.3551099777
1.0010219978922006 	 671285.063963025
1.0020219978922005 	 759847.0313724538
1.0030219978922004 	 874973.3278473538
1.0040219978922003 	 1024692.8917737503
1.0050219978922001 	 1220135.7897061447
1.0060219978922 	 1476997.3682450843
1.0070219978922 	 1817857.8164113974
1.0080219978921998 	 2275960.395486855
1.0090219978921997 	 2901563.8202304584
1.0100219978921996 	 3773012.5709420433
1.0110219978921995 	 5016823.474778056
1.0120219978921994 	 6845807.367628788
1.0130219978921993 	 9635023.5087469
1.0140219978921992 	 14080656.127020877
1.015021997892199 	 21544382.219349697
1.016021997892199 	 34782084.44164699
1.0170219978921988 	 59050286.40374758
1.0180219978921987 	 99827473.86621521
1.0190219978921986 	 139364161.97246164
1.0200219978921985 	 129922200.9406266
1.0210219978921984 	 90987972.68036968
1.0220219978921983 	 60418550.73272682
1.0230219978921982 	 41745282.89477632
1.024021997892198 	 30449710.133744866
1.025021997892198 	 23304868.128881752
1.0260219978921978 	 18550016.46876477
1.0270219978921977 	 15237496.635260621
1.0280219978921976 	 12838267.256797852
1.0290219978921975 	 11042867.147376502
1.0300219978921974 	 9661971.115238992
1.0310219978921973 	 8574959.477139505
1.0320219978921972 	 7702194.524180608
1.033021997892197 	 6989427.063507949
1.034021997892197 	 6398676.762365313
1.0350219978921968 	 5902705.158210588
1.0360219978921967 	 5481557.486498928
1.0370219978921966 	 5120336.112667997
1.0380219978921965 	 4807729.692124099
1.0390219978921964 	 4535018.873927139
1.0400219978921963 	 4295390.016013544
1.0410219978921962 	 4083452.486875711
1.042021997892196 	 3894893.2978442963
1.043021997892196 	 3726226.1071390184
1.0440219978921959 	 3574606.1847648993
1.0450219978921957 	 3437692.20389223
1.0460219978921956 	 3313541.7548339274
1.0470219978921955 	 3200531.467077466
1.0480219978921954 	 3097295.3114919253
1.0490219978921953 	 3002676.484349196
1.0500219978921952 	 2915689.5478076017
1.051021997892195 	 2835490.3914169893
1.052021997892195 	 2761352.212931207
1.0530219978921949 	 2692646.1707970034
1.0540219978921948 	 2628825.6941701784
1.0550219978921946 	 2569413.675278439
1.0560219978921945 	 2513991.951966221
1.0570219978921944 	 2462192.6209922233
1.0580219978921943 	 2413690.8245434016
1.0590219978921942 	 2368198.7293528738
1.060021997892194 	 2325460.476799086
1.061021997892194 	 2285247.927833877
1.0620219978921939 	 2247357.3026306117
1.0630219978921938 	 2211608.5275913193
1.0640219978921936 	 2177836.8234345736
1.0650219978921935 	 2145893.576143057
1.0660219978921934 	 2115644.65098457
1.0670219978921933 	 2086968.599531027
1.0680219978921932 	 2059755.1939790496
1.069021997892193 	 2033904.1712710545
1.070021997892193 	 2009324.1412323075
1.0710219978921929 	 1985931.6389180329
1.0720219978921928 	 1963650.2912736915
1.0730219978921927 	 1942410.0889836145
1.0740219978921925 	 1922146.7442753187
1.0750219978921924 	 1902801.1245563654
1.0760219978921923 	 1884318.7516179292
1.0770219978921922 	 1866649.356871986
1.078021997892192 	 1849746.487636784
1.079021997892192 	 1833567.1550613495
1.0800219978921919 	 1818071.5208201602
1.0810219978921918 	 1803222.616055426
1.0820219978921917 	 1788986.091101338
1.0830219978921916 	 1775329.989496513
1.0840219978921914 	 1762224.5447347637
1.0850219978921913 	 1749641.9989116704
1.0860219978921912 	 1737556.4360933788
1.0870219978921911 	 1725943.6348878117
1.088021997892191 	 1714780.9333948006
1.089021997892191 	 1704047.106316699
1.0900219978921908 	 1693722.2539413632
1.0910219978921907 	 1683787.701884406
1.0920219978921906 	 1674225.9090056135
1.0930219978921905 	 1665020.3837388554
1.0940219978921903 	 1656155.6057660116
1.0950219978921902 	 1647616.9591909829
1.0960219978921901 	 1639390.6661888333
1.09702199789219 	 1631463.7285156099
1.09802199789219 	 1623823.8747535052
1.0990219978921898 	 1616459.509543734
1.1000219978921897 	 1609359.6716520484
1.1010219978921896 	 1602513.9736853726
1.1020219978921895 	 1595911.8892928706
1.1030219978921894 	 1589544.3926028304
1.1040219978921892 	 1583403.1094684524
1.1050219978921891 	 1577479.9748910607
1.106021997892189 	 1571767.2143985184
1.107021997892189 	 1566257.3244297171
1.1080219978921888 	 1560943.056745576
1.1090219978921887 	 1555817.402228473
1.1100219978921886 	 1550873.5759248065
1.1110219978921885 	 1546105.0047652032
1.1120219978921884 	 1541505.4791633221
1.1130219978921883 	 1537069.5969468425
1.1140219978921881 	 1532792.2764832356
1.115021997892188 	 1528668.603175371
1.116021997892188 	 1524693.8177659484
1.1170219978921878 	 1520863.3105317857
1.1180219978921877 	 1517172.610819338
1.1190219978921876 	 1513617.3797525135
1.1200219978921875 	 1510193.4042643104
1.1210219978921874 	 1506896.5881671247
1.1220219978921873 	 1503723.0387843421
1.1230219978921872 	 1500669.3032021304
1.124021997892187 	 1497732.109697776
1.125021997892187 	 1494908.2800702578
1.1260219978921868 	 1492194.7280215875
1.1270219978921867 	 1489588.4523672385
1.1280219978921866 	 1487086.5344648778
1.1290219978921865 	 1484686.13193021
1.1300219978921864 	 1482384.4781145111
1.1310219978921863 	 1480178.8745643927
1.1320219978921862 	 1478066.7485421875
1.133021997892186 	 1476045.8017337532
1.134021997892186 	 1474113.8476473351
1.1350219978921858 	 1472284.1401482176
1.1360219978921857 	 1470523.1494956457
1.1370219978921856 	 1468844.949225403
1.1380219978921855 	 1467247.5678739464
1.1390219978921854 	 1465729.0825368576
1.1400219978921853 	 1464287.614774593
1.1410219978921852 	 1462921.3319192769
1.142021997892185 	 1461628.476706496
1.143021997892185 	 1460407.46589653
1.1440219978921848 	 1459256.78477829
1.1450219978921847 	 1458174.9562622712
1.1460219978921846 	 1457160.5370647756
1.1470219978921845 	 1456212.1195321744
1.1480219978921844 	 1455328.3267831507
1.1490219978921843 	 1454507.8129097633
1.1500219978921842 	 1453749.2633176993
1.151021997892184 	 1453051.390011861
1.152021997892184 	 1452412.956703251
1.1530219978921838 	 1451832.8383642535
1.1540219978921837 	 1451309.9561886347
1.1550219978921836 	 1450843.254593512
1.1560219978921835 	 1450431.7018300132
1.1570219978921834 	 1450074.2891266893
1.1580219978921833 	 1449770.0278682127
1.1590219978921832 	 1449517.9521268967
1.160021997892183 	 1449317.1140322706
1.161021997892183 	 1449166.586345885
1.1620219978921829 	 1449065.4744572444
1.1630219978921827 	 1449012.9558484738
1.1640219978921826 	 1449008.2392574123
1.1650219978921825 	 1449050.5484100285
1.1660219978921824 	 1449139.1249565498
1.1670219978921823 	 1449273.2243934271
1.1680219978921822 	 1449452.1170819039
1.169021997892182 	 1449675.0893414344
1.170021997892182 	 1449941.4394121312
1.1710219978921819 	 1450250.4803374694
1.1720219978921818 	 1450601.5461055853
1.1730219978921816 	 1450994.0174161734
1.1740219978921815 	 1451427.2939713325
1.1750219978921814 	 1451900.7869629618
1.1760219978921813 	 1452413.920471845
1.1770219978921812 	 1452966.127563444
1.178021997892181 	 1453556.8532816984
1.179021997892181 	 1454185.552375376
1.1800219978921809 	 1454851.6889671043
1.1810219978921808 	 1455554.7380145798
1.1820219978921807 	 1456294.1870912889
1.1830219978921805 	 1457069.550465458
1.1840219978921804 	 1457880.4092463937
1.1850219978921803 	 1458726.2430205662
1.1860219978921802 	 1459606.676253284
1.18702199789218 	 1460521.215467049
1.18802199789218 	 1461469.3821373275
1.1890219978921799 	 1462450.7443031757
1.1900219978921798 	 1463464.8763733518
1.1910219978921797 	 1464511.3607157394
1.1920219978921796 	 1465589.7866450062
1.1930219978921794 	 1466699.7536097618
1.1940219978921793 	 1467840.870001899
1.1950219978921792 	 1469012.7489045018
1.1960219978921791 	 1470215.0096874896
1.197021997892179 	 1471447.2785798712
1.198021997892179 	 1472709.1866964737
1.1990219978921788 	 1474000.3716874274
1.2000219978921787 	 1475320.4756162416
1.2010219978921786 	 1476669.146409785
1.2020219978921785 	 1478046.0354645392
1.2030219978921783 	 1479450.7897790724
1.2040219978921782 	 1480883.059098001
1.2050219978921781 	 1482342.499604625
1.206021997892178 	 1483828.7701944725
1.207021997892178 	 1485341.5359568158
1.2080219978921778 	 1486880.4651902276
1.2090219978921777 	 1488445.2310785274
1.2100219978921776 	 1490035.511611805
1.2110219978921775 	 1491650.9880273363
1.2120219978921773 	 1493291.3399248892
1.2130219978921772 	 1494956.2318869936
1.2140219978921771 	 1496645.3259192198
1.215021997892177 	 1498358.2879829044
1.216021997892177 	 1500094.7886612287
1.2170219978921768 	 1501854.501238623
1.2180219978921767 	 1503637.103458169
1.2190219978921766 	 1505442.275625226
1.2200219978921765 	 1507269.7012521192
1.2210219978921764 	 1509119.0688303434
1.2220219978921762 	 1510990.0596829304
1.2230219978921761 	 1512882.325360379
1.224021997892176 	 1514795.513706327
1.225021997892176 	 1516729.2750827048
1.2260219978921758 	 1518683.2623300955
1.2270219978921757 	 1520657.132583581
1.2280219978921756 	 1522650.5447916633
1.2290219978921755 	 1524663.16074743
1.2300219978921754 	 1526694.6461584163
1.2310219978921753 	 1528744.6680265632
1.2320219978921751 	 1530812.8851914909
1.233021997892175 	 1532898.9116337248
1.234021997892175 	 1535002.3534499838
1.2350219978921748 	 1537122.8193170878
1.2360219978921747 	 1539259.920472002
1.2370219978921746 	 1541413.2707270011
1.2380219978921745 	 1543582.4863780767
1.2390219978921744 	 1545767.1861534521
1.2400219978921743 	 1547966.9911805145
1.2410219978921742 	 1550181.5249767005
1.242021997892174 	 1552410.3973749343
1.243021997892174 	 1554653.160222002
1.2440219978921738 	 1556909.3535303047
1.2450219978921737 	 1559178.5195670768
1.2460219978921736 	 1561460.2028560059
1.2470219978921735 	 1563753.9502261698
1.2480219978921734 	 1566059.3107134562
1.2490219978921733 	 1568375.8355162132
1.2500219978921732 	 1570703.0779753253
1.251021997892173 	 1573040.593586778
1.252021997892173 	 1575387.9203506345
1.2530219978921728 	 1577744.524798052
1.2540219978921727 	 1580109.8574791797
1.2550219978921726 	 1582483.3717748797
1.2560219978921725 	 1584864.522893683
1.2570219978921724 	 1587252.7682154602
1.2580219978921723 	 1589647.567175556
1.2590219978921722 	 1592048.381222915
1.260021997892172 	 1594454.6738112478
1.261021997892172 	 1596865.9104343883
1.2620219978921718 	 1599281.5359871008
1.2630219978921717 	 1601700.912189028
1.2640219978921716 	 1604123.3828005763
1.2650219978921715 	 1606548.2935578786
1.2660219978921714 	 1608974.9922212737
1.2670219978921713 	 1611402.828713828
1.2680219978921712 	 1613831.1549732038
1.269021997892171 	 1616259.3249069832
1.270021997892171 	 1618686.694393929
1.2710219978921709 	 1621112.6213466933
1.2720219978921707 	 1623536.4415512627
1.2730219978921706 	 1625957.4017175527
1.2740219978921705 	 1628374.7292186136
1.2750219978921704 	 1630787.6534191538
1.2760219978921703 	 1633195.4057548793
1.2770219978921702 	 1635597.2199383331
1.27802199789217 	 1637992.3317602247
1.27902199789217 	 1640379.9790361712
1.2800219978921699 	 1642759.4016178008
1.2810219978921698 	 1645129.8414907171
1.2820219978921696 	 1647490.519171518
1.2830219978921695 	 1649840.5726642355
1.2840219978921694 	 1652179.1197065236
1.2850219978921693 	 1654505.2808246354
1.2860219978921692 	 1656818.178770155
1.287021997892169 	 1659116.9388204329
1.288021997892169 	 1661400.688500673
1.2890219978921689 	 1663668.557513339
1.2900219978921688 	 1665919.6832313733
1.2910219978921686 	 1668153.221933912
1.2920219978921685 	 1670368.295683566
1.2930219978921684 	 1672563.9609607642
1.2940219978921683 	 1674739.2612057272
1.2950219978921682 	 1676893.242141666
1.296021997892168 	 1679024.9520122332
1.297021997892168 	 1681133.4419944745
1.2980219978921679 	 1683217.7657841765
1.2990219978921678 	 1685276.985055534
1.3000219978921677 	 1687310.2050874378
1.3010219978921675 	 1689316.4983493118
1.3020219978921674 	 1691294.924502244
1.3030219978921673 	 1693244.5249994996
1.3040219978921672 	 1695164.3390027317
1.305021997892167 	 1697053.4083109302
1.306021997892167 	 1698910.7775623219
1.3070219978921669 	 1700735.4949703477
1.3080219978921668 	 1702526.6116240097
1.3090219978921667 	 1704283.1813737846
1.3100219978921666 	 1706004.2608798044
1.3110219978921664 	 1707688.9098774372
1.3120219978921663 	 1709336.2060898377
1.3130219978921662 	 1710945.2831904925
1.3140219978921661 	 1712515.2901383948
1.315021997892166 	 1714045.3788150179
1.316021997892166 	 1715534.7044355704
1.3170219978921658 	 1716982.4264680552
1.3180219978921657 	 1718387.707704994
1.3190219978921656 	 1719749.7139752686
1.3200219978921655 	 1721067.6141508815
1.3210219978921653 	 1722340.5806422425
1.3220219978921652 	 1723567.8319914949
1.3230219978921651 	 1724748.7455035995
1.324021997892165 	 1725882.7379721387
1.325021997892165 	 1726969.2292430077
1.3260219978921648 	 1728007.6428020461
1.3270219978921647 	 1728997.4071931904
1.3280219978921646 	 1729937.9550331503
1.3290219978921645 	 1730828.720178703
1.3300219978921644 	 1731669.1412437498
1.3310219978921642 	 1732463.7585368399
1.3320219978921641 	 1733223.1315852182
1.333021997892164 	 1733940.5713390207
1.334021997892164 	 1734614.1252932656
1.3350219978921638 	 1735242.8478666123
1.3360219978921637 	 1735826.1634826243
1.3370219978921636 	 1736363.6794994443
1.3380219978921635 	 1736855.1130615762
1.3390219978921634 	 1737300.251596789
1.3400219978921633 	 1737698.93146026
1.3410219978921631 	 1738051.0258455637
1.342021997892163 	 1738356.5439144766
1.343021997892163 	 1738615.9087160968
1.3440219978921628 	 1738829.6519605995
1.3450219978921627 	 1738998.3188806248
1.3460219978921626 	 1739122.4670556667
1.3470219978921625 	 1739202.6682437565
1.3480219978921624 	 1739239.5022354636
1.3490219978921623 	 1739233.5539432808
1.3500219978921622 	 1739185.4117522342
1.351021997892162 	 1739095.6678845254
1.352021997892162 	 1738965.0468029173
1.3530219978921618 	 1738794.7416621754
1.3540219978921617 	 1738586.0526374353
1.3550219978921616 	 1738340.2756533483
1.3560219978921615 	 1738058.7033201554
1.3570219978921614 	 1737742.6295696402
1.3580219978921613 	 1737393.341032125
1.3590219978921612 	 1737012.1126916998
1.360021997892161 	 1736600.2059502532
1.361021997892161 	 1736158.8691911022
1.3620219978921608 	 1735689.469741244
1.3630219978921607 	 1735193.8273248053
1.3640219978921606 	 1734673.8479838304
1.3650219978921605 	 1734131.4105982725
1.3660219978921604 	 1733568.3676974052
1.3670219978921603 	 1732986.5522878433
1.3680219978921602 	 1732387.7633587886
1.36902199789216 	 1731773.7583968106
1.37002199789216 	 1731146.2494956949
1.3710219978921598 	 1730506.903206158
1.3720219978921597 	 1729857.450377045
1.3730219978921596 	 1729199.9491092402
1.3740219978921595 	 1728536.4830369165
1.3750219978921594 	 1727869.0666845944
1.3760219978921593 	 1727199.6446171314
1.3770219978921592 	 1726530.0977216144
1.378021997892159 	 1725862.2258701616
1.379021997892159 	 1725197.7392251603
1.3800219978921588 	 1724538.2530357128
1.3810219978921587 	 1723885.285701381
1.3820219978921586 	 1723240.3188017623
1.3830219978921585 	 1722604.94301395
1.3840219978921584 	 1721980.6859252134
1.3850219978921583 	 1721368.9669472503
1.3860219978921582 	 1720771.0837980262
1.387021997892158 	 1720188.219125329
1.388021997892158 	 1719621.4396977052
1.3890219978921579 	 1719071.6988022486
1.3900219978921577 	 1718539.8400510557
1.3910219978921576 	 1718026.6002898065
1.3920219978921575 	 1717532.6121926103
1.3930219978921574 	 1717058.4280462633
1.3940219978921573 	 1716604.5282686276
1.3950219978921572 	 1716171.3342298465
1.396021997892157 	 1715759.2223527995
1.397021997892157 	 1715368.5347288984
1.3980219978921569 	 1714999.6114738742
1.3990219978921568 	 1714652.8187861284
1.4000219978921566 	 1714328.5759494817
1.4010219978921565 	 1714027.3821084006
1.4020219978921564 	 1713749.7909029394
1.4030219978921563 	 1713496.3148909663
1.4040219978921562 	 1713267.5999738323
1.405021997892156 	 1713064.499838229
1.406021997892156 	 1712888.105875297
1.4070219978921559 	 1712739.7731824506
1.4080219978921558 	 1712621.150021181
1.4090219978921557 	 1712534.201801114
1.4100219978921555 	 1712481.2300134315
1.4110219978921554 	 1712464.8884063358
1.4120219978921553 	 1712488.1033127417
1.4130219978921552 	 1712553.8516787805
1.414021997892155 	 1712665.3953257962
1.415021997892155 	 1712826.3472891443
1.4160219978921549 	 1713040.657970635
1.4170219978921548 	 1713312.596421681
1.4180219978921547 	 1713646.7223844414
1.4190219978921546 	 1714047.8550199354
1.4200219978921544 	 1714521.038253666
1.4210219978921543 	 1715071.5053799727
1.4220219978921542 	 1715704.5448441817
1.4230219978921541 	 1716425.1801283835
1.424021997892154 	 1717238.4128212614
1.425021997892154 	 1718149.269221667
1.4260219978921538 	 1719162.7635922842
1.4270219978921537 	 1720283.866495615
1.4280219978921536 	 1721517.4656184218
1.4290219978921535 	 1722868.3338585321
1.4300219978921533 	 1724341.1025446334
1.4310219978921532 	 1725940.2411273762
1.4320219978921531 	 1727669.9449972364
1.433021997892153 	 1729533.8610340585
1.434021997892153 	 1731535.3354953902
1.4350219978921528 	 1733677.5037012233
1.4360219978921527 	 1735963.2866432823
1.4370219978921526 	 1738395.3980867781
1.4380219978921525 	 1740976.3399601236
1.4390219978921523 	 1743708.4057187801
1.4400219978921522 	 1746593.687593295
1.4410219978921521 	 1749634.088234976
1.442021997892152 	 1752831.2562651052
1.443021997892152 	 1756186.3645137004
1.4440219978921518 	 1759700.3555123538
1.4450219978921517 	 1763374.0260760132
1.4460219978921516 	 1767208.0425155424
1.4470219978921515 	 1771202.9610447302
1.4480219978921514 	 1775359.2322689337
1.4490219978921512 	 1779677.210528158
1.4500219978921511 	 1784157.1657688392
1.451021997892151 	 1788799.2973585103
1.452021997892151 	 1793603.689422545
1.4530219978921508 	 1798570.1393943923
1.4540219978921507 	 1803698.345343869
1.4550219978921506 	 1808987.9696705607
1.4560219978921505 	 1814438.6503514573
1.4570219978921504 	 1820050.0167520903
1.4580219978921503 	 1825821.686768463
1.4590219978921501 	 1831753.269906393
1.46002199789215 	 1837844.3722217956
1.46102199789215 	 1844094.6038455463
1.4620219978921498 	 1850503.5447450038
1.4630219978921497 	 1857070.617011872
1.4640219978921496 	 1863795.2155424121
1.4650219978921495 	 1870676.750249808
1.4660219978921494 	 1877714.6534973395
1.4670219978921493 	 1884908.3957992767
1.4680219978921492 	 1892257.473116843
1.469021997892149 	 1899761.404068719
1.470021997892149 	 1907419.7310770669
1.4710219978921488 	 1915232.022638862
1.4720219978921487 	 1923197.845679698
1.4730219978921486 	 1931316.67438428
1.4740219978921485 	 1939587.9812582834
1.4750219978921484 	 1948011.2654245503
1.4760219978921483 	 1956586.057973796
1.4770219978921482 	 1965311.9363283704
1.478021997892148 	 1974188.5090384309
1.479021997892148 	 1983215.4066130684
1.4800219978921478 	 1992392.298695525
1.4810219978921477 	 2001718.87004533
1.4820219978921476 	 2011194.8191453894
1.4830219978921475 	 2020819.777828875
1.4840219978921474 	 2030593.3804188166
1.4850219978921473 	 2040515.2851452418
1.4860219978921472 	 2050585.1784290108
1.487021997892147 	 2060802.787511012
1.488021997892147 	 2071167.8660572022
1.4890219978921468 	 2081680.1893684801
1.4900219978921467 	 2092339.5538035366
1.4910219978921466 	 2103145.7779961876
1.4920219978921465 	 2114098.682834681
1.4930219978921464 	 2125198.018828773
1.4940219978921463 	 2136443.5338437543
1.4950219978921462 	 2147834.993881734
1.496021997892146 	 2159372.1867398093
1.497021997892146 	 2171054.9330240437
1.4980219978921459 	 2182883.073446618
1.4990219978921457 	 2194856.464578574
1.5000219978921456 	 2206974.978319335
1.5010219978921455 	 2219238.5035965797
1.5020219978921454 	 2231646.9223438087
1.5030219978921453 	 2244200.0213809526
1.5040219978921452 	 2256897.5775497626
1.505021997892145 	 2269739.372456981
1.506021997892145 	 2282725.2102437615
1.5070219978921449 	 2295854.912465649
1.5080219978921447 	 2309128.3139483365
1.5090219978921446 	 2322545.2605523756
1.5100219978921445 	 2336105.6085255803
1.5110219978921444 	 2349809.2253518333
1.5120219978921443 	 2363655.9526349003
1.5130219978921442 	 2377645.4931541304
1.514021997892144 	 2391777.5235674153
1.515021997892144 	 2406051.728855367
1.5160219978921439 	 2420467.8019609223
1.5170219978921438 	 2435025.443547267
1.5180219978921436 	 2449724.3613522737
1.5190219978921435 	 2464564.2696750876
1.5200219978921434 	 2479544.888913027
1.5210219978921433 	 2494665.95572595
1.5220219978921432 	 2509927.1751149264
1.523021997892143 	 2525328.022945942
1.524021997892143 	 2540867.9300818425
1.5250219978921429 	 2556546.3372458154
1.5260219978921428 	 2572363.821081121
1.5270219978921427 	 2588320.584386245
1.5280219978921425 	 2604416.120290993
1.5290219978921424 	 2620649.9250791143
1.5300219978921423 	 2637021.5311762993
1.5310219978921422 	 2653530.451603999
1.532021997892142 	 2670176.0926921247
1.533021997892142 	 2686957.5989625026
1.5340219978921419 	 2703874.0529776146
1.5350219978921418 	 2720924.5370419286
1.5360219978921417 	 2738108.121067675
1.5370219978921416 	 2755423.839937583
1.5380219978921414 	 2772870.715057057
1.5390219978921413 	 2790447.761567726
1.5400219978921412 	 2808153.986437437
1.5410219978921411 	 2825988.374503387
1.542021997892141 	 2843949.770444029
1.543021997892141 	 2862036.6847572173
1.5440219978921408 	 2880247.539110041
1.5450219978921407 	 2898580.7360913656
1.5460219978921406 	 2917034.640099707
1.5470219978921405 	 2935607.529610291
1.5480219978921403 	 2954297.6403805604
1.5490219978921402 	 2973103.175835778
1.5500219978921401 	 2992022.302840098
1.55102199789214 	 3011053.126087201
1.55202199789214 	 3030193.536045413
1.5530219978921398 	 3049441.0179069308
1.5540219978921397 	 3068792.919705388
1.5550219978921396 	 3088246.526617253
1.5560219978921395 	 3107799.0264799898
1.5570219978921394 	 3127447.4316540244
1.5580219978921392 	 3147188.644483027
1.5590219978921391 	 3167019.474266739
1.560021997892139 	 3186936.626982072
1.561021997892139 	 3206936.6661484055
1.5620219978921388 	 3227015.8321715677
1.5630219978921387 	 3247169.8986101327
1.5640219978921386 	 3267394.430193065
1.5650219978921385 	 3287684.851109012
1.5660219978921384 	 3308036.40289984
1.5670219978921383 	 3328444.0458175126
1.5680219978921381 	 3348935.813797282
1.569021997892138 	 3369534.3790495214
1.570021997892138 	 3390210.1783819553
1.5710219978921378 	 3410951.5982674873
1.5720219978921377 	 3431750.014795609
1.5730219978921376 	 3452597.9311529063
1.5740219978921375 	 3473488.6762013696
1.5750219978921374 	 3494416.361913662
1.5760219978921373 	 3515375.926331886
1.5770219978921372 	 3536363.2258553705
1.578021997892137 	 3557375.516516791
1.579021997892137 	 3578411.956148582
1.5800219978921368 	 3599474.1999727003
1.5810219978921367 	 3620567.072380418
1.5820219978921366 	 3641699.263705606
1.5830219978921365 	 3662884.389140913
1.5840219978921364 	 3684141.9622404044
1.5850219978921363 	 3705498.1907807556
1.5860219978921362 	 3726986.373812872
1.587021997892136 	 3748646.599171907
1.588021997892136 	 3770524.8149228618
1.5890219978921358 	 3792670.5696548293
1.5900219978921357 	 3815133.335839399
1.5910219978921356 	 3837957.4947834336
1.5920219978921355 	 3861176.533664822
1.5930219978921354 	 3884807.7676954507
1.5940219978921353 	 3908847.8517984366
1.5950219978921352 	 3933270.801977893
1.596021997892135 	 3958029.13653405
1.597021997892135 	 3983057.9466372444
1.5980219978921348 	 4008281.4021692113
1.5990219978921347 	 4033620.0100130914
1.6000219978921346 	 4058997.277616134
1.6010219978921345 	 4084344.7863132823
1.6020219978921344 	 4109605.323650226
1.6030219978921343 	 4134734.571465175
1.6040219978921342 	 4159700.209921798
1.605021997892134 	 4184480.32320955
1.606021997892134 	 4209061.41381643
1.6070219978921338 	 4233436.281393059
1.6080219978921337 	 4257602.1950109685
1.6090219978921336 	 4281559.282717839
1.6100219978921335 	 4305309.255747641
1.6110219978921334 	 4328854.396854699
1.6120219978921333 	 4352197.059049054
1.6130219978921332 	 4375339.903878754
1.614021997892133 	 4398284.843132202
1.615021997892133 	 4421032.60989862
1.6160219978921329 	 4443582.63678177
1.6170219978921327 	 4465933.045790772
1.6180219978921326 	 4488080.557906082
1.6190219978921325 	 4510020.524715418
1.6200219978921324 	 4531746.945511936
1.6210219978921323 	 4553252.509536493
1.6220219978921322 	 4574529.0093779545
1.623021997892132 	 4595568.130239306
1.624021997892132 	 4616360.58121933
1.6250219978921319 	 4636895.839537845
1.6260219978921318 	 4657162.2242329465
1.6270219978921316 	 4677147.027282485
1.6280219978921315 	 4696836.403721594
1.6290219978921314 	 4716215.349499167
1.6300219978921313 	 4735267.70741769
1.6310219978921312 	 4753976.249682775
1.632021997892131 	 4772323.158524884
1.633021997892131 	 4790290.711366971
1.6340219978921309 	 4807860.3603446195
1.6350219978921308 	 4825012.4980304
1.6360219978921307 	 4841726.551746087
1.6370219978921305 	 4857981.228585603
1.6380219978921304 	 4873754.33851192
1.6390219978921303 	 4889022.762757321
1.6400219978921302 	 4903762.516250778
1.64102199789213 	 4917948.881379056
1.64202199789213 	 4931556.962830342
1.6430219978921299 	 4944562.174170132
1.6440219978921298 	 4956939.553667507
1.6450219978921297 	 4968663.647476408
1.6460219978921296 	 4979708.689505805
1.6470219978921294 	 4990048.965959967
1.6480219978921293 	 4999658.664537968
1.6490219978921292 	 5008511.92376483
1.650021997892129 	 5016582.967951048
1.651021997892129 	 5023846.3218196845
1.652021997892129 	 5030277.34129542
1.6530219978921288 	 5035852.475626757
1.6540219978921287 	 5040548.9580747485
1.6550219978921286 	 5044344.829077996
1.6560219978921285 	 5047219.175861855
1.6570219978921283 	 5049152.512278258
1.6580219978921282 	 5050126.690101311
1.6590219978921281 	 5050124.988681357
1.660021997892128 	 5049132.252273527
1.661021997892128 	 5047135.089828219
1.6620219978921278 	 5044122.267540244
1.6630219978921277 	 5040084.607820138
1.6640219978921276 	 5035015.034321886
1.6650219978921275 	 5028908.641016911
1.6660219978921273 	 5021762.833126193
1.6670219978921272 	 5013577.550098649
1.6680219978921271 	 5004355.158562827
1.669021997892127 	 4994100.439809083
1.670021997892127 	 4982820.608499332
1.6710219978921268 	 4970525.353890711
1.6720219978921267 	 4957226.852670458
1.6730219978921266 	 4942939.393048661
1.6740219978921265 	 4927679.516449161
1.6750219978921264 	 4911466.016385042
1.6760219978921262 	 4894319.875600074
1.6770219978921261 	 4876264.232560673
1.678021997892126 	 4857324.189209407
1.679021997892126 	 4837526.656925775
1.6800219978921258 	 4816900.217650314
1.6810219978921257 	 4795474.980893616
1.6820219978921256 	 4773282.315641936
1.6830219978921255 	 4750354.2536787875
1.6840219978921254 	 4726723.729965294
1.6850219978921253 	 4702424.542476086
1.6860219978921251 	 4677491.184896051
1.687021997892125 	 4651958.681134766
1.688021997892125 	 4625862.4252102235
1.6890219978921248 	 4599238.025964503
1.6900219978921247 	 4572121.158202505
1.6910219978921246 	 4544547.411551972
1.6920219978921245 	 4516551.959757824
1.6930219978921244 	 4488168.997874054
1.6940219978921243 	 4459432.127983474
1.6950219978921242 	 4430374.4062751215
1.696021997892124 	 4401028.233632728
1.697021997892124 	 4371425.226580544
1.6980219978921238 	 4341596.196440622
1.6990219978921237 	 4311571.10404184
1.7000219978921236 	 4281379.009154702
1.7010219978921235 	 4251048.007038297
1.7020219978921234 	 4220604.969945319
1.7030219978921233 	 4190075.135304701
1.7040219978921232 	 4159482.58335883
1.705021997892123 	 4128850.3736413415
1.706021997892123 	 4098200.50669279
1.7070219978921228 	 4067553.904067206
1.7080219978921227 	 4036930.4246254605
1.7090219978921226 	 4006348.9446769217
1.7100219978921225 	 3975827.366986049
1.7110219978921224 	 3945382.6160854492
1.7120219978921223 	 3915030.450128023
1.7130219978921222 	 3884785.180235567
1.714021997892122 	 3854660.126700322
1.715021997892122 	 3824667.773656499
1.7160219978921218 	 3794819.775238877
1.7170219978921217 	 3765126.916190095
1.7180219978921216 	 3735599.222719337
1.7190219978921215 	 3706246.020307105
1.7200219978921214 	 3677075.9680910115
1.7210219978921213 	 3648097.072987904
1.7220219978921212 	 3619316.522881006
1.723021997892121 	 3590740.5296070417
1.724021997892121 	 3562374.67185629
1.7250219978921209 	 3534224.0270544966
1.7260219978921207 	 3506293.1780338106
1.7270219978921206 	 3478586.1771582374
1.7280219978921205 	 3451106.6426035073
1.7290219978921204 	 3423857.8095992166
1.7300219978921203 	 3396842.5520547237
1.7310219978921202 	 3370063.3887933134
1.73202199789212 	 3343522.370676183
1.73302199789212 	 3317220.9563846593
1.7340219978921199 	 3291160.271883465
1.7350219978921197 	 3265341.1976556764
1.7360219978921196 	 3239764.3687786693
1.7370219978921195 	 3214430.1405490614
1.7380219978921194 	 3189338.660748337
1.7390219978921193 	 3164489.902572983
1.7400219978921192 	 3139883.679762601
1.741021997892119 	 3115519.643489995
1.742021997892119 	 3091397.1992788655
1.7430219978921189 	 3067515.4347727224
1.7440219978921188 	 3043873.286979376
1.7450219978921186 	 3020469.596012289
1.7460219978921185 	 2997303.10081442
1.7470219978921184 	 2974372.409187232
1.7480219978921183 	 2951676.0478049098
1.7490219978921182 	 2929212.482901062
1.750021997892118 	 2906980.1277622855
1.751021997892118 	 2884977.3266597055
1.7520219978921179 	 2863202.340658076
1.7530219978921178 	 2841653.2512666066
1.7540219978921177 	 2820328.0976980883
1.7550219978921175 	 2799224.897214267
1.7560219978921174 	 2778341.637193325
1.7570219978921173 	 2757676.2525377227
1.7580219978921172 	 2737226.6588753313
1.759021997892117 	 2716990.765161135
1.760021997892117 	 2696966.476908749
1.7610219978921169 	 2677151.6904732613
1.7620219978921168 	 2657544.2596442136
1.7630219978921167 	 2638141.989078039
1.7640219978921166 	 2618942.679513523
1.7650219978921164 	 2599944.140572855
1.7660219978921163 	 2581144.185702427
1.7670219978921162 	 2562540.6150290826
1.7680219978921161 	 2544131.2364451806
1.769021997892116 	 2525913.872871576
1.770021997892116 	 2507886.3633752987
1.7710219978921158 	 2490046.5584956133
1.7720219978921157 	 2472392.303607365
1.7730219978921156 	 2454921.450459856
1.7740219978921155 	 2437631.8684968157
1.7750219978921153 	 2420521.4471451784
1.7760219978921152 	 2403588.092105775
1.7770219978921151 	 2386829.713651118
1.778021997892115 	 2370244.24156456
1.779021997892115 	 2353829.6250074105
1.7800219978921148 	 2337583.8353622695
1.7810219978921147 	 2321504.862454009
1.7820219978921146 	 2305590.7103012376
1.7830219978921145 	 2289839.4187771436
1.7840219978921144 	 2274249.0534524764
1.7850219978921142 	 2258817.701569511
1.7860219978921141 	 2243543.4697140176
1.787021997892114 	 2228424.477585038
1.788021997892114 	 2213458.864228745
1.7890219978921138 	 2198644.789802668
1.7900219978921137 	 2183980.4353663367
1.7910219978921136 	 2169464.001209658
1.7920219978921135 	 2155093.7109001214
1.7930219978921134 	 2140867.837806755
1.7940219978921133 	 2126784.6824361733
1.7950219978921131 	 2112842.564919556
1.796021997892113 	 2099039.8150107125
1.797021997892113 	 2085374.8059182826
1.7980219978921128 	 2071845.9018907507
1.7990219978921127 	 2058451.494619575
1.8000219978921126 	 2045189.9938875795
1.8010219978921125 	 2032059.8267585665
1.8020219978921124 	 2019059.448140557
1.8030219978921123 	 2006187.3667085157
1.8040219978921122 	 1993442.1170852238
1.805021997892112 	 1980822.250361445
1.806021997892112 	 1968326.334186716
1.8070219978921118 	 1955952.9535857704
1.8080219978921117 	 1943700.7094402085
1.8090219978921116 	 1931568.2178040682
1.8100219978921115 	 1919554.109587342
1.8110219978921114 	 1907657.0310717938
1.8120219978921113 	 1895875.6565543462
1.8130219978921112 	 1884208.7149750623
1.814021997892111 	 1872654.958250377
1.815021997892111 	 1861213.1516149752
1.8160219978921108 	 1849882.0745495954
1.8170219978921107 	 1838660.5238376716
1.8180219978921106 	 1827547.3093145122
1.8190219978921105 	 1816541.2543543375
1.8200219978921104 	 1805641.192840031
1.8210219978921103 	 1794845.9722689074
1.8220219978921102 	 1784154.4679666676
1.82302199789211 	 1773565.607019402
1.82402199789211 	 1763078.3365953346
1.8250219978921098 	 1752691.613868222
1.8260219978921097 	 1742404.409887915
1.8270219978921096 	 1732215.7110263482
1.8280219978921095 	 1722124.5156029745
1.8290219978921094 	 1712129.831592207
1.8300219978921093 	 1702230.6763726934
1.8310219978921092 	 1692426.078595123
1.832021997892109 	 1682715.0936066685
1.833021997892109 	 1673096.8244986208
1.8340219978921088 	 1663570.3916075234
1.8350219978921087 	 1654134.9236208086
1.8360219978921086 	 1644789.5596551849
1.8370219978921085 	 1635533.455289354
1.8380219978921084 	 1626365.7758574989
1.8390219978921083 	 1617285.694281506
1.8400219978921082 	 1608292.3908985944
1.841021997892108 	 1599385.0481045817
1.842021997892108 	 1590562.896302623
1.8430219978921079 	 1581825.1861585095
1.8440219978921077 	 1573171.1944062158
1.8450219978921076 	 1564600.1931629502
1.8460219978921075 	 1556111.4747092216
1.8470219978921074 	 1547704.3429528093
1.8480219978921073 	 1539378.1109634521
1.8490219978921072 	 1531132.0969614887
1.850021997892107 	 1522965.6253067176
1.851021997892107 	 1514878.028600291
1.8520219978921069 	 1506868.6626318719
1.8530219978921068 	 1498936.921519856
1.8540219978921066 	 1491082.2118948575
1.8550219978921065 	 1483303.9456057642
1.8560219978921064 	 1475601.5420773623
1.8570219978921063 	 1467974.4349701728
1.8580219978921062 	 1460422.0649718735
1.859021997892106 	 1452943.8775267892
1.860021997892106 	 1445539.3227351923
1.8610219978921059 	 1438207.857595369
1.8620219978921058 	 1430948.9595889018
1.8630219978921057 	 1423762.139807569
1.8640219978921055 	 1416646.9199636807
1.8650219978921054 	 1409602.8259329712
1.8660219978921053 	 1402629.3897474816
1.8670219978921052 	 1395726.1552082256
1.868021997892105 	 1388892.6718283885
1.869021997892105 	 1382128.492931226
1.8700219978921049 	 1375433.1755734556
1.8710219978921048 	 1368806.2822590098
1.8720219978921047 	 1362247.3921498652
1.8730219978921046 	 1355756.1128500705
1.8740219978921044 	 1349332.0625481657
1.8750219978921043 	 1342974.861225098
1.8760219978921042 	 1336684.1339458325
1.877021997892104 	 1346308.1308273727
1.878021997892104 	 1352354.524009299
1.879021997892104 	 1354765.8648532282
1.8800219978921038 	 1377864.5283562124
1.8810219978921037 	 1388369.6742977602
1.8820219978921036 	 1395980.9641438285
1.8830219978921034 	 1402074.0879333487
1.8840219978921033 	 1407191.7113035296
1.8850219978921032 	 1411620.0297538498
1.8860219978921031 	 1415533.1575997553
1.887021997892103 	 1419046.6434720147
1.888021997892103 	 1422241.7796141084
1.8890219978921028 	 1425178.2579651468
1.8900219978921027 	 1427901.342883908
1.8910219978921026 	 1430446.2371117265
1.8920219978921025 	 1432840.8836137557
1.8930219978921023 	 1435107.853015166
1.8940219978921022 	 1437265.6253812832
1.8950219978921021 	 1439329.509276107
1.896021997892102 	 1441312.3112198433
1.897021997892102 	 1443224.8329066995
1.8980219978921018 	 1445076.256974319
1.8990219978921017 	 1446874.4420940515
1.9000219978921016 	 1448626.1524386806
1.9010219978921015 	 1450337.2364759862
1.9020219978921014 	 1452012.7686258557
1.9030219978921012 	 1453657.1869621652
1.9040219978921011 	 1455274.3801055276
1.905021997892101 	 1456867.7628434508
1.906021997892101 	 1458440.3376998734
1.9070219978921008 	 1459994.7383587793
1.9080219978921007 	 1461533.2880831498
1.9090219978921006 	 1463058.042589309
1.9100219978921005 	 1464570.8233847804
1.9110219978921004 	 1466073.2409863272
1.9120219978921003 	 1467566.7084778592
1.9130219978921001 	 1469052.4877357131
1.9140219978921 	 1470531.7021774033
1.9150219978921 	 1472005.3495992161
1.9160219978920998 	 1473474.3096114243
1.9170219978920997 	 1474939.3380101693
1.9180219978920996 	 1476401.0962520156
1.9190219978920995 	 1477860.1666432482
1.9200219978920994 	 1479317.0607163315
1.9210219978920993 	 1480772.2186219546
1.9220219978920992 	 1482226.000191432
1.923021997892099 	 1483678.717836572
1.924021997892099 	 1485130.64161649
1.9250219978920988 	 1486582.0007294628
1.9260219978920987 	 1488032.9793223375
1.9270219978920986 	 1489483.6972660224
1.9280219978920985 	 1490934.2376602844
1.9290219978920984 	 1492384.6572404553
1.9300219978920983 	 1493834.9891236601
1.9310219978920982 	 1495285.2363137868
1.932021997892098 	 1496735.3466627875
1.933021997892098 	 1498185.2691932959
1.9340219978920978 	 1499634.9243172265
1.9350219978920977 	 1501084.2245014356
1.9360219978920976 	 1502533.0611977691
1.9370219978920975 	 1503981.2808731634
1.9380219978920974 	 1505428.7128295426
1.9390219978920973 	 1506875.1784413585
1.9400219978920972 	 1508320.4921801384
1.941021997892097 	 1509764.453162284
1.942021997892097 	 1511206.824291156
1.9430219978920968 	 1512647.3638793034
1.9440219978920967 	 1514085.8289281786
1.9450219978920966 	 1515521.9735288268
1.9460219978920965 	 1516955.5408297887
1.9470219978920964 	 1518386.2399619606
1.9480219978920963 	 1519813.7712754938
1.9490219978920962 	 1521237.8343291045
1.950021997892096 	 1522658.1282844637
1.951021997892096 	 1524074.3445903782
1.9520219978920959 	 1525486.1482076969
1.9530219978920957 	 1526893.20526765
1.9540219978920956 	 1528295.1845266642
1.9550219978920955 	 1529691.755912206
1.9560219978920954 	 1531082.5843324724
1.9570219978920953 	 1532467.3123133595
1.9580219978920952 	 1533845.5785888615
1.959021997892095 	 1535217.0238760768
1.960021997892095 	 1536581.2910136383
1.9610219978920949 	 1537938.020291333
1.9620219978920947 	 1539286.8380779568
1.9630219978920946 	 1540627.3752451888
1.9640219978920945 	 1541959.2667043814
1.9650219978920944 	 1543282.1500272804
1.9660219978920943 	 1544595.6625133667
1.9670219978920942 	 1545899.433033945
1.968021997892094 	 1547193.0906878721
1.969021997892094 	 1548476.2669347902
1.9700219978920939 	 1549748.5977481038
1.9710219978920938 	 1551009.7193543443
1.9720219978920936 	 1552259.2687756517
1.9730219978920935 	 1553496.8903780936
1.9740219978920934 	 1554722.2327658697
1.9750219978920933 	 1555934.9497758818
1.9760219978920932 	 1557134.6923356517
1.977021997892093 	 1558321.119684559
1.978021997892093 	 1559493.9059882045
1.9790219978920929 	 1560652.7148679015
1.9800219978920928 	 1561797.2173864725
1.9810219978920927 	 1562927.0901087879
1.9820219978920925 	 1564042.0233804227
1.9830219978920924 	 1565141.717232508
1.9840219978920923 	 1566225.8755887353
1.9850219978920922 	 1567294.2051689026
1.986021997892092 	 1568346.4196210278
1.987021997892092 	 1569382.250893677
1.9880219978920919 	 1570401.436964734
1.9890219978920918 	 1571403.719288414
1.9900219978920917 	 1572388.8410738101
1.9910219978920916 	 1573356.55379745
1.9920219978920914 	 1574306.6327936281
1.9930219978920913 	 1575238.864523201
1.9940219978920912 	 1576153.0385356059
1.9950219978920911 	 1577048.947461788
1.996021997892091 	 1577926.3920011795
1.997021997892091 	 1578785.1996364028
1.9980219978920908 	 1579625.2056535291
1.9990219978920907 	 1580446.2475203641
