0.0010219978922 	 0
0.0020219978922 	 0
0.0030219978922 	 0
0.0040219978922 	 0
0.0050219978922 	 0
0.0060219978922 	 0
0.0070219978922 	 0
0.0080219978922 	 0
0.009021997892200002 	 0
0.010021997892200003 	 0
0.011021997892200004 	 0
0.012021997892200004 	 0
0.013021997892200005 	 0
0.014021997892200006 	 0
0.015021997892200007 	 0
0.016021997892200008 	 0
0.01702199789220001 	 0
0.01802199789220001 	 0
0.01902199789220001 	 0
0.02002199789220001 	 0
0.021021997892200012 	 0
0.022021997892200013 	 0
0.023021997892200014 	 0
0.024021997892200015 	 0
0.025021997892200016 	 0
0.026021997892200017 	 0
0.027021997892200018 	 0
0.02802199789220002 	 0
0.02902199789220002 	 0
0.03002199789220002 	 0
0.03102199789220002 	 0
0.03202199789220002 	 0
0.03302199789220002 	 0
0.03402199789220002 	 0
0.03502199789220002 	 0
0.03602199789220002 	 0
0.03702199789220002 	 0
0.038021997892200024 	 0
0.039021997892200025 	 0
0.040021997892200026 	 0
0.04102199789220003 	 0
0.04202199789220003 	 0
0.04302199789220003 	 0
0.04402199789220003 	 0
0.04502199789220003 	 0
0.04602199789220003 	 0
0.04702199789220003 	 0
0.04802199789220003 	 0
0.049021997892200034 	 0
0.050021997892200035 	 0
0.051021997892200036 	 0
0.052021997892200036 	 0
0.05302199789220004 	 0
0.05402199789220004 	 0
0.05502199789220004 	 0
0.05602199789220004 	 0
0.05702199789220004 	 0
0.05802199789220004 	 0
0.05902199789220004 	 0
0.060021997892200044 	 0
0.061021997892200044 	 0
0.062021997892200045 	 0
0.06302199789220005 	 0
0.06402199789220005 	 0
0.06502199789220005 	 0
0.06602199789220005 	 0
0.06702199789220005 	 0
0.06802199789220005 	 0
0.06902199789220005 	 0
0.07002199789220005 	 0
0.07102199789220005 	 0
0.07202199789220005 	 0
0.07302199789220006 	 0
0.07402199789220006 	 0
0.07502199789220006 	 0
0.07602199789220006 	 0
0.07702199789220006 	 0
0.07802199789220006 	 0
0.07902199789220006 	 0
0.08002199789220006 	 0
0.08102199789220006 	 0
0.08202199789220006 	 0
0.08302199789220006 	 0
0.08402199789220006 	 0
0.08502199789220007 	 0
0.08602199789220007 	 0
0.08702199789220007 	 0
0.08802199789220007 	 0
0.08902199789220007 	 0
0.09002199789220007 	 0
0.09102199789220007 	 0
0.09202199789220007 	 0
0.09302199789220007 	 0
0.09402199789220007 	 0
0.09502199789220007 	 0
0.09602199789220008 	 0
0.09702199789220008 	 0
0.09802199789220008 	 0
0.09902199789220008 	 0
0.10002199789220008 	 0
0.10102199789220008 	 0
0.10202199789220008 	 0
0.10302199789220008 	 0
0.10402199789220008 	 0
0.10502199789220008 	 0
0.10602199789220008 	 0
0.10702199789220009 	 0
0.10802199789220009 	 0
0.10902199789220009 	 0
0.11002199789220009 	 0
0.11102199789220009 	 0
0.11202199789220009 	 0
0.11302199789220009 	 0
0.11402199789220009 	 0
0.11502199789220009 	 0
0.1160219978922001 	 0
0.1170219978922001 	 0
0.1180219978922001 	 0
0.1190219978922001 	 0
0.1200219978922001 	 0
0.1210219978922001 	 0
0.1220219978922001 	 0
0.1230219978922001 	 0
0.1240219978922001 	 0
0.1250219978922001 	 0
0.1260219978922001 	 0
0.1270219978922001 	 0
0.1280219978922001 	 0
0.1290219978922001 	 0
0.1300219978922001 	 0
0.1310219978922001 	 0
0.1320219978922001 	 0
0.1330219978922001 	 0
0.1340219978922001 	 0
0.1350219978922001 	 0
0.1360219978922001 	 0
0.1370219978922001 	 0
0.1380219978922001 	 0
0.1390219978922001 	 0
0.1400219978922001 	 0
0.1410219978922001 	 0
0.1420219978922001 	 0
0.1430219978922001 	 0
0.1440219978922001 	 0
0.1450219978922001 	 0
0.1460219978922001 	 0
0.1470219978922001 	 0
0.1480219978922001 	 0
0.1490219978922001 	 0
0.1500219978922001 	 0
0.1510219978922001 	 0
0.1520219978922001 	 0
0.1530219978922001 	 0
0.1540219978922001 	 0
0.15502199789220011 	 0
0.15602199789220011 	 0
0.15702199789220012 	 0
0.15802199789220012 	 0
0.15902199789220012 	 0
0.16002199789220012 	 0
0.16102199789220012 	 0
0.16202199789220012 	 0
0.16302199789220012 	 0
0.16402199789220012 	 0
0.16502199789220012 	 0
0.16602199789220012 	 0
0.16702199789220012 	 0
0.16802199789220013 	 0
0.16902199789220013 	 0
0.17002199789220013 	 0
0.17102199789220013 	 0
0.17202199789220013 	 0
0.17302199789220013 	 0
0.17402199789220013 	 0
0.17502199789220013 	 0
0.17602199789220013 	 0
0.17702199789220013 	 0
0.17802199789220013 	 0
0.17902199789220014 	 0
0.18002199789220014 	 0
0.18102199789220014 	 0
0.18202199789220014 	 0
0.18302199789220014 	 0
0.18402199789220014 	 0
0.18502199789220014 	 0
0.18602199789220014 	 0
0.18702199789220014 	 0
0.18802199789220014 	 0
0.18902199789220014 	 0
0.19002199789220015 	 0
0.19102199789220015 	 0
0.19202199789220015 	 0
0.19302199789220015 	 0
0.19402199789220015 	 0
0.19502199789220015 	 0
0.19602199789220015 	 0
0.19702199789220015 	 0
0.19802199789220015 	 0
0.19902199789220015 	 0
0.20002199789220015 	 0
0.20102199789220015 	 0
0.20202199789220016 	 0
0.20302199789220016 	 0
0.20402199789220016 	 0
0.20502199789220016 	 0
0.20602199789220016 	 0
0.20702199789220016 	 0
0.20802199789220016 	 0
0.20902199789220016 	 0
0.21002199789220016 	 0
0.21102199789220016 	 0
0.21202199789220016 	 0.0
0.21302199789220017 	 0.0
0.21402199789220017 	 0.0
0.21502199789220017 	 0.0
0.21602199789220017 	 0.0
0.21702199789220017 	 0.0
0.21802199789220017 	 0.0
0.21902199789220017 	 0.0
0.22002199789220017 	 0.0
0.22102199789220017 	 0.0
0.22202199789220017 	 0.0
0.22302199789220017 	 0.0
0.22402199789220018 	 0.0
0.22502199789220018 	 0.0
0.22602199789220018 	 0.0
0.22702199789220018 	 0.0
0.22802199789220018 	 0.0
0.22902199789220018 	 0.0
0.23002199789220018 	 0.0
0.23102199789220018 	 0.0
0.23202199789220018 	 0.0
0.23302199789220018 	 0.0
0.23402199789220018 	 0.0
0.23502199789220019 	 0.0
0.23602199789220019 	 0.0
0.2370219978922002 	 0.0
0.2380219978922002 	 0.0
0.2390219978922002 	 0.0
0.2400219978922002 	 0.0
0.2410219978922002 	 0.0
0.2420219978922002 	 0.0
0.2430219978922002 	 0.0
0.2440219978922002 	 0.0
0.2450219978922002 	 0.0
0.2460219978922002 	 0.0
0.2470219978922002 	 0.0
0.2480219978922002 	 0.0
0.2490219978922002 	 0.0
0.2500219978922002 	 0.0
0.2510219978922002 	 0.0
0.2520219978922002 	 0.0
0.2530219978922002 	 0.0
0.2540219978922002 	 0.0
0.2550219978922002 	 0.0
0.2560219978922002 	 0.0
0.2570219978922002 	 0.0
0.2580219978922002 	 0.0
0.2590219978922002 	 0.0
0.2600219978922002 	 0.0
0.2610219978922002 	 0.0
0.2620219978922002 	 0.0
0.2630219978922002 	 0.0
0.2640219978922002 	 0.0
0.2650219978922002 	 0.0
0.2660219978922002 	 0.0
0.2670219978922002 	 0.0
0.2680219978922002 	 0.0
0.2690219978922002 	 0.0
0.2700219978922002 	 0.0
0.2710219978922002 	 0.0
0.2720219978922002 	 0.0
0.2730219978922002 	 0.0
0.2740219978922002 	 0.0
0.2750219978922002 	 0.0
0.2760219978922002 	 0.0
0.2770219978922002 	 0.0
0.2780219978922002 	 0.0
0.2790219978922002 	 0.0
0.2800219978922002 	 0.0
0.2810219978922002 	 0.0
0.2820219978922002 	 0.0
0.2830219978922002 	 0.0
0.28402199789220023 	 0.0
0.28502199789220023 	 0.0
0.28602199789220023 	 0.0
0.28702199789220023 	 0.0
0.28802199789220023 	 0.0
0.28902199789220023 	 0.0
0.29002199789220023 	 0.0
0.29102199789220023 	 0.0
0.29202199789220024 	 0.0
0.29302199789220024 	 0.0
0.29402199789220024 	 0.0
0.29502199789220024 	 0.0
0.29602199789220024 	 0.0
0.29702199789220024 	 0.0
0.29802199789220024 	 0.0
0.29902199789220024 	 0.0
0.30002199789220024 	 0.0
0.30102199789220024 	 0.0
0.30202199789220024 	 0.0
0.30302199789220025 	 0.0
0.30402199789220025 	 0.0
0.30502199789220025 	 0.0
0.30602199789220025 	 0.0
0.30702199789220025 	 0.0
0.30802199789220025 	 0.0
0.30902199789220025 	 0.0
0.31002199789220025 	 0.0
0.31102199789220025 	 0.0
0.31202199789220025 	 0.0
0.31302199789220025 	 0.0
0.31402199789220026 	 0.0
0.31502199789220026 	 0.0
0.31602199789220026 	 0.0
0.31702199789220026 	 0.0
0.31802199789220026 	 0.0
0.31902199789220026 	 0.0
0.32002199789220026 	 0.0
0.32102199789220026 	 0.0
0.32202199789220026 	 0.0
0.32302199789220026 	 0.0
0.32402199789220026 	 0.0
0.32502199789220027 	 0.0
0.32602199789220027 	 0.0
0.32702199789220027 	 0.0
0.32802199789220027 	 0.0
0.32902199789220027 	 0.0
0.33002199789220027 	 0.0
0.33102199789220027 	 0.0
0.33202199789220027 	 0.0
0.33302199789220027 	 0.0
0.3340219978922003 	 0.0
0.3350219978922003 	 0.0
0.3360219978922003 	 0.0
0.3370219978922003 	 0.0
0.3380219978922003 	 0.0
0.3390219978922003 	 0.0
0.3400219978922003 	 0.0
0.3410219978922003 	 0.0
0.3420219978922003 	 0.0
0.3430219978922003 	 0.0
0.3440219978922003 	 0.0
0.3450219978922003 	 0.0
0.3460219978922003 	 0.0
0.3470219978922003 	 0.0
0.3480219978922003 	 0.0
0.3490219978922003 	 0.0
0.3500219978922003 	 0.0
0.3510219978922003 	 0.0
0.3520219978922003 	 0.0
0.3530219978922003 	 0.0
0.3540219978922003 	 0.0
0.3550219978922003 	 0.0
0.3560219978922003 	 0.0
0.3570219978922003 	 0.0
0.3580219978922003 	 0.0
0.3590219978922003 	 0.0
0.3600219978922003 	 0.0
0.3610219978922003 	 0.0
0.3620219978922003 	 0.0
0.3630219978922003 	 0.0
0.3640219978922003 	 0.0
0.3650219978922003 	 0.0
0.3660219978922003 	 0.0
0.3670219978922003 	 0.0
0.3680219978922003 	 0.0
0.3690219978922003 	 0.0
0.3700219978922003 	 0.0
0.3710219978922003 	 0.0
0.3720219978922003 	 0.0
0.3730219978922003 	 0.0
0.3740219978922003 	 0.0
0.3750219978922003 	 0.0
0.3760219978922003 	 0.0
0.3770219978922003 	 0.0
0.3780219978922003 	 0.0
0.3790219978922003 	 0.0
0.3800219978922003 	 0.0
0.3810219978922003 	 0.0
0.3820219978922003 	 0.0
0.3830219978922003 	 0.0
0.3840219978922003 	 0.0
0.3850219978922003 	 0.0
0.3860219978922003 	 0.0
0.3870219978922003 	 0.0
0.3880219978922003 	 0.0
0.3890219978922003 	 0.0
0.3900219978922003 	 0.0
0.3910219978922003 	 0.0
0.3920219978922003 	 0.0
0.3930219978922003 	 0.0
0.3940219978922003 	 0.0
0.3950219978922003 	 0.0
0.39602199789220033 	 0.0
0.39702199789220033 	 0.0
0.39802199789220033 	 0.0
0.39902199789220033 	 0.0
0.40002199789220033 	 0.0
0.40102199789220033 	 0.0
0.40202199789220033 	 0.0
0.40302199789220033 	 0.0
0.40402199789220034 	 0.0
0.40502199789220034 	 0.0
0.40602199789220034 	 0.0
0.40702199789220034 	 0.0
0.40802199789220034 	 0.0
0.40902199789220034 	 0.0
0.41002199789220034 	 0.0
0.41102199789220034 	 0.0
0.41202199789220034 	 0.0
0.41302199789220034 	 0.0
0.41402199789220034 	 0.0
0.41502199789220034 	 0.0
0.41602199789220035 	 0.0
0.41702199789220035 	 0.0
0.41802199789220035 	 0.0
0.41902199789220035 	 5.24829085286754e-05
0.42002199789220035 	 9.925081739537975e-06
0.42102199789220035 	 6.2040797013595e-07
0.42202199789220035 	 8.777164552908906e-06
0.42302199789220035 	 4.413697711658144e-05
0.42402199789220035 	 0.00013933026807252033
0.42502199789220035 	 0.0003407904479757829
0.42602199789220035 	 0.0007090115802399993
0.42702199789220036 	 0.0013190285236668658
0.42802199789220036 	 0.0022608540420353276
0.42902199789220036 	 0.003639944462910342
0.43002199789220036 	 0.005577675182163969
0.43102199789220036 	 0.00821183151121159
0.43202199789220036 	 0.0116971138966127
0.43302199789220036 	 0.016205658289873352
0.43402199789220036 	 0.021927571993414434
0.43502199789220036 	 0.029071485446566687
0.43602199789220036 	 0.03786512039575615
0.43702199789220036 	 0.04855587491638002
0.43802199789220037 	 0.06141142576607501
0.43902199789220037 	 0.07672034856482371
0.44002199789220037 	 0.09479275631280332
0.44102199789220037 	 0.11596095677310385
0.44202199789220037 	 0.1405801292631043
0.44302199789220037 	 0.16902902141518125
0.44402199789220037 	 0.2017106664857175
0.44502199789220037 	 0.23905312180895205
0.4460219978922004 	 0.2815102290118226
0.4470219978922004 	 0.32956239662499154
0.4480219978922004 	 0.3837174057457598
0.4490219978922004 	 0.4445112394288795
0.4500219978922004 	 0.512508936503713
0.4510219978922004 	 0.588305470537077
0.4520219978922004 	 0.6725266546858648
0.4530219978922004 	 0.7658300732053108
0.4540219978922004 	 0.8689060404048001
0.4550219978922004 	 0.9824785878681822
0.4560219978922004 	 1.1073064807809512
0.4570219978922004 	 1.2441842642349137
0.4580219978922004 	 1.3939433404082644
0.4590219978922004 	 1.5574530775481847
0.4600219978922004 	 1.73562195171346
0.4610219978922004 	 1.9293987222641213
0.4620219978922004 	 2.1397736421201476
0.4630219978922004 	 2.367779703840893
0.4640219978922004 	 2.6144939226138386
0.4650219978922004 	 2.8810386572752567
0.4660219978922004 	 3.1685829705246027
0.4670219978922004 	 3.4783440295278862
0.4680219978922004 	 3.8115885481494813
0.4690219978922004 	 4.169634272090701
0.4700219978922004 	 4.553851508253383
0.4710219978922004 	 4.965664699695531
0.4720219978922004 	 5.4065540475864085
0.4730219978922004 	 5.878057181616385
0.4740219978922004 	 6.381770880370318
0.4750219978922004 	 6.919352843213044
0.4760219978922004 	 7.492523515300191
0.4770219978922004 	 8.10306796737147
0.4780219978922004 	 8.75283783204516
0.4790219978922004 	 9.443753298380482
0.4800219978922004 	 10.177805166574807
0.4810219978922004 	 10.957056964580845
0.4820219978922004 	 11.783647128999547
0.4830219978922004 	 12.659791250824396
0.4840219978922004 	 13.587784393549684
0.4850219978922004 	 14.570003465589602
0.4860219978922004 	 15.608909724741968
0.4870219978922004 	 16.707052208343633
0.4880219978922004 	 17.867066506089074
0.4890219978922004 	 19.091683264212588
0.4900219978922004 	 20.38372704288862
0.4910219978922004 	 21.746120206833382
0.4920219978922004 	 23.181885827617528
0.4930219978922004 	 24.694150729590746
0.4940219978922004 	 26.28614861507413
0.4950219978922004 	 27.961223289895845
0.4960219978922004 	 29.72283198760274
0.4970219978922004 	 31.57454879691734
0.4980219978922004 	 33.52006819546301
0.4990219978922004 	 35.563208693382414
0.5000219978922004 	 37.707916590432646
0.5010219978922004 	 39.95826985033732
0.5020219978922004 	 42.318482096292904
0.5030219978922004 	 44.79290673165309
0.5040219978922004 	 47.38604118999284
0.5050219978922004 	 50.10253131886444
0.5060219978922004 	 52.947175901754115
0.5070219978922004 	 55.92493132287845
0.5080219978922004 	 59.04091637966002
0.5090219978922004 	 62.300417247866186
0.5100219978922004 	 65.70889260460673
0.5110219978922004 	 69.2719789145571
0.5120219978922004 	 72.9954958849931
0.5130219978922004 	 76.8854520953941
0.5140219978922004 	 80.94805080763618
0.5150219978922004 	 85.18969596296824
0.5160219978922004 	 89.61699837224339
0.5170219978922004 	 94.23678210607817
0.5180219978922004 	 99.0560910918941
0.5190219978922004 	 104.08219592505101
0.5200219978922004 	 109.3226009015528
0.5210219978922004 	 114.7850512800033
0.5220219978922004 	 120.47754078128544
0.5230219978922004 	 126.40831933273085
0.5240219978922004 	 132.58590107143115
0.5250219978922004 	 139.01907259350432
0.5260219978922004 	 145.7169015415059
0.5270219978922004 	 152.68874641763554
0.5280219978922004 	 159.94426142144303
0.5290219978922004 	 167.49341239320862
0.5300219978922004 	 175.34648279518493
0.5310219978922004 	 183.5140821539255
0.5320219978922004 	 192.00716063938472
0.5330219978922004 	 200.83701695071485
0.5340219978922004 	 210.0153101773475
0.5350219978922004 	 219.55407124757213
0.5360219978922004 	 229.46571480418257
0.5370219978922004 	 239.7630514736092
0.5380219978922004 	 250.4593005562969
0.5390219978922004 	 261.5681031503831
0.5400219978922004 	 273.1035357257822
0.5410219978922004 	 285.08012416507637
0.5420219978922004 	 297.5128582893071
0.5430219978922004 	 310.4172068848732
0.5440219978922004 	 323.80913325777954
0.5450219978922004 	 337.70511130776504
0.5460219978922004 	 352.12214224443727
0.5470219978922004 	 367.07777302288576
0.5480219978922004 	 382.59010901581195
0.5490219978922004 	 398.6778403785603
0.5500219978922004 	 415.36025582080197
0.5510219978922004 	 432.6572638313287
0.5520219978922004 	 450.58941312704945
0.5530219978922004 	 469.17791390653446
0.5540219978922004 	 488.44465984460123
0.5550219978922004 	 508.4122508823851
0.5560219978922004 	 529.1040168374062
0.5570219978922004 	 550.5440418677789
0.5580219978922004 	 572.7571898239753
0.5590219978922004 	 595.7691305235106
0.5600219978922004 	 619.6063669854324
0.5610219978922004 	 644.2962636629278
0.5620219978922004 	 669.8670757146878
0.5630219978922004 	 696.3479793552119
0.5640219978922004 	 723.7691033342605
0.5650219978922004 	 752.1615615674057
0.5660219978922004 	 781.5574870540446
0.5670219978922004 	 811.9900680535322
0.5680219978922004 	 843.493580030655
0.5690219978922004 	 876.1034303568696
0.5700219978922004 	 909.8561929058952
0.5710219978922004 	 944.7896500394456
0.5720219978922004 	 980.9428348576536
0.5730219978922004 	 1018.3560751314001
0.5740219978922004 	 1057.0710389046387
0.5750219978922004 	 1097.130781859623
0.5760219978922004 	 1138.5797965141248
0.5770219978922004 	 1181.464063330428
0.5780219978922004 	 1225.8311038177092
0.5790219978922004 	 1271.7300357139738
0.5800219978922004 	 1319.2116303364328
0.5810219978922004 	 1368.328372198659
0.5820219978922004 	 1419.1345209781643
0.5830219978922004 	 1471.6861759939834
0.5840219978922004 	 1526.0413438821315
0.5850219978922004 	 1582.2600054604618
0.5860219978922004 	 1640.4041925830074
0.5870219978922004 	 1700.538060643049
0.5880219978922004 	 1762.7279678530754
0.5890219978922004 	 1827.0425569786107
0.5900219978922004 	 1893.5528414156051
0.5910219978922004 	 1962.3322893875786
0.5920219978922004 	 2033.4569228315922
0.5930219978922004 	 2107.0054090149765
0.5940219978922004 	 2183.059161366317
0.5950219978922004 	 2261.7024443023656
0.5960219978922005 	 2343.022481421481
0.5970219978922005 	 2427.109568820099
0.5980219978922005 	 2514.0571930954425
0.5990219978922005 	 2603.9621543823287
0.6000219978922005 	 2696.9246946563267
0.6010219978922005 	 2793.0486315558796
0.6020219978922005 	 2892.4414979871094
0.6030219978922005 	 2995.214687789577
0.6040219978922005 	 3101.4836077563
0.6050219978922005 	 3211.3678363154527
0.6060219978922005 	 3324.9912892046336
0.6070219978922005 	 3442.482392459676
0.6080219978922005 	 3563.974263159161
0.6090219978922005 	 3689.6048991339903
0.6100219978922005 	 3819.5173721596097
0.6110219978922005 	 3953.8600402997217
0.6120219978922005 	 4092.786759202488
0.6130219978922005 	 4236.457108544265
0.6140219978922005 	 4385.036627622434
0.6150219978922005 	 4538.6970619042595
0.6160219978922005 	 4697.616621621769
0.6170219978922005 	 4861.980248722357
0.6180219978922005 	 5031.979903950253
0.6190219978922005 	 5207.814859590509
0.6200219978922005 	 5389.692010108265
0.6210219978922005 	 5577.826196660152
0.6220219978922005 	 5772.44054715907
0.6230219978922005 	 5973.766832669564
0.6240219978922005 	 6182.045841027737
0.6250219978922005 	 6397.527768614789
0.6260219978922005 	 6620.472631273791
0.6270219978922005 	 6851.150695418476
0.6280219978922005 	 7089.842930446807
0.6290219978922005 	 7336.841483641166
0.6300219978922005 	 7592.450178807791
0.6310219978922005 	 7856.985039993128
0.6320219978922005 	 8130.774841673964
0.6330219978922005 	 8414.161686995429
0.6340219978922005 	 8707.501616319247
0.6350219978922005 	 9011.165243022391
0.6360219978922005 	 9325.538431434648
0.6370219978922005 	 9651.022997739798
0.6380219978922005 	 9988.037459614312
0.6390219978922005 	 10337.017816796833
0.6400219978922005 	 10698.418377102009
0.6410219978922005 	 11072.712625692353
0.6420219978922005 	 11460.394141146353
0.6430219978922005 	 11861.977561099275
0.6440219978922005 	 12277.999600495528
0.6450219978922005 	 12709.02012567818
0.6460219978922005 	 13155.623287769044
0.6470219978922005 	 13618.41871902735
0.6480219978922005 	 14098.04279614046
0.6490219978922005 	 14595.159974650516
0.6500219978922005 	 15110.464199108228
0.6510219978922005 	 15644.680394486591
0.6520219978922005 	 16198.566039132944
0.6530219978922005 	 16772.912837552863
0.6540219978922005 	 17368.548481756203
0.6550219978922005 	 17986.338520697464
0.6560219978922005 	 18627.188339276905
0.6570219978922005 	 19292.045255313606
0.6580219978922005 	 19981.90074237659
0.6590219978922005 	 20697.792787036084
0.6600219978922005 	 21440.808389727426
0.6610219978922005 	 22212.086219131437
0.6620219978922005 	 23012.819430738713
0.6630219978922005 	 23844.258661095682
0.6640219978922005 	 24707.715210143702
0.6650219978922005 	 25604.564425116874
0.6660219978922005 	 26536.249299870793
0.6670219978922005 	 27504.284306770896
0.6680219978922005 	 28510.25947600542
0.6690219978922005 	 29555.84474264951
0.6700219978922005 	 30642.794577191944
0.6710219978922005 	 31772.952929931176
0.6720219978922005 	 32948.25850044394
0.6730219978922005 	 34170.75036648632
0.6740219978922005 	 35442.57399587942
0.6750219978922005 	 36765.98767184938
0.6760219978922005 	 38143.369364579106
0.6770219978922005 	 39577.22408053977
0.6780219978922005 	 41070.19173710722
0.6790219978922005 	 42625.055591591365
0.6800219978922005 	 44244.75127966215
0.6810219978922005 	 45932.37650881085
0.6820219978922005 	 47691.201461729645
0.6830219978922005 	 49524.67996873961
0.6840219978922005 	 51436.46151401158
0.6850219978922005 	 53430.40414642822
0.6860219978922005 	 55510.58837278912
0.6870219978922005 	 57681.332119050465
0.6880219978922005 	 59947.20684929837
0.6890219978922005 	 62313.05495495272
0.6900219978922005 	 64784.00851393908
0.6910219978922005 	 67365.50955519172
0.6920219978922005 	 70063.33195494801
0.6930219978922005 	 72883.60513319136
0.6940219978922005 	 75832.8396947555
0.6950219978922005 	 78917.95521644664
0.6960219978922005 	 82146.31037721991
0.6970219978922005 	 85525.73565869869
0.6980219978922005 	 89064.56886654228
0.6990219978922005 	 92771.69375084917
0.7000219978922005 	 96656.5820347571
0.7010219978922005 	 100729.33919525756
0.7020219978922005 	 105000.75437948036
0.7030219978922005 	 109482.35488397801
0.7040219978922005 	 114186.46567449534
0.7050219978922005 	 119126.27448024473
0.7060219978922005 	 124315.90306069374
0.7070219978922005 	 129770.48531547865
0.7080219978922005 	 135506.25299050385
0.7090219978922006 	 141540.62982712482
0.7100219978922006 	 147892.3351082079
0.7110219978922006 	 154581.4976769176
0.7120219978922006 	 161629.78164361985
0.7130219978922006 	 169060.52515612217
0.7140219978922006 	 176898.8937918829
0.7150219978922006 	 185172.05034166411
0.7160219978922006 	 193909.3429970446
0.7170219978922006 	 203142.51423420483
0.7180219978922006 	 212905.93300927954
0.7190219978922006 	 223236.8532622885
0.7200219978922006 	 234175.70214986778
0.7210219978922006 	 245766.40194851052
0.7220219978922006 	 258056.73015249273
0.7230219978922006 	 271098.7229856086
0.7240219978922006 	 284949.1283556051
0.7250219978922006 	 299669.9152321763
0.7260219978922006 	 315328.84755021316
0.7270219978922006 	 332000.1320634364
0.7280219978922006 	 349765.1511401103
0.7290219978922006 	 368713.29335232655
0.7300219978922006 	 388942.8969243225
0.7310219978922006 	 410562.32374900364
0.7320219978922006 	 433691.1848484981
0.7330219978922006 	 458461.7419549829
0.7340219978922006 	 485020.5144857406
0.7350219978922006 	 513530.12671270093
0.7360219978922006 	 544171.4366799938
0.7370219978922006 	 577145.9966107331
0.7380219978922006 	 612678.9045816876
0.7390219978922006 	 651022.1195505874
0.7400219978922006 	 692458.3270035579
0.7410219978922006 	 737305.4612748459
0.7420219978922006 	 785922.0139521444
0.7430219978922006 	 838713.2869588052
0.7440219978922006 	 896138.7855240075
0.7450219978922006 	 958720.9924393677
0.7460219978922006 	 1027055.8235582882
0.7470219978922006 	 1101825.1391362536
0.7480219978922006 	 1183811.781291815
0.7490219978922006 	 1273917.731241688
0.7500219978922006 	 1373186.1400218506
0.7510219978922006 	 1482828.195393745
0.7520219978922006 	 1604256.0623374903
0.7530219978922006 	 1739123.4981539873
0.7540219978922006 	 1889376.2280429804
0.7550219978922006 	 2057314.8184690115
0.7560219978922006 	 2245673.6679171664
0.7570219978922006 	 2457720.9395804876
0.7580219978922006 	 2697385.9203809807
0.7590219978922006 	 2969422.598020199
0.7600219978922006 	 3279621.4850088395
0.7610219978922006 	 3635086.3046092372
0.7620219978922006 	 4044598.714470709
0.7630219978922006 	 4519103.723762644
0.7640219978922006 	 5072362.293798593
0.7650219978922006 	 5721837.993890509
0.7660219978922006 	 6489914.87578854
0.7670219978922006 	 7405589.073617374
0.7680219978922006 	 8506844.804541482
0.7690219978922006 	 9844027.841748742
0.7700219978922006 	 11484681.75377538
0.7710219978922006 	 13520531.970523544
0.7720219978922006 	 16077598.022327758
0.7730219978922006 	 19330739.880762015
0.7740219978922006 	 23524062.884590372
0.7750219978922006 	 28997673.91817846
0.7760219978922006 	 36216696.78268736
0.7770219978922006 	 45782986.553842
0.7780219978922006 	 58366546.88069346
0.7790219978922006 	 74396413.41469495
0.7800219978922006 	 93232356.97425185
0.7810219978922006 	 111781641.7640511
0.7820219978922006 	 124027696.53618464
0.7830219978922006 	 124406112.5179458
0.7840219978922006 	 113172489.93100967
0.7850219978922006 	 95961536.26045975
0.7860219978922006 	 78382015.5582681
0.7870219978922006 	 63233642.4081352
0.7880219978922006 	 51130907.16929237
0.7890219978922006 	 41742067.75031293
0.7900219978922006 	 34505186.709371075
0.7910219978922006 	 28900167.779068235
0.7920219978922006 	 24515526.582274232
0.7930219978922006 	 21043988.381168626
0.7940219978922006 	 18260701.75845455
0.7950219978922006 	 16001675.221217327
0.7960219978922006 	 14146719.375221
0.7970219978922006 	 12606961.979679653
0.7980219978922006 	 11315980.215721345
0.7990219978922006 	 10223561.413328703
0.8000219978922006 	 9291310.528856877
0.8010219978922006 	 8489539.8358728
0.8020219978922006 	 7795047.807430698
0.8030219978922006 	 7189517.360733703
0.8040219978922006 	 6658348.7249866035
0.8050219978922006 	 6189800.049392471
0.8060219978922006 	 5774348.043924582
0.8070219978922006 	 5404207.526329052
0.8080219978922006 	 5072966.883453577
0.8090219978922006 	 4775308.919807076
0.8100219978922006 	 4506795.207204053
0.8110219978922006 	 4263698.093967901
0.8120219978922006 	 4042868.799873153
0.8130219978922006 	 3841633.0641392306
0.8140219978922006 	 3657708.0006991248
0.8150219978922006 	 3489135.4016335453
0.8160219978922006 	 3334227.890798492
0.8170219978922006 	 3191525.18650491
0.8180219978922006 	 3059758.3694702513
0.8190219978922006 	 2937820.530033508
0.8200219978922006 	 2824742.5294224625
0.8210219978922007 	 2719672.8842613064
0.8220219978922007 	 2621860.9936194704
0.8230219978922007 	 2530643.089839994
0.8240219978922007 	 2445430.4199743564
0.8250219978922007 	 2365699.262633335
0.8260219978922007 	 2290982.4619478825
0.8270219978922007 	 2220862.220994971
0.8280219978922007 	 2154963.9451578967
0.8290219978922007 	 2092950.9642468034
0.8300219978922007 	 2034519.9929314447
0.8310219978922007 	 1979397.213767416
0.8320219978922007 	 1927334.8870893489
0.8330219978922007 	 1878108.4082771016
0.8340219978922007 	 1831513.7461358078
0.8350219978922007 	 1787365.206964718
0.8360219978922007 	 1745493.4777924535
0.8370219978922007 	 1705743.9095998819
0.8380219978922007 	 1667975.0074301271
0.8390219978922007 	 1632057.0993346923
0.8400219978922007 	 1597871.160312627
0.8410219978922007 	 1565307.7709183085
0.8420219978922007 	 1534266.1931645141
0.8430219978922007 	 1504653.5488300715
0.8440219978922007 	 1476384.0873761245
0.8450219978922007 	 1449378.5324474021
0.8460219978922007 	 1423563.4974385453
0.8470219978922007 	 1398870.9618847803
0.8480219978922007 	 1375237.8015272173
0.8490219978922007 	 1352605.365835486
0.8500219978922007 	 1330919.0975709264
0.8510219978922007 	 1310128.189658589
0.8520219978922007 	 1290185.2752293765
0.8530219978922007 	 1271046.1472029623
0.8540219978922007 	 1252669.5042236834
0.8550219978922007 	 1235016.720144114
0.8560219978922007 	 1218051.634583001
0.8570219978922007 	 1201740.3623732904
0.8580219978922007 	 1186051.1199678136
0.8590219978922007 	 1170954.067090269
0.8600219978922007 	 1156421.1621115573
0.8610219978922007 	 1142426.0298003438
0.8620219978922007 	 1128943.8402448727
0.8630219978922007 	 1115951.1978733204
0.8640219978922007 	 1103426.0396148756
0.8650219978922007 	 1091347.5413449572
0.8660219978922007 	 1079696.0318475775
0.8670219978922007 	 1068452.9136070807
0.8680219978922007 	 1057600.5898117542
0.8690219978922007 	 1047122.3970141642
0.8700219978922007 	 1037002.5429485199
0.8710219978922007 	 1027226.0490547984
0.8720219978922007 	 1017778.6973028242
0.8730219978922007 	 1008646.9809504136
0.8740219978922007 	 999818.0589019777
0.8750219978922007 	 991279.7133682749
0.8760219978922007 	 983020.3105542982
0.8770219978922007 	 975028.7641282281
0.8780219978922007 	 967294.5012468599
0.8790219978922007 	 959807.4309332869
0.8800219978922007 	 952557.9146209961
0.8810219978922007 	 945536.7386949427
0.8820219978922007 	 938735.0888751379
0.8830219978922007 	 932144.526301607
0.8840219978922007 	 925756.9651917814
0.8850219978922007 	 919564.6519522723
0.8860219978922007 	 913560.1456368982
0.8870219978922007 	 907736.2996518193
0.8880219978922007 	 902086.2446166996
0.8890219978922007 	 896603.372298223
0.8900219978922007 	 891281.3205389207
0.8910219978922007 	 886113.9591103112
0.8920219978922007 	 881095.376424873
0.8930219978922007 	 876219.8670462895
0.8940219978922007 	 871481.9199420207
0.8950219978922007 	 866876.2074260868
0.8960219978922007 	 862397.574744934
0.8970219978922007 	 858041.0302590881
0.8980219978922007 	 853801.7361823161
0.8990219978922007 	 849674.9998368523
0.9000219978922007 	 845656.2653893662
0.9010219978922007 	 841741.1060335885
0.9020219978922007 	 837925.2165877685
0.9030219978922007 	 834204.4064781561
0.9040219978922007 	 830574.5930714532
0.9050219978922007 	 827031.7953534691
0.9060219978922007 	 823572.1278957509
0.9070219978922007 	 820191.7951124208
0.9080219978922007 	 816887.0857729289
0.9090219978922007 	 813654.3677525395
0.9100219978922007 	 810490.0829988196
0.9110219978922007 	 807390.7426955026
0.9120219978922007 	 804352.9226039771
0.9130219978922007 	 801373.258565775
0.9140219978922007 	 798448.4421474338
0.9150219978922007 	 795575.2164117207
0.9160219978922007 	 792750.3717988472
0.9170219978922007 	 789970.7421023817
0.9180219978922007 	 787233.2005238016
0.9190219978922007 	 784534.6557916523
0.9200219978922007 	 781872.0483300714
0.9210219978922007 	 779242.3464625982
0.9220219978922007 	 776642.5426369959
0.9230219978922007 	 774069.6496567721
0.9240219978922007 	 771520.6969059046
0.9250219978922007 	 768992.7265519591
0.9260219978922007 	 766482.7897139188
0.9270219978922007 	 763987.9425803325
0.9280219978922007 	 761505.2424631532
0.9290219978922007 	 759031.7437717922
0.9300219978922007 	 756564.4938940501
0.9310219978922007 	 754100.5289642283
0.9320219978922007 	 751636.8695073467
0.9330219978922007 	 749170.5159371742
0.9340219978922008 	 746698.4438933445
0.9350219978922008 	 744217.5993973791
0.9360219978922008 	 741724.8938079771
0.9370219978922008 	 739217.198553701
0.9380219978922008 	 736691.3396216705
0.9390219978922008 	 734144.0917764062
0.9400219978922008 	 731572.1724839602
0.9410219978922008 	 728972.2355128473
0.9420219978922008 	 726340.8641816446
0.9430219978922008 	 723674.5642206369
0.9440219978922008 	 720969.7562114589
0.9450219978922008 	 718222.7675674199
0.9460219978922008 	 715429.8240117339
0.9470219978922008 	 712587.0405049161
0.9480219978922008 	 709690.4115590812
0.9490219978922008 	 706735.8010886427
0.9500219978922008 	 703718.9308208389
0.9510219978922008 	 700635.3694450774
0.9520219978922008 	 697480.5189992883
0.9530219978922008 	 694249.6018136229
0.9540219978922008 	 690937.6457520745
0.9550219978922008 	 687539.4684914818
0.9560219978922008 	 684049.6606424962
0.9570219978922008 	 680462.5673779523
0.9580219978922008 	 676772.2687535064
0.9590219978922008 	 672972.5583310524
0.9600219978922008 	 669056.9201115575
0.9610219978922008 	 665018.5033658539
0.9620219978922008 	 660850.0955483427
0.9630219978922008 	 656544.0926918812
0.9640219978922008 	 652092.4672834062
0.9650219978922008 	 647486.7332737766
0.9660219978922008 	 642717.9079443432
0.9670219978922008 	 637776.4703049732
0.9680219978922008 	 632652.315665759
0.9690219978922008 	 627334.7059883741
0.9700219978922008 	 621812.2155778592
0.9710219978922008 	 616072.6716360747
0.9720219978922008 	 610103.0891463708
0.9730219978922008 	 603889.5995143779
0.9740219978922008 	 597417.3723343689
0.9750219978922008 	 590670.5295961219
0.9760219978922008 	 583632.0516142013
0.9770219978922008 	 576283.6740957033
0.9780219978922008 	 568605.7739953102
0.9790219978922008 	 560577.24923719
0.9800219978922008 	 552175.3785363934
0.9810219978922008 	 543375.6786439712
0.9820219978922008 	 534151.7424471793
0.9830219978922008 	 524475.0665997616
0.9840219978922008 	 514314.8659482512
0.9850219978922008 	 503637.8761098543
0.9860219978922008 	 492408.14612002135
0.9870219978922008 	 480586.8247445691
0.9880219978922008 	 468131.946449104
0.9890219978922008 	 454998.2266366406
0.9900219978922008 	 441136.8811028269
0.9910219978922008 	 426495.4925937578
0.9920219978922008 	 411017.9591553507
0.9930219978922008 	 394644.5765550419
0.9940219978922008 	 377312.33364232513
0.9950219978922008 	 358955.53927633853
0.9960219978922008 	 339506.96081994975
0.9970219978922008 	 318899.7478583913
0.9980219978922008 	 297070.5612751444
0.9990219978922008 	 273964.5584831371
1.0000219978922007 	 249543.25403630506
1.0010219978922006 	 223796.87458948756
1.0020219978922005 	 196763.81722388946
1.0030219978922004 	 168561.48690626185
1.0040219978922003 	 139435.66854788546
1.0050219978922001 	 109840.65296171702
1.0060219978922 	 80571.5310502685
1.0070219978922 	 52987.22325110851
1.0080219978921998 	 29395.9312330257
1.0090219978921997 	 13741.036827004857
1.0100219978921996 	 12864.047982292246
1.0110219978921995 	 38923.94094007766
1.0120219978921994 	 114248.59779913051
1.0130219978921993 	 281576.31823011715
1.0140219978921992 	 626921.8189763079
1.015021997892199 	 1333328.3308128675
1.016021997892199 	 2809894.051819723
1.0170219978921988 	 5961855.4230429195
1.0180219978921987 	 12253216.656372614
1.0190219978921986 	 20426609.867931064
1.0200219978921985 	 22175465.041683763
1.0210219978921984 	 17495566.732176695
1.0220219978921983 	 12857190.740471305
1.0230219978921982 	 9721265.950869428
1.024021997892198 	 7693468.219452502
1.025021997892198 	 6341393.253174088
1.0260219978921978 	 5400786.703921107
1.0270219978921977 	 4719585.37720069
1.0280219978921976 	 4208874.820070392
1.0290219978921975 	 3814632.6313756187
1.0300219978921974 	 3502732.9346258496
1.0310219978921973 	 3250806.2208754374
1.0320219978921972 	 3043699.3486784766
1.033021997892197 	 2870843.823204956
1.034021997892197 	 2724677.2082067095
1.0350219978921968 	 2599664.169884942
1.0360219978921967 	 2491671.115058577
1.0370219978921966 	 2397555.7371018874
1.0380219978921965 	 2314890.9863087274
1.0390219978921964 	 2241775.3122213804
1.0400219978921963 	 2176699.5953514925
1.0410219978921962 	 2118452.134362537
1.042021997892196 	 2066049.6833482888
1.043021997892196 	 2018686.6418161786
1.0440219978921959 	 1975697.1024395963
1.0450219978921957 	 1936526.1437380002
1.0460219978921956 	 1900707.8626228094
1.0470219978921955 	 1867848.382736439
1.0480219978921954 	 1837612.5820019594
1.0490219978921953 	 1809713.6278861517
1.0500219978921952 	 1783904.6562402183
1.051021997892195 	 1759972.1014061656
1.052021997892195 	 1737730.310009174
1.0530219978921949 	 1717017.1599690882
1.0540219978921948 	 1697690.4752045672
1.0550219978921946 	 1679625.0717705542
1.0560219978921945 	 1662710.3109948835
1.0570219978921944 	 1646848.0611095114
1.0580219978921943 	 1631950.9904203631
1.0590219978921942 	 1617941.1310585046
1.060021997892194 	 1604748.6647948003
1.061021997892194 	 1592310.8920466765
1.0620219978921939 	 1580571.3527721982
1.0630219978921938 	 1569479.0738647755
1.0640219978921936 	 1558987.9224266491
1.0650219978921935 	 1549056.047986439
1.0660219978921934 	 1539645.3997782664
1.0670219978921933 	 1530721.3075975608
1.0680219978921932 	 1522252.1167177192
1.069021997892193 	 1514208.868923843
1.070021997892193 	 1506565.0230390318
1.0710219978921929 	 1499296.2093712476
1.0720219978921928 	 1492380.0133885876
1.0730219978921927 	 1485795.7846574844
1.0740219978921925 	 1479524.4676783604
1.0750219978921924 	 1473548.4517535928
1.0760219978921923 	 1467851.437445144
1.0770219978921922 	 1462418.3175293312
1.078021997892192 	 1457235.070642389
1.079021997892192 	 1452288.6660853382
1.0800219978921919 	 1447566.9784338085
1.0810219978921918 	 1443058.7108096085
1.0820219978921917 	 1438753.3257990764
1.0830219978921916 	 1434640.983153789
1.0840219978921914 	 1430712.4835082644
1.0850219978921913 	 1426959.2174451204
1.0860219978921912 	 1423373.1193327059
1.0870219978921911 	 1419946.6254188
1.088021997892191 	 1416672.6357288172
1.089021997892191 	 1413544.4793755228
1.0900219978921908 	 1410555.88292992
1.0910219978921907 	 1407700.94153914
1.0920219978921906 	 1404974.0925244538
1.0930219978921905 	 1402370.0912074354
1.0940219978921903 	 1399883.9887553633
1.0950219978921902 	 1397511.1118400753
1.0960219978921901 	 1395247.0439818895
1.09702199789219 	 1393087.6082494676
1.09802199789219 	 1391028.8518537933
1.0990219978921898 	 1389067.0299708068
1.1000219978921897 	 1387198.59817817
1.1010219978921896 	 1385420.1779533385
1.1020219978921895 	 1383727.8750469391
1.1030219978921894 	 1382118.940175627
1.1040219978921892 	 1380590.9457022003
1.1050219978921891 	 1379141.4640124436
1.106021997892189 	 1377768.0675148778
1.107021997892189 	 1376468.3286405115
1.1080219978921888 	 1375239.8198426012
1.1090219978921887 	 1374080.1135964051
1.1100219978921886 	 1372986.7823989475
1.1110219978921885 	 1371957.3987704313
1.1120219978921884 	 1370989.7007263242
1.1130219978921883 	 1370082.0459489531
1.1140219978921881 	 1369232.9371515315
1.115021997892188 	 1368440.877061334
1.116021997892188 	 1367704.368419545
1.1170219978921878 	 1367021.9139811131
1.1180219978921877 	 1366392.0165146007
1.1190219978921876 	 1365813.1788020409
1.1200219978921875 	 1365283.9036387948
1.1210219978921874 	 1364802.6938342988
1.1220219978921873 	 1364368.1418644155
1.1230219978921872 	 1363979.175940493
1.124021997892187 	 1363634.8028528725
1.125021997892187 	 1363334.029401135
1.1260219978921868 	 1363075.8623940016
1.1270219978921867 	 1362859.3086492382
1.1280219978921866 	 1362683.374993562
1.1290219978921865 	 1362547.0682625454
1.1300219978921864 	 1362449.395300525
1.1310219978921863 	 1362389.3629610753
1.1320219978921862 	 1362366.0348805336
1.133021997892186 	 1362378.6873045112
1.134021997892186 	 1362426.6462402067
1.1350219978921858 	 1362509.237701075
1.1360219978921857 	 1362625.7877067653
1.1370219978921856 	 1362775.622283058
1.1380219978921855 	 1362958.0674617984
1.1390219978921854 	 1363172.4492808357
1.1400219978921853 	 1363418.0937839625
1.1410219978921852 	 1363694.327021204
1.142021997892185 	 1364000.5104379395
1.143021997892185 	 1364336.1380075822
1.1440219978921848 	 1364700.7347223712
1.1450219978921847 	 1365093.8255789645
1.1460219978921846 	 1365514.9355783896
1.1470219978921845 	 1365963.589726002
1.1480219978921844 	 1366439.3130314397
1.1490219978921843 	 1366941.6305085819
1.1500219978921842 	 1367470.067175504
1.151021997892184 	 1368024.1480546633
1.152021997892184 	 1368603.4210971962
1.1530219978921838 	 1369207.5201033463
1.1540219978921837 	 1369836.0989670458
1.1550219978921836 	 1370488.8115854517
1.1560219978921835 	 1371165.3118589201
1.1570219978921834 	 1371865.253690972
1.1580219978921833 	 1372588.290988259
1.1590219978921832 	 1373334.0776605355
1.160021997892183 	 1374102.2676206278
1.161021997892183 	 1374892.5147845459
1.1620219978921829 	 1375704.487698395
1.1630219978921827 	 1376537.9096849256
1.1640219978921826 	 1377392.5168881223
1.1650219978921825 	 1378268.0454544227
1.1660219978921824 	 1379164.2315326978
1.1670219978921823 	 1380080.8112742298
1.1680219978921822 	 1381017.520832683
1.169021997892182 	 1381974.0963640842
1.170021997892182 	 1382950.2740267995
1.1710219978921819 	 1383945.7899815987
1.1720219978921818 	 1384960.3892916164
1.1730219978921816 	 1385993.8503501331
1.1740219978921815 	 1387045.9593521692
1.1750219978921814 	 1388116.5024946972
1.1760219978921813 	 1389205.265976629
1.1770219978921812 	 1390312.035998793
1.178021997892181 	 1391436.5987639173
1.179021997892181 	 1392578.7404766125
1.1800219978921809 	 1393738.2473433476
1.1810219978921808 	 1394914.9055724866
1.1820219978921807 	 1396108.5059374894
1.1830219978921805 	 1397318.8563015927
1.1840219978921804 	 1398545.7685288084
1.1850219978921803 	 1399789.0544847895
1.1860219978921802 	 1401048.526036816
1.18702199789218 	 1402323.995053776
1.18802199789218 	 1403615.2734061524
1.1890219978921799 	 1404922.17296601
1.1900219978921798 	 1406244.5056069747
1.1910219978921797 	 1407582.0832042324
1.1920219978921796 	 1408934.7186116364
1.1930219978921794 	 1410302.228343603
1.1940219978921793 	 1411684.4297723551
1.1950219978921792 	 1413081.1402715805
1.1960219978921791 	 1414492.1772164146
1.197021997892179 	 1415917.3579834301
1.198021997892179 	 1417356.49995062
1.1990219978921788 	 1418809.4204973853
1.2000219978921787 	 1420275.9370045231
1.2010219978921786 	 1421755.8668541864
1.2020219978921785 	 1423249.0251435004
1.2030219978921783 	 1424755.2184091136
1.2040219978921782 	 1426274.251185349
1.2050219978921781 	 1427805.928007917
1.206021997892178 	 1429350.0534139078
1.207021997892178 	 1430906.4319417728
1.2080219978921778 	 1432474.8681313156
1.2090219978921777 	 1434055.1665236778
1.2100219978921776 	 1435647.131661324
1.2110219978921775 	 1437250.5680879788
1.2120219978921773 	 1438865.2748440662
1.2130219978921772 	 1440491.0303583662
1.2140219978921771 	 1442127.6082370083
1.215021997892177 	 1443774.7820875277
1.216021997892177 	 1445432.325518848
1.2170219978921768 	 1447100.0121412694
1.2180219978921767 	 1448777.6155664588
1.2190219978921766 	 1450464.9094074299
1.2200219978921765 	 1452161.6672785343
1.2210219978921764 	 1453867.6627953602
1.2220219978921762 	 1455582.660721933
1.2230219978921761 	 1457306.3926724202
1.224021997892176 	 1459038.5825040995
1.225021997892176 	 1460778.9540757402
1.2260219978921758 	 1462527.231247591
1.2270219978921757 	 1464283.1378813607
1.2280219978921756 	 1466046.3978402072
1.2290219978921755 	 1467816.7349887246
1.2300219978921754 	 1469593.8731929238
1.2310219978921753 	 1471377.5363201022
1.2320219978921751 	 1473167.4358371834
1.233021997892175 	 1474963.2367718609
1.234021997892175 	 1476764.5932849532
1.2350219978921748 	 1478571.1595389224
1.2360219978921747 	 1480382.5896978632
1.2370219978921746 	 1482198.5379274813
1.2380219978921745 	 1484018.658395081
1.2390219978921744 	 1485842.605269547
1.2400219978921743 	 1487670.0327213318
1.2410219978921742 	 1489500.594922275
1.242021997892174 	 1491333.9299391282
1.243021997892174 	 1493169.615526029
1.2440219978921738 	 1495007.2153236212
1.2450219978921737 	 1496846.292974408
1.2460219978921736 	 1498686.4121227278
1.2470219978921735 	 1500527.1364147407
1.2480219978921734 	 1502368.0294984044
1.2490219978921733 	 1504208.6550234645
1.2500219978921732 	 1506048.576641429
1.251021997892173 	 1507887.3580053598
1.252021997892173 	 1509724.5430501709
1.2530219978921728 	 1511559.6018678863
1.2540219978921727 	 1513391.9872707524
1.2550219978921726 	 1515221.152073124
1.2560219978921725 	 1517046.5490914446
1.2570219978921724 	 1518867.6311442275
1.2580219978921723 	 1520683.8510520326
1.2590219978921722 	 1522494.6616374466
1.260021997892172 	 1524299.5157250634
1.261021997892172 	 1526097.8661412355
1.2620219978921718 	 1527889.142962836
1.2630219978921717 	 1529672.6910717995
1.2640219978921716 	 1531447.8354137857
1.2650219978921715 	 1533213.900936839
1.2660219978921714 	 1534970.2125913633
1.2670219978921713 	 1536716.0953301042
1.2680219978921712 	 1538450.8741081187
1.269021997892171 	 1540173.8738827575
1.270021997892171 	 1541884.4196136405
1.2710219978921709 	 1543581.8362623882
1.2720219978921707 	 1545265.4244625515
1.2730219978921706 	 1546934.3937407348
1.2740219978921705 	 1548587.932303874
1.2750219978921704 	 1550225.2283615542
1.2760219978921703 	 1551845.4701259818
1.2770219978921702 	 1553447.8458119582
1.27802199789217 	 1555031.543636853
1.27902199789217 	 1556595.7518205792
1.2800219978921699 	 1558139.6585855687
1.2810219978921698 	 1559662.452156512
1.2820219978921696 	 1561163.2976000991
1.2830219978921695 	 1562641.2732569126
1.2840219978921694 	 1564095.437173268
1.2850219978921693 	 1565524.8473983228
1.2860219978921692 	 1566928.5619840485
1.287021997892169 	 1568305.638985203
1.288021997892169 	 1569655.136459304
1.2890219978921689 	 1570976.1124665951
1.2900219978921688 	 1572267.6250700273
1.2910219978921686 	 1573528.7323350518
1.2920219978921685 	 1574758.474795452
1.2930219978921684 	 1575955.827327247
1.2940219978921683 	 1577119.7494428346
1.2950219978921682 	 1578249.200657511
1.296021997892168 	 1579343.1404894392
1.297021997892168 	 1580400.5284596225
1.2980219978921679 	 1581420.324091873
1.2990219978921678 	 1582401.486912786
1.3000219978921677 	 1583342.9764517113
1.3010219978921675 	 1584243.7522406678
1.3020219978921674 	 1585102.7682302166
1.3030219978921673 	 1585918.9574626996
1.3040219978921672 	 1586691.248089416
1.305021997892167 	 1587418.568264384
1.306021997892167 	 1588099.8461443123
1.3070219978921669 	 1588734.009888575
1.3080219978921668 	 1589319.9876591815
1.3090219978921667 	 1589856.707620753
1.3100219978921666 	 1590343.0979404931
1.3110219978921664 	 1590778.0867883083
1.3120219978921663 	 1591160.6164440888
1.3130219978921662 	 1591489.6820181536
1.3140219978921661 	 1591764.2909864031
1.315021997892166 	 1591983.4508269508
1.316021997892166 	 1592146.1690201014
1.3170219978921658 	 1592251.453048325
1.3180219978921657 	 1592298.3103962373
1.3190219978921656 	 1592285.7485505813
1.3200219978921655 	 1592212.775000196
1.3210219978921653 	 1592078.3972364184
1.3220219978921652 	 1591881.6642304666
1.3230219978921651 	 1591621.780276788
1.324021997892165 	 1591297.9860210586
1.325021997892165 	 1590909.5221102599
1.3260219978921648 	 1590455.62919267
1.3270219978921647 	 1589935.5479178426
1.3280219978921646 	 1589348.5189365977
1.3290219978921645 	 1588693.782901007
1.3300219978921644 	 1587970.58046438
1.3310219978921642 	 1587178.152281988
1.3320219978921641 	 1586315.8127574818
1.333021997892164 	 1585383.152455314
1.334021997892164 	 1584379.8265697125
1.3350219978921638 	 1583305.490294896
1.3360219978921637 	 1582159.798825076
1.3370219978921636 	 1580942.407354454
1.3380219978921635 	 1579652.971077219
1.3390219978921634 	 1578291.1451875444
1.3400219978921633 	 1576856.5848795916
1.3410219978921631 	 1575348.945348547
1.342021997892163 	 1573767.9864194626
1.343021997892163 	 1572113.8597228813
1.3440219978921628 	 1570386.808582146
1.3450219978921627 	 1568587.0763189644
1.3460219978921626 	 1566714.906253423
1.3470219978921625 	 1564770.5417039997
1.3480219978921624 	 1562754.2259875783
1.3490219978921623 	 1560666.202419463
1.3500219978921622 	 1558506.7143133886
1.351021997892162 	 1556276.004982783
1.352021997892162 	 1553974.4427477045
1.3530219978921618 	 1551602.8640424223
1.3540219978921617 	 1549162.2148511733
1.3550219978921616 	 1546653.4411548348
1.3560219978921615 	 1544077.4889309523
1.3570219978921614 	 1541435.3041537723
1.3580219978921613 	 1538727.8327942712
1.3590219978921612 	 1535956.0208201788
1.360021997892161 	 1533120.8141960169
1.361021997892161 	 1530223.1588843714
1.3620219978921608 	 1527264.126615141
1.3630219978921607 	 1524245.2600853955
1.3640219978921606 	 1521168.2122086883
1.3650219978921605 	 1518034.6358936985
1.3660219978921604 	 1514846.1840442775
1.3670219978921603 	 1511604.5095594889
1.3680219978921602 	 1508311.2653336537
1.36902199789216 	 1504968.1042563922
1.37002199789216 	 1501576.6792126661
1.3710219978921598 	 1498138.6430838413
1.3720219978921597 	 1494655.750918068
1.3730219978921596 	 1491130.1403581547
1.3740219978921595 	 1487564.038580857
1.3750219978921594 	 1483959.672757066
1.3760219978921593 	 1480319.2700518665
1.3770219978921592 	 1476645.0576245864
1.378021997892159 	 1472939.2626288503
1.379021997892159 	 1469204.1122126307
1.3800219978921588 	 1465441.8335182974
1.3810219978921587 	 1461654.653683244
1.3820219978921586 	 1457844.857185849
1.3830219978921585 	 1454014.9432433683
1.3840219978921584 	 1450167.4613235923
1.3850219978921583 	 1446304.9608882014
1.3860219978921582 	 1442429.991392813
1.387021997892158 	 1438545.1022870408
1.388021997892158 	 1434652.8430145513
1.3890219978921579 	 1430755.7630131145
1.3900219978921577 	 1426856.4117146581
1.3910219978921576 	 1422957.338545345
1.3920219978921575 	 1419061.095132778
1.3930219978921574 	 1415170.2413640525
1.3940219978921573 	 1411287.3390549072
1.3950219978921572 	 1407414.9500154697
1.396021997892157 	 1403555.6360503116
1.397021997892157 	 1399711.9589584977
1.3980219978921569 	 1395886.480533634
1.3990219978921568 	 1392081.7625639215
1.4000219978921566 	 1388300.3668322023
1.4010219978921565 	 1384544.8551155229
1.4020219978921564 	 1380817.740253562
1.4030219978921563 	 1377121.3518456134
1.4040219978921562 	 1373457.976603818
1.405021997892156 	 1369829.9012358072
1.406021997892156 	 1366239.4124447415
1.4070219978921559 	 1362688.7969293538
1.4080219978921558 	 1359180.3413839852
1.4090219978921557 	 1355716.3324986335
1.4100219978921555 	 1352299.0569589862
1.4110219978921554 	 1348930.8014456218
1.4120219978921553 	 1345613.7681573825
1.4130219978921552 	 1342349.8429475345
1.414021997892155 	 1339140.8376327115
1.415021997892155 	 1335988.5640264482
1.4160219978921549 	 1332894.8339392021
1.4170219978921548 	 1329861.4591783874
1.4180219978921547 	 1326890.2515483988
1.4190219978921546 	 1323983.0228506443
1.4200219978921544 	 1321141.5848835693
1.4210219978921543 	 1318367.7494416933
1.4220219978921542 	 1315663.2286487834
1.4230219978921541 	 1313029.3614013223
1.424021997892154 	 1310467.3992482617
1.425021997892154 	 1307978.5937368777
1.4260219978921538 	 1305564.1964127899
1.4270219978921537 	 1303225.4588199726
1.4280219978921536 	 1300963.6325007773
1.4290219978921535 	 1298779.968995943
1.4300219978921533 	 1296675.7198446158
1.4310219978921532 	 1294652.1365833997
1.4320219978921531 	 1292710.3740052464
1.433021997892153 	 1290851.224633171
1.434021997892153 	 1289075.3962079512
1.4350219978921528 	 1287383.5964699246
1.4360219978921527 	 1285776.5331589973
1.4370219978921526 	 1284254.9140146438
1.4380219978921525 	 1282819.446775919
1.4390219978921523 	 1281470.839181458
1.4400219978921522 	 1280209.7989694863
1.4410219978921521 	 1279037.0338770018
1.442021997892152 	 1277953.1695068278
1.443021997892152 	 1276958.5238964811
1.4440219978921518 	 1276053.3431044666
1.4450219978921517 	 1275237.8731897874
1.4460219978921516 	 1274512.3602119412
1.4470219978921515 	 1273877.0502309178
1.4480219978921514 	 1273332.1893071968
1.4490219978921512 	 1272878.023501748
1.4500219978921511 	 1272514.7988760234
1.451021997892151 	 1272242.76149133
1.452021997892151 	 1272062.0943569597
1.4530219978921508 	 1271972.7443711013
1.4540219978921507 	 1271974.6031758138
1.4550219978921506 	 1272067.5624142855
1.4560219978921505 	 1272251.5137308221
1.4570219978921504 	 1272526.3487708443
1.4580219978921503 	 1272891.9591808731
1.4590219978921501 	 1273348.2366085283
1.46002199789215 	 1273895.0727025147
1.46102199789215 	 1274532.3591121696
1.4620219978921498 	 1275259.9422882276
1.4630219978921497 	 1276077.4994240517
1.4640219978921496 	 1276984.6681029198
1.4650219978921495 	 1277981.0859096139
1.4660219978921494 	 1279066.3904304062
1.4670219978921493 	 1280240.2192530518
1.4680219978921492 	 1281502.209966773
1.469021997892149 	 1282852.000162252
1.470021997892149 	 1284289.227431619
1.4710219978921488 	 1285813.5293681195
1.4720219978921487 	 1287424.5115446742
1.4730219978921486 	 1289121.6596243107
1.4740219978921485 	 1290904.431208901
1.4750219978921484 	 1292772.2839020186
1.4760219978921483 	 1294724.6753089281
1.4770219978921482 	 1296761.0630365745
1.478021997892148 	 1298880.9046935658
1.479021997892148 	 1301083.6578901624
1.4800219978921478 	 1303368.780238263
1.4810219978921477 	 1305735.729351146
1.4820219978921476 	 1308183.937834707
1.4830219978921475 	 1310712.7446456887
1.4840219978921474 	 1313321.4668255476
1.4850219978921473 	 1316009.4214175534
1.4860219978921472 	 1318775.925466772
1.487021997892147 	 1321620.296020052
1.488021997892147 	 1324541.8501260132
1.4890219978921468 	 1327539.9048350279
1.4900219978921467 	 1330613.7771992134
1.4910219978921466 	 1333762.7842721688
1.4920219978921465 	 1336986.2187430796
1.4930219978921464 	 1340283.2820593934
1.4940219978921463 	 1343653.1543167448
1.4950219978921462 	 1347095.015612664
1.496021997892146 	 1350608.0460465623
1.497021997892146 	 1354191.425719715
1.4980219978921459 	 1357844.3347352506
1.4990219978921457 	 1361565.9531981323
1.5000219978921456 	 1365355.4612151452
1.5010219978921455 	 1369212.038894589
1.5020219978921454 	 1373134.8367507039
1.5030219978921453 	 1377122.8944724293
1.5040219978921452 	 1381175.225813844
1.505021997892145 	 1385290.8445310388
1.506021997892145 	 1389468.7643820955
1.5070219978921449 	 1393707.9991270793
1.5080219978921447 	 1398007.5625280133
1.5090219978921446 	 1402366.4683488728
1.5100219978921445 	 1406783.730355561
1.5110219978921444 	 1411258.362315503
1.5120219978921443 	 1415789.3382058206
1.5130219978921442 	 1420375.4829963287
1.514021997892144 	 1425015.5867863968
1.515021997892144 	 1429708.439677589
1.5160219978921439 	 1434452.8317736443
1.5170219978921438 	 1439247.5531804615
1.5180219978921436 	 1444091.3940060805
1.5190219978921435 	 1448983.1443606636
1.5200219978921434 	 1453921.5943564826
1.5210219978921433 	 1458905.534107363
1.5220219978921432 	 1463933.700111259
1.523021997892143 	 1469004.6280859536
1.524021997892143 	 1474116.806762608
1.5250219978921429 	 1479268.7248748438
1.5260219978921428 	 1484458.8711587323
1.5270219978921427 	 1489685.734352764
1.5280219978921425 	 1494947.803197836
1.5290219978921424 	 1500243.5664372297
1.5300219978921423 	 1505571.5128165944
1.5310219978921422 	 1510930.1310832354
1.532021997892142 	 1516317.840988911
1.533021997892142 	 1521732.80391248
1.5340219978921419 	 1527173.1207680432
1.5350219978921418 	 1532636.8924725219
1.5360219978921417 	 1538122.2199456347
1.5370219978921416 	 1543627.2041098718
1.5380219978921414 	 1549149.9458904795
1.5390219978921413 	 1554688.546215429
1.5400219978921412 	 1560241.106015401
1.5410219978921411 	 1565805.726222937
1.542021997892141 	 1571380.4251174724
1.543021997892141 	 1576962.9114613864
1.5440219978921408 	 1582550.8215833665
1.5450219978921407 	 1588141.7918153352
1.5460219978921406 	 1593733.4584924218
1.5470219978921405 	 1599323.4579529392
1.5480219978921403 	 1604909.426538355
1.5490219978921402 	 1610489.0005932664
1.5500219978921401 	 1616059.8164653794
1.55102199789214 	 1621619.5105045815
1.55202199789214 	 1627165.629394025
1.5530219978921398 	 1632695.3840348881
1.5540219978921397 	 1638205.9067482036
1.5550219978921396 	 1643694.3298586544
1.5560219978921395 	 1649157.78569454
1.5570219978921394 	 1654593.4065877483
1.5580219978921392 	 1659998.3248737268
1.5590219978921391 	 1665369.6728914538
1.560021997892139 	 1670704.5829834086
1.561021997892139 	 1676000.187494712
1.5620219978921388 	 1681253.5353136433
1.5630219978921387 	 1686461.3627995285
1.5640219978921386 	 1691620.3331736892
1.5650219978921385 	 1696727.109661406
1.5660219978921384 	 1701778.3554918908
1.5670219978921383 	 1706770.733898254
1.5680219978921381 	 1711700.908117473
1.569021997892138 	 1716565.5413903592
1.570021997892138 	 1721361.2969615257
1.5710219978921378 	 1726084.8380787955
1.5720219978921377 	 1730732.7712338422
1.5730219978921376 	 1735301.4903742198
1.5740219978921375 	 1739787.33970896
1.5750219978921374 	 1744186.66345114
1.5760219978921373 	 1748495.8058178534
1.5770219978921372 	 1752711.1110301705
1.578021997892137 	 1756828.9233131143
1.579021997892137 	 1760845.5868956228
1.5800219978921368 	 1764757.4460105163
1.5810219978921367 	 1768560.8448944283
1.5820219978921366 	 1772252.1236501047
1.5830219978921365 	 1775827.6068896803
1.5840219978921364 	 1779283.6156029196
1.5850219978921363 	 1782616.47078334
1.5860219978921362 	 1785822.4934281877
1.587021997892136 	 1788898.0045384006
1.588021997892136 	 1791839.3251185808
1.5890219978921358 	 1794642.776176966
1.5900219978921357 	 1797304.6787253965
1.5910219978921356 	 1799821.3537800258
1.5920219978921355 	 1802189.1963279683
1.5930219978921354 	 1804404.8783444522
1.5940219978921353 	 1806465.136630444
1.5950219978921352 	 1808366.7079898876
1.596021997892135 	 1810106.329229674
1.597021997892135 	 1811680.7371596193
1.5980219978921348 	 1813086.6685924395
1.5990219978921347 	 1814320.860343728
1.6000219978921346 	 1815380.0492319285
1.6010219978921345 	 1816260.9720799825
1.6020219978921344 	 1816960.53286659
1.6030219978921343 	 1817476.2615082278
1.6040219978921342 	 1817805.8344107084
1.605021997892134 	 1817946.9279815187
1.606021997892134 	 1817897.2186298058
1.6070219978921338 	 1817654.3827663632
1.6080219978921337 	 1817216.0968036104
1.6090219978921336 	 1816580.0371555889
1.6100219978921335 	 1815743.880237939
1.6110219978921334 	 1814705.302470426
1.6120219978921333 	 1813462.2342729426
1.6130219978921332 	 1812013.5572112992
1.614021997892133 	 1810358.3754477017
1.615021997892133 	 1808495.7931443274
1.6160219978921329 	 1806424.9144633207
1.6170219978921327 	 1804144.8435667967
1.6180219978921326 	 1801654.684616836
1.6190219978921325 	 1798953.5417754848
1.6200219978921324 	 1796040.519204752
1.6210219978921323 	 1792914.7210696756
1.6220219978921322 	 1789575.5587734834
1.623021997892132 	 1786023.5942294924
1.624021997892132 	 1782259.658603146
1.6250219978921319 	 1778284.583058009
1.6260219978921318 	 1774099.1987557884
1.6270219978921316 	 1769704.336856337
1.6280219978921315 	 1765100.8285176759
1.6290219978921314 	 1760289.504895999
1.6300219978921313 	 1755271.1971456907
1.6310219978921312 	 1750046.7364223788
1.632021997892131 	 1744617.2589389978
1.633021997892131 	 1738985.0432566728
1.6340219978921309 	 1733152.6352772696
1.6350219978921308 	 1727122.5808991394
1.6360219978921307 	 1720897.4260171459
1.6370219978921305 	 1714479.716522688
1.6380219978921304 	 1707871.9983037272
1.6390219978921303 	 1701076.817244812
1.6400219978921302 	 1694096.7192271024
1.64102199789213 	 1686934.250130818
1.64202199789213 	 1679592.1987372981
1.6430219978921299 	 1672074.2634250645
1.6440219978921298 	 1664384.3554418702
1.6450219978921297 	 1656526.3860308365
1.6460219978921296 	 1648504.266430491
1.6470219978921294 	 1640321.9078748003
1.6480219978921293 	 1631983.2215932028
1.6490219978921292 	 1623492.1188106453
1.650021997892129 	 1614852.5107476122
1.651021997892129 	 1606068.3086215323
1.652021997892129 	 1597143.5611687535
1.6530219978921288 	 1588082.8321026526
1.6540219978921287 	 1578890.8056526612
1.6550219978921286 	 1569572.166043168
1.6560219978921285 	 1560131.59749355
1.6570219978921283 	 1550573.784218214
1.6580219978921282 	 1540903.410426633
1.6590219978921281 	 1531125.160323382
1.660021997892128 	 1521243.7181081735
1.661021997892128 	 1511263.7679760924
1.6620219978921278 	 1501190.0136193205
1.6630219978921277 	 1491027.2317537009
1.6640219978921276 	 1480780.2161811036
1.6650219978921275 	 1470453.7606986107
1.6660219978921273 	 1460052.6590985556
1.6670219978921272 	 1449581.7051685564
1.6680219978921271 	 1439045.6926915522
1.669021997892127 	 1428449.4154458374
1.670021997892127 	 1417797.6672050967
1.6710219978921268 	 1407095.2417376349
1.6720219978921267 	 1396346.8519026933
1.6730219978921266 	 1385556.9075931208
1.6740219978921265 	 1374729.7477955169
1.6750219978921264 	 1363869.7114924542
1.6760219978921262 	 1352981.137662511
1.6770219978921261 	 1342068.365280302
1.678021997892126 	 1331135.7333165025
1.679021997892126 	 1320187.5807378856
1.6800219978921258 	 1309228.2465073462
1.6810219978921257 	 1298262.0695824805
1.6820219978921256 	 1287293.2435387208
1.6830219978921255 	 1276325.4175516686
1.6840219978921254 	 1265362.1133888487
1.6850219978921253 	 1254406.8528147773
1.6860219978921251 	 1243463.1575909818
1.687021997892125 	 1232534.5494760263
1.688021997892125 	 1221624.5502255291
1.6890219978921248 	 1210736.6815921892
1.6900219978921247 	 1199874.465325808
1.6910219978921246 	 1189041.423171605
1.6920219978921245 	 1178240.9060873054
1.6930219978921244 	 1167475.6254931986
1.6940219978921243 	 1156748.1431372701
1.6950219978921242 	 1146061.0207655397
1.696021997892124 	 1135416.8201220757
1.697021997892124 	 1124818.10294901
1.6980219978921238 	 1114267.430986553
1.6990219978921237 	 1103767.3659730072
1.7000219978921236 	 1093320.4696447847
1.7010219978921235 	 1082929.3037347721
1.7020219978921234 	 1072596.2649282035
1.7030219978921233 	 1062323.1318640322
1.7040219978921232 	 1052111.5385391852
1.705021997892123 	 1041963.1189495431
1.706021997892123 	 1031879.5070899455
1.7070219978921228 	 1021862.336954203
1.7080219978921227 	 1011913.2425351023
1.7090219978921226 	 1002033.8578244167
1.7100219978921225 	 992225.8168129111
1.7110219978921224 	 982490.7534889528
1.7120219978921223 	 972830.1614207197
1.7130219978921222 	 963245.0083497855
1.714021997892122 	 953736.1389583977
1.715021997892122 	 944304.3979284769
1.7160219978921218 	 934950.6299416174
1.7170219978921217 	 925675.6796790925
1.7180219978921216 	 916480.3918218547
1.7190219978921215 	 907365.6110505426
1.7200219978921214 	 898332.1820454805
1.7210219978921213 	 889380.9494856026
1.7220219978921212 	 880512.649839069
1.723021997892121 	 871727.6143596548
1.724021997892121 	 863026.0794690473
1.7250219978921209 	 854408.2815891126
1.7260219978921207 	 845874.4571418954
1.7270219978921206 	 837424.8425496193
1.7280219978921205 	 829059.6742346846
1.7290219978921204 	 820779.1886196686
1.7300219978921203 	 812583.6221273245
1.7310219978921202 	 804473.2111798198
1.73202199789212 	 796448.1158910429
1.73302199789212 	 788508.2106239556
1.7340219978921199 	 780653.302867682
1.7350219978921197 	 772883.2001118456
1.7360219978921196 	 765197.7098465689
1.7370219978921195 	 757596.6395624672
1.7380219978921194 	 750079.7967506484
1.7390219978921193 	 742646.988902708
1.7400219978921192 	 735298.023510727
1.741021997892119 	 728032.70806678
1.742021997892119 	 720850.8010939619
1.7430219978921189 	 713751.8777406526
1.7440219978921188 	 706735.4702406093
1.7450219978921186 	 699801.1108282639
1.7460219978921185 	 692948.3317387195
1.7470219978921184 	 686176.6652077469
1.7480219978921183 	 679485.6434717772
1.7490219978921182 	 672874.7987679008
1.750021997892118 	 666343.6633338615
1.751021997892118 	 659891.7694077773
1.7520219978921179 	 653518.6215287211
1.7530219978921178 	 647223.6205098017
1.7540219978921177 	 641006.142889739
1.7550219978921175 	 634865.5652079971
1.7560219978921174 	 628801.2640047816
1.7570219978921173 	 622812.6158210333
1.7580219978921172 	 616898.9971984241
1.759021997892117 	 611059.7846793525
1.760021997892117 	 605294.3548069381
1.7610219978921169 	 599602.0841248941
1.7620219978921168 	 593982.3368275376
1.7630219978921167 	 588434.4308626285
1.7640219978921166 	 582957.6733554298
1.7650219978921164 	 577551.3714319512
1.7660219978921163 	 572214.8322189454
1.7670219978921162 	 566947.362843902
1.7680219978921161 	 561748.2704350422
1.769021997892116 	 556616.8621213158
1.770021997892116 	 551552.4450323944
1.7710219978921158 	 546554.3262986488
1.7720219978921157 	 541621.811057479
1.7730219978921156 	 536754.1969812794
1.7740219978921155 	 531950.7799959547
1.7750219978921153 	 527210.8560281157
1.7760219978921152 	 522533.7210050767
1.7770219978921151 	 517918.6708548487
1.778021997892115 	 513365.00150613673
1.779021997892115 	 508872.0088883344
1.7800219978921148 	 504438.98893151875
1.7810219978921147 	 500065.2375664922
1.7820219978921146 	 495750.05523972097
1.7830219978921145 	 491492.7593055549
1.7840219978921144 	 487292.67107578716
1.7850219978921142 	 483149.1118628572
1.7860219978921141 	 479061.40297984483
1.787021997892114 	 475028.86574046646
1.788021997892114 	 471050.821459071
1.7890219978921138 	 467126.5914506355
1.7900219978921137 	 463255.49703076226
1.7910219978921136 	 459436.8595157546
1.7920219978921135 	 455670.00846976024
1.7930219978921134 	 451954.3043408081
1.7940219978921133 	 448289.1148051176
1.7950219978921131 	 444673.8075394809
1.796021997892113 	 441107.75022126193
1.797021997892113 	 437590.3105283904
1.7980219978921128 	 434120.85613935906
1.7990219978921127 	 430698.75473322003
1.8000219978921126 	 427323.373989581
1.8010219978921125 	 423994.0815887025
1.8020219978921124 	 420710.2552926412
1.8030219978921123 	 417471.3106150985
1.8040219978921122 	 414276.6719051716
1.805021997892112 	 411125.76351245947
1.806021997892112 	 408018.00978706044
1.8070219978921118 	 404952.8350795679
1.8080219978921117 	 401929.6637410678
1.8090219978921116 	 398947.9201231352
1.8100219978921115 	 396007.0285778309
1.8110219978921114 	 393106.4134578056
1.8120219978921113 	 390245.5097976789
1.8130219978921112 	 387423.79263136286
1.814021997892111 	 384640.74635412893
1.815021997892111 	 381895.85536168196
1.8160219978921108 	 379188.60405015794
1.8170219978921107 	 376518.4768161206
1.8180219978921106 	 373884.95805655955
1.8190219978921105 	 371287.53216888645
1.8200219978921104 	 368725.68355093285
1.8210219978921103 	 366198.89660105243
1.8220219978921102 	 363706.6662400623
1.82302199789211 	 361248.5267909519
1.82402199789211 	 358824.0217982777
1.8250219978921098 	 356432.69480696786
1.8260219978921097 	 354074.0893623196
1.8270219978921096 	 351747.7490099957
1.8280219978921095 	 349453.2172960241
1.8290219978921094 	 347190.0377667938
1.8300219978921093 	 344957.7539690534
1.8310219978921092 	 342755.9094500076
1.832021997892109 	 340584.05768310116
1.833021997892109 	 338441.78931144637
1.8340219978921088 	 336328.7036772078
1.8350219978921087 	 334244.4001228655
1.8360219978921086 	 332188.47799121373
1.8370219978921085 	 330160.5366253579
1.8380219978921084 	 328160.1753687137
1.8390219978921083 	 326186.99356500374
1.8400219978921082 	 324240.59055825684
1.841021997892108 	 322320.5656928964
1.842021997892108 	 320426.52741803526
1.8430219978921079 	 318558.1182761531
1.8440219978921077 	 316714.98878879845
1.8450219978921076 	 314896.7894777872
1.8460219978921075 	 313103.1708652003
1.8470219978921074 	 311333.78347338334
1.8480219978921073 	 309588.2778249436
1.8490219978921072 	 307866.3044427486
1.850021997892107 	 306167.513849925
1.851021997892107 	 304491.5565699383
1.8520219978921069 	 302838.0913176776
1.8530219978921068 	 301206.80748163344
1.8540219978921066 	 299597.4016290059
1.8550219978921065 	 298009.5703272205
1.8560219978921064 	 296443.0101439267
1.8570219978921063 	 294897.4176469968
1.8580219978921062 	 293372.48940452415
1.859021997892106 	 291867.9219848218
1.860021997892106 	 290383.4119564212
1.8610219978921059 	 288918.65588814317
1.8620219978921058 	 287473.35761686397
1.8630219978921057 	 286047.24819544534
1.8640219978921055 	 284640.0650462462
1.8650219978921054 	 283251.54559181596
1.8660219978921053 	 281881.4272548917
1.8670219978921052 	 280529.44745839847
1.868021997892105 	 279195.34362544736
1.869021997892105 	 277878.8531793342
1.8700219978921049 	 276579.713543539
1.8710219978921048 	 275297.66214178794
1.8720219978921047 	 274032.4427805941
1.8730219978921046 	 272783.8231674999
1.8740219978921044 	 271551.5766037235
1.8750219978921043 	 270335.4763906423
1.8760219978921042 	 269135.29582979233
1.877021997892104 	 267950.80822286714
1.878021997892104 	 266781.78687171673
1.879021997892104 	 265628.00507834647
1.8800219978921038 	 264489.2361449164
1.8810219978921037 	 263365.2533737955
1.8820219978921036 	 262255.8356292993
1.8830219978921034 	 261160.7826030626
1.8840219978921033 	 260079.89886103652
1.8850219978921032 	 259012.98896930617
1.8860219978921031 	 257959.85749408967
1.887021997892103 	 256920.30900173762
1.888021997892103 	 255894.14805873184
1.8890219978921028 	 254881.17923168474
1.8900219978921027 	 253881.20708733876
1.8910219978921026 	 252894.0361926132
1.8920219978921025 	 251919.4759330197
1.8930219978921023 	 250957.35373782957
1.8940219978921022 	 250007.50125917754
1.8950219978921021 	 249069.7501493112
1.896021997892102 	 248143.93206058987
1.897021997892102 	 247229.87864548375
1.8980219978921018 	 246327.4215565735
1.8990219978921017 	 245436.39244654955
1.9000219978921016 	 244556.62296821128
1.9010219978921015 	 243687.94477450792
1.9020219978921014 	 242830.19367529268
1.9030219978921012 	 241983.22104641914
1.9040219978921011 	 241146.881906722
1.905021997892101 	 240321.03127513014
1.906021997892101 	 239505.52417066638
1.9070219978921008 	 238700.21561244718
1.9080219978921007 	 237904.96061968122
1.9090219978921006 	 237119.61421166974
1.9100219978921005 	 236344.03140780528
1.9110219978921004 	 235578.0672276075
1.9120219978921003 	 234821.5802656557
1.9130219978921001 	 234074.44250375725
1.9140219978921 	 233336.52905678996
1.9150219978921 	 232607.71503971136
1.9160219978920998 	 231887.87556755825
1.9170219978920997 	 231176.88575544528
1.9180219978920996 	 230474.6207185654
1.9190219978920995 	 229780.9555721891
1.9200219978920994 	 229095.76543166352
1.9210219978920993 	 228418.92541244344
1.9220219978920992 	 227750.3136986681
1.923021997892099 	 227089.81996552716
1.924021997892099 	 226437.33657750944
1.9250219978920988 	 225792.75589917105
1.9260219978920987 	 225155.9702951343
1.9270219978920986 	 224526.87213008746
1.9280219978920985 	 223905.35376878458
1.9290219978920984 	 223291.30757604467
1.9300219978920983 	 222684.62591675174
1.9310219978920982 	 222085.20115588058
1.932021997892098 	 221492.92828935973
1.933021997892098 	 220907.71216503702
1.9340219978920978 	 220329.45993644642
1.9350219978920977 	 219758.07875717786
1.9360219978920976 	 219193.47578087763
1.9370219978920975 	 218635.5581612474
1.9380219978920974 	 218084.2330520443
1.9390219978920973 	 217539.40760708
1.9400219978920972 	 217000.98898022127
1.941021997892097 	 216468.88432541146
1.942021997892097 	 215943.00305121116
1.9430219978920968 	 215423.26300886518
1.9440219978920967 	 214909.58402549443
1.9450219978920966 	 214401.88592826755
1.9460219978920965 	 213900.08854440006
1.9470219978920964 	 213404.11170115485
1.9480219978920963 	 212913.87522584104
1.9490219978920962 	 212429.2989458144
1.950021997892096 	 211950.30268847666
1.951021997892096 	 211476.8062812946
1.9520219978920959 	 211008.73148397627
1.9530219978920957 	 210546.00729173876
1.9540219978920956 	 210088.56439315536
1.9550219978920955 	 209636.33347683935
1.9560219978920954 	 209189.2452314437
1.9570219978920953 	 208747.23034566143
1.9580219978920952 	 208310.2195082249
1.959021997892095 	 207878.1434079052
1.960021997892095 	 207450.932733513
1.9610219978920949 	 207028.51817391382
1.9620219978920947 	 206610.83207473642
1.9630219978920946 	 206197.81298556016
1.9640219978920945 	 205789.4009078998
1.9650219978920944 	 205385.5358433043
1.9660219978920943 	 204986.15779335605
1.9670219978920942 	 204591.2067596715
1.968021997892094 	 204200.62274390017
1.969021997892094 	 203814.34574772452
1.9700219978920939 	 203432.31577286057
1.9710219978920938 	 203054.4728210709
1.9720219978920936 	 202680.75831584595
1.9730219978920935 	 202311.1190045104
1.9740219978920934 	 201945.50288034693
1.9750219978920933 	 201583.85793666693
1.9760219978920932 	 201226.13216681048
1.977021997892093 	 200872.27356414596
1.978021997892093 	 200522.23012207056
1.9790219978920929 	 200175.9498340092
1.9800219978920928 	 199833.38069341454
1.9810219978920927 	 199494.4706937797
1.9820219978920925 	 199159.1690498723
1.9830219978920924 	 198827.42954967316
1.9840219978920923 	 198499.20705145024
1.9850219978920922 	 198174.45641349626
1.986021997892092 	 197853.132494128
1.987021997892092 	 197535.1901516864
1.9880219978920919 	 197220.58424453656
1.9890219978920918 	 196909.26963106735
1.9900219978920917 	 196601.2011696915
1.9910219978920916 	 196296.3337188559
1.9920219978920914 	 195994.62318745986
1.9930219978920913 	 195696.02941795325
1.9940219978920912 	 195400.51317336963
1.9950219978920911 	 195108.03521676356
1.996021997892091 	 194818.5563112106
1.997021997892091 	 194532.03721980617
1.9980219978920908 	 194248.4387056668
1.9990219978920907 	 193967.72153192916
