0.0010219978922 	 0
0.0020219978922 	 0
0.0030219978922 	 0
0.0040219978922 	 0
0.0050219978922 	 0
0.0060219978922 	 0
0.0070219978922 	 0
0.0080219978922 	 0
0.009021997892200002 	 0
0.010021997892200003 	 0
0.011021997892200004 	 0
0.012021997892200004 	 0
0.013021997892200005 	 0
0.014021997892200006 	 0
0.015021997892200007 	 0
0.016021997892200008 	 0
0.01702199789220001 	 0
0.01802199789220001 	 0
0.01902199789220001 	 0
0.02002199789220001 	 0
0.021021997892200012 	 0
0.022021997892200013 	 0
0.023021997892200014 	 0
0.024021997892200015 	 0
0.025021997892200016 	 0
0.026021997892200017 	 0
0.027021997892200018 	 0
0.02802199789220002 	 0
0.02902199789220002 	 0
0.03002199789220002 	 0
0.03102199789220002 	 0
0.03202199789220002 	 0
0.03302199789220002 	 0
0.03402199789220002 	 0
0.03502199789220002 	 0
0.03602199789220002 	 0
0.03702199789220002 	 0
0.038021997892200024 	 0
0.039021997892200025 	 0
0.040021997892200026 	 0
0.04102199789220003 	 0
0.04202199789220003 	 0
0.04302199789220003 	 0
0.04402199789220003 	 0
0.04502199789220003 	 0
0.04602199789220003 	 0
0.04702199789220003 	 0
0.04802199789220003 	 0
0.049021997892200034 	 0
0.050021997892200035 	 0
0.051021997892200036 	 0
0.052021997892200036 	 0
0.05302199789220004 	 0
0.05402199789220004 	 0
0.05502199789220004 	 0
0.05602199789220004 	 0
0.05702199789220004 	 0
0.05802199789220004 	 0
0.05902199789220004 	 0
0.060021997892200044 	 0
0.061021997892200044 	 0
0.062021997892200045 	 0
0.06302199789220005 	 0
0.06402199789220005 	 0
0.06502199789220005 	 0
0.06602199789220005 	 0
0.06702199789220005 	 0
0.06802199789220005 	 0
0.06902199789220005 	 0
0.07002199789220005 	 0
0.07102199789220005 	 0
0.07202199789220005 	 0
0.07302199789220006 	 0
0.07402199789220006 	 0
0.07502199789220006 	 0
0.07602199789220006 	 0
0.07702199789220006 	 0
0.07802199789220006 	 0
0.07902199789220006 	 0
0.08002199789220006 	 0
0.08102199789220006 	 0
0.08202199789220006 	 0
0.08302199789220006 	 0
0.08402199789220006 	 0
0.08502199789220007 	 0
0.08602199789220007 	 0
0.08702199789220007 	 0
0.08802199789220007 	 0
0.08902199789220007 	 0
0.09002199789220007 	 0
0.09102199789220007 	 0
0.09202199789220007 	 0
0.09302199789220007 	 0
0.09402199789220007 	 0
0.09502199789220007 	 0
0.09602199789220008 	 0
0.09702199789220008 	 0
0.09802199789220008 	 0
0.09902199789220008 	 0
0.10002199789220008 	 0
0.10102199789220008 	 0
0.10202199789220008 	 0
0.10302199789220008 	 0
0.10402199789220008 	 0
0.10502199789220008 	 0
0.10602199789220008 	 0
0.10702199789220009 	 0
0.10802199789220009 	 0
0.10902199789220009 	 0
0.11002199789220009 	 0
0.11102199789220009 	 0
0.11202199789220009 	 0
0.11302199789220009 	 0
0.11402199789220009 	 0
0.11502199789220009 	 0
0.1160219978922001 	 0
0.1170219978922001 	 0
0.1180219978922001 	 0
0.1190219978922001 	 0
0.1200219978922001 	 0
0.1210219978922001 	 0
0.1220219978922001 	 0
0.1230219978922001 	 0
0.1240219978922001 	 0
0.1250219978922001 	 0
0.1260219978922001 	 0
0.1270219978922001 	 0
0.1280219978922001 	 0
0.1290219978922001 	 0
0.1300219978922001 	 0
0.1310219978922001 	 0
0.1320219978922001 	 0
0.1330219978922001 	 0
0.1340219978922001 	 0
0.1350219978922001 	 0
0.1360219978922001 	 0
0.1370219978922001 	 0
0.1380219978922001 	 0
0.1390219978922001 	 0
0.1400219978922001 	 0
0.1410219978922001 	 0
0.1420219978922001 	 0
0.1430219978922001 	 0
0.1440219978922001 	 0
0.1450219978922001 	 0
0.1460219978922001 	 0
0.1470219978922001 	 0
0.1480219978922001 	 0
0.1490219978922001 	 0
0.1500219978922001 	 0
0.1510219978922001 	 0
0.1520219978922001 	 0
0.1530219978922001 	 0
0.1540219978922001 	 0
0.15502199789220011 	 0
0.15602199789220011 	 0
0.15702199789220012 	 0
0.15802199789220012 	 0
0.15902199789220012 	 0
0.16002199789220012 	 0
0.16102199789220012 	 0
0.16202199789220012 	 0
0.16302199789220012 	 0
0.16402199789220012 	 0
0.16502199789220012 	 0
0.16602199789220012 	 0
0.16702199789220012 	 0
0.16802199789220013 	 0
0.16902199789220013 	 0
0.17002199789220013 	 0
0.17102199789220013 	 0
0.17202199789220013 	 0
0.17302199789220013 	 0
0.17402199789220013 	 0
0.17502199789220013 	 0
0.17602199789220013 	 0
0.17702199789220013 	 0
0.17802199789220013 	 0
0.17902199789220014 	 0
0.18002199789220014 	 0
0.18102199789220014 	 0
0.18202199789220014 	 0
0.18302199789220014 	 0
0.18402199789220014 	 0
0.18502199789220014 	 0
0.18602199789220014 	 0
0.18702199789220014 	 0
0.18802199789220014 	 0
0.18902199789220014 	 0
0.19002199789220015 	 0
0.19102199789220015 	 0
0.19202199789220015 	 0
0.19302199789220015 	 0
0.19402199789220015 	 0
0.19502199789220015 	 0
0.19602199789220015 	 0
0.19702199789220015 	 0
0.19802199789220015 	 0
0.19902199789220015 	 0
0.20002199789220015 	 0
0.20102199789220015 	 0
0.20202199789220016 	 0
0.20302199789220016 	 0
0.20402199789220016 	 0
0.20502199789220016 	 0
0.20602199789220016 	 0
0.20702199789220016 	 0
0.20802199789220016 	 0
0.20902199789220016 	 0
0.21002199789220016 	 0
0.21102199789220016 	 0
0.21202199789220016 	 0.0
0.21302199789220017 	 0.0
0.21402199789220017 	 0.0
0.21502199789220017 	 0.0
0.21602199789220017 	 0.0
0.21702199789220017 	 0.0
0.21802199789220017 	 0.0
0.21902199789220017 	 0.0
0.22002199789220017 	 0.0
0.22102199789220017 	 0.0
0.22202199789220017 	 0.0
0.22302199789220017 	 0.0
0.22402199789220018 	 0.0
0.22502199789220018 	 0.0
0.22602199789220018 	 0.0
0.22702199789220018 	 0.0
0.22802199789220018 	 0.0
0.22902199789220018 	 0.0
0.23002199789220018 	 0.0
0.23102199789220018 	 0.0
0.23202199789220018 	 0.0
0.23302199789220018 	 0.0
0.23402199789220018 	 0.0
0.23502199789220019 	 0.0
0.23602199789220019 	 0.0
0.2370219978922002 	 0.0
0.2380219978922002 	 0.0
0.2390219978922002 	 0.0
0.2400219978922002 	 0.0
0.2410219978922002 	 0.0
0.2420219978922002 	 0.0
0.2430219978922002 	 0.0
0.2440219978922002 	 0.0
0.2450219978922002 	 0.0
0.2460219978922002 	 0.0
0.2470219978922002 	 0.0
0.2480219978922002 	 0.0
0.2490219978922002 	 0.0
0.2500219978922002 	 0.0
0.2510219978922002 	 0.0
0.2520219978922002 	 0.0
0.2530219978922002 	 0.0
0.2540219978922002 	 0.0
0.2550219978922002 	 0.0
0.2560219978922002 	 0.0
0.2570219978922002 	 0.0
0.2580219978922002 	 0.0
0.2590219978922002 	 0.0
0.2600219978922002 	 0.0
0.2610219978922002 	 0.0
0.2620219978922002 	 0.0
0.2630219978922002 	 0.0
0.2640219978922002 	 0.0
0.2650219978922002 	 0.0
0.2660219978922002 	 0.0
0.2670219978922002 	 0.0
0.2680219978922002 	 0.0
0.2690219978922002 	 0.0
0.2700219978922002 	 0.0
0.2710219978922002 	 0.0
0.2720219978922002 	 0.0
0.2730219978922002 	 0.0
0.2740219978922002 	 0.0
0.2750219978922002 	 0.0
0.2760219978922002 	 0.0
0.2770219978922002 	 0.0
0.2780219978922002 	 0.0
0.2790219978922002 	 0.0
0.2800219978922002 	 0.0
0.2810219978922002 	 0.0
0.2820219978922002 	 0.0
0.2830219978922002 	 0.0
0.28402199789220023 	 0.0
0.28502199789220023 	 0.0
0.28602199789220023 	 0.0
0.28702199789220023 	 0.0
0.28802199789220023 	 0.0
0.28902199789220023 	 0.0
0.29002199789220023 	 0.0
0.29102199789220023 	 0.0
0.29202199789220024 	 0.0
0.29302199789220024 	 0.0
0.29402199789220024 	 0.0
0.29502199789220024 	 0.0
0.29602199789220024 	 0.0
0.29702199789220024 	 0.0
0.29802199789220024 	 0.0
0.29902199789220024 	 0.0
0.30002199789220024 	 0.0
0.30102199789220024 	 0.0
0.30202199789220024 	 0.0
0.30302199789220025 	 0.0
0.30402199789220025 	 0.0
0.30502199789220025 	 0.0
0.30602199789220025 	 0.0
0.30702199789220025 	 0.0
0.30802199789220025 	 0.0
0.30902199789220025 	 0.0
0.31002199789220025 	 0.0
0.31102199789220025 	 0.0
0.31202199789220025 	 0.0
0.31302199789220025 	 0.0
0.31402199789220026 	 0.0
0.31502199789220026 	 0.0
0.31602199789220026 	 0.0
0.31702199789220026 	 0.0
0.31802199789220026 	 0.0
0.31902199789220026 	 0.0
0.32002199789220026 	 0.0
0.32102199789220026 	 0.0
0.32202199789220026 	 0.0
0.32302199789220026 	 0.0
0.32402199789220026 	 0.0
0.32502199789220027 	 0.0
0.32602199789220027 	 0.0
0.32702199789220027 	 0.0
0.32802199789220027 	 0.0
0.32902199789220027 	 0.0
0.33002199789220027 	 0.0
0.33102199789220027 	 0.0
0.33202199789220027 	 0.0
0.33302199789220027 	 0.0
0.3340219978922003 	 0.0
0.3350219978922003 	 0.0
0.3360219978922003 	 0.0
0.3370219978922003 	 0.0
0.3380219978922003 	 0.0
0.3390219978922003 	 0.0
0.3400219978922003 	 0.0
0.3410219978922003 	 0.0
0.3420219978922003 	 0.0
0.3430219978922003 	 0.0
0.3440219978922003 	 0.0
0.3450219978922003 	 0.0
0.3460219978922003 	 0.0
0.3470219978922003 	 0.0
0.3480219978922003 	 0.0
0.3490219978922003 	 0.0
0.3500219978922003 	 0.0
0.3510219978922003 	 0.0
0.3520219978922003 	 0.0
0.3530219978922003 	 0.0
0.3540219978922003 	 0.0
0.3550219978922003 	 0.0
0.3560219978922003 	 0.0
0.3570219978922003 	 0.0
0.3580219978922003 	 0.0
0.3590219978922003 	 0.0
0.3600219978922003 	 0.0
0.3610219978922003 	 0.0
0.3620219978922003 	 0.0
0.3630219978922003 	 0.0
0.3640219978922003 	 0.0
0.3650219978922003 	 0.0
0.3660219978922003 	 0.0
0.3670219978922003 	 0.0
0.3680219978922003 	 0.0
0.3690219978922003 	 0.0
0.3700219978922003 	 0.0
0.3710219978922003 	 0.0
0.3720219978922003 	 0.0
0.3730219978922003 	 0.0
0.3740219978922003 	 0.0
0.3750219978922003 	 0.0
0.3760219978922003 	 0.0
0.3770219978922003 	 0.0
0.3780219978922003 	 0.0
0.3790219978922003 	 0.0
0.3800219978922003 	 0.0
0.3810219978922003 	 0.0
0.3820219978922003 	 0.0
0.3830219978922003 	 0.0
0.3840219978922003 	 0.0
0.3850219978922003 	 0.0
0.3860219978922003 	 0.0
0.3870219978922003 	 0.0
0.3880219978922003 	 0.0
0.3890219978922003 	 0.0
0.3900219978922003 	 0.0
0.3910219978922003 	 0.0
0.3920219978922003 	 0.0
0.3930219978922003 	 0.0
0.3940219978922003 	 0.0
0.3950219978922003 	 0.0
0.39602199789220033 	 0.0
0.39702199789220033 	 0.0
0.39802199789220033 	 0.0
0.39902199789220033 	 0.0
0.40002199789220033 	 0.0
0.40102199789220033 	 0.0
0.40202199789220033 	 0.0
0.40302199789220033 	 0.0
0.40402199789220034 	 0.0
0.40502199789220034 	 0.0
0.40602199789220034 	 0.0
0.40702199789220034 	 0.0
0.40802199789220034 	 0.0
0.40902199789220034 	 0.0
0.41002199789220034 	 0.0
0.41102199789220034 	 0.0
0.41202199789220034 	 0.0
0.41302199789220034 	 0.0
0.41402199789220034 	 0.0
0.41502199789220034 	 0.0
0.41602199789220035 	 0.0
0.41702199789220035 	 0.0
0.41802199789220035 	 0.0
0.41902199789220035 	 0.0
0.42002199789220035 	 0.0
0.42102199789220035 	 0.0
0.42202199789220035 	 0.0
0.42302199789220035 	 0.0
0.42402199789220035 	 0.0
0.42502199789220035 	 0.0
0.42602199789220035 	 0.0
0.42702199789220036 	 0.0
0.42802199789220036 	 0.0
0.42902199789220036 	 0.0
0.43002199789220036 	 0.0
0.43102199789220036 	 0.0
0.43202199789220036 	 0.0
0.43302199789220036 	 0.0
0.43402199789220036 	 0.0
0.43502199789220036 	 0.0
0.43602199789220036 	 0.0
0.43702199789220036 	 0.0
0.43802199789220037 	 0.0
0.43902199789220037 	 0.0
0.44002199789220037 	 0.0
0.44102199789220037 	 0.0
0.44202199789220037 	 0.0
0.44302199789220037 	 0.0
0.44402199789220037 	 0.0
0.44502199789220037 	 0.0
0.4460219978922004 	 0.0
0.4470219978922004 	 0.0
0.4480219978922004 	 0.0
0.4490219978922004 	 0.0
0.4500219978922004 	 0.0
0.4510219978922004 	 0.0
0.4520219978922004 	 0.0
0.4530219978922004 	 0.0
0.4540219978922004 	 0.0
0.4550219978922004 	 0.0
0.4560219978922004 	 0.0
0.4570219978922004 	 0.0
0.4580219978922004 	 0.0
0.4590219978922004 	 0.0
0.4600219978922004 	 0.0
0.4610219978922004 	 0.0
0.4620219978922004 	 0.0
0.4630219978922004 	 0.0
0.4640219978922004 	 0.0
0.4650219978922004 	 0.0
0.4660219978922004 	 0.0
0.4670219978922004 	 0.0
0.4680219978922004 	 0.0
0.4690219978922004 	 0.0
0.4700219978922004 	 0.0
0.4710219978922004 	 0.0
0.4720219978922004 	 0.0
0.4730219978922004 	 0.0
0.4740219978922004 	 0.0
0.4750219978922004 	 0.0
0.4760219978922004 	 0.0
0.4770219978922004 	 0.0
0.4780219978922004 	 0.0
0.4790219978922004 	 0.0
0.4800219978922004 	 0.0
0.4810219978922004 	 0.0
0.4820219978922004 	 0.0
0.4830219978922004 	 0.0
0.4840219978922004 	 0.0
0.4850219978922004 	 0.0
0.4860219978922004 	 0.0
0.4870219978922004 	 0.0
0.4880219978922004 	 0.0
0.4890219978922004 	 0.0
0.4900219978922004 	 0.0
0.4910219978922004 	 0.0
0.4920219978922004 	 0.0
0.4930219978922004 	 0.0
0.4940219978922004 	 0.0
0.4950219978922004 	 0.0
0.4960219978922004 	 0.0
0.4970219978922004 	 0.0
0.4980219978922004 	 0.0
0.4990219978922004 	 0.0
0.5000219978922004 	 0.0
0.5010219978922004 	 0.0
0.5020219978922004 	 0.0
0.5030219978922004 	 0.0
0.5040219978922004 	 0.0
0.5050219978922004 	 0.0
0.5060219978922004 	 0.0
0.5070219978922004 	 0.0
0.5080219978922004 	 0.0
0.5090219978922004 	 0.0
0.5100219978922004 	 0.0
0.5110219978922004 	 0.0
0.5120219978922004 	 0.0
0.5130219978922004 	 0.0
0.5140219978922004 	 0.0
0.5150219978922004 	 0.0
0.5160219978922004 	 0.0
0.5170219978922004 	 0.0
0.5180219978922004 	 0.0
0.5190219978922004 	 0.0
0.5200219978922004 	 0.0
0.5210219978922004 	 0.0
0.5220219978922004 	 0.0
0.5230219978922004 	 0.0
0.5240219978922004 	 0.0
0.5250219978922004 	 0.0
0.5260219978922004 	 0.0
0.5270219978922004 	 0.0
0.5280219978922004 	 0.0
0.5290219978922004 	 0.0
0.5300219978922004 	 0.0
0.5310219978922004 	 0.0
0.5320219978922004 	 0.0
0.5330219978922004 	 0.0
0.5340219978922004 	 0.0
0.5350219978922004 	 0.0
0.5360219978922004 	 0.0
0.5370219978922004 	 0.0
0.5380219978922004 	 0.0
0.5390219978922004 	 0.0
0.5400219978922004 	 0.0
0.5410219978922004 	 0.0
0.5420219978922004 	 0.0
0.5430219978922004 	 0.0
0.5440219978922004 	 0.0
0.5450219978922004 	 0.0
0.5460219978922004 	 0.0
0.5470219978922004 	 0.0
0.5480219978922004 	 6.412922222741014e-08
0.5490219978922004 	 2.4457557954167426e-05
0.5500219978922004 	 0.0001580327369398381
0.5510219978922004 	 0.0004952339578294312
0.5520219978922004 	 0.001130862443680192
0.5530219978922004 	 0.002160115507286548
0.5540219978922004 	 0.003678626318853506
0.5550219978922004 	 0.005782504315731965
0.5560219978922004 	 0.008568376287957629
0.5570219978922004 	 0.012133428174416781
0.5580219978922004 	 0.01657544760558889
0.5590219978922004 	 0.021992867230005497
0.5600219978922004 	 0.02848480886281393
0.5610219978922004 	 0.036151128496135304
0.5620219978922004 	 0.045092462212283156
0.5630219978922004 	 0.055410273042352624
0.5640219978922004 	 0.06720689881418868
0.5650219978922004 	 0.08058560103533934
0.5660219978922004 	 0.09565061485825414
0.5670219978922004 	 0.11250720017673613
0.5680219978922004 	 0.1312616939044821
0.5690219978922004 	 0.15202156348846815
0.5700219978922004 	 0.1748954617119491
0.5710219978922004 	 0.1999932828439551
0.5720219978922004 	 0.227426220194383
0.5730219978922004 	 0.2573068251361097
0.5740219978922004 	 0.28974906765799163
0.5750219978922004 	 0.3248683985151828
0.5760219978922004 	 0.36278181304589435
0.5770219978922004 	 0.40360791672651575
0.5780219978922004 	 0.4474669925400401
0.5790219978922004 	 0.49448107023577953
0.5800219978922004 	 0.5447739975616919
0.5810219978922004 	 0.5984715135539971
0.5820219978922004 	 0.6557013239724768
0.5830219978922004 	 0.7165931789735046
0.5840219978922004 	 0.7812789531169968
0.5850219978922004 	 0.8498927278074805
0.5860219978922004 	 0.9225708762740766
0.5870219978922004 	 0.9994521511986364
0.5880219978922004 	 1.0806777751062584
0.5890219978922004 	 1.1663915336375317
0.5900219978922004 	 1.2567398718271463
0.5910219978922004 	 1.3518719935192949
0.5920219978922004 	 1.4519399640561608
0.5930219978922004 	 1.557098816382202
0.5940219978922004 	 1.6675066607133817
0.5950219978922004 	 1.7833247979276219
0.5960219978922005 	 1.9047178368400441
0.5970219978922005 	 2.03185381553428
0.5980219978922005 	 2.1649043269293458
0.5990219978922005 	 2.3040446487701343
0.6000219978922005 	 2.449453878238678
0.6010219978922005 	 2.6013150713929165
0.6020219978922005 	 2.759815387649825
0.6030219978922005 	 2.9251462395402608
0.6040219978922005 	 3.0975034479745003
0.6050219978922005 	 3.2770874032689155
0.6060219978922005 	 3.464103232197145
0.6070219978922005 	 3.658760971342086
0.6080219978922005 	 3.8612757470394126
0.6090219978922005 	 4.0718679622178895
0.6100219978922005 	 4.290763490457457
0.6110219978922005 	 4.518193877602989
0.6120219978922005 	 4.754396551288651
0.6130219978922005 	 4.999615038747046
0.6140219978922005 	 5.254099193296418
0.6150219978922005 	 5.518105429920489
0.6160219978922005 	 5.791896970377565
0.6170219978922005 	 6.07574409829872
0.6180219978922005 	 6.369924424760043
0.6190219978922005 	 6.674723164840357
0.6200219978922005 	 6.990433425703415
0.6210219978922005 	 7.317356506773725
0.6220219978922005 	 7.655802212606559
0.6230219978922005 	 8.006089179086096
0.6240219978922005 	 8.36854521362161
0.6250219978922005 	 8.743507650049052
0.6260219978922005 	 9.131323718986119
0.6270219978922005 	 9.532350934431392
0.6280219978922005 	 9.94695749744397
0.6290219978922005 	 10.375522717788499
0.6300219978922005 	 10.818437454482229
0.6310219978922005 	 11.276104576235966
0.6320219978922005 	 11.748939442839221
0.6330219978922005 	 12.237370408603136
0.6340219978922005 	 12.741839349040973
0.6350219978922005 	 13.262802212037785
0.6360219978922005 	 13.800729594836703
0.6370219978922005 	 14.356107348251353
0.6380219978922005 	 14.929437209599776
0.6390219978922005 	 15.521237465949868
0.6400219978922005 	 16.132043649363865
0.6410219978922005 	 16.762409265938345
0.6420219978922005 	 17.41290656054727
0.6430219978922005 	 18.084127319321116
0.6440219978922005 	 18.77668371202293
0.6450219978922005 	 19.491209176624466
0.6460219978922005 	 20.228359348535864
0.6470219978922005 	 20.988813037103043
0.6480219978922005 	 21.77327325216157
0.6490219978922005 	 22.58246828362178
0.6500219978922005 	 23.417152837260204
0.6510219978922005 	 24.278109230108544
0.6520219978922005 	 25.16614864906257
0.6530219978922005 	 26.082112476583962
0.6540219978922005 	 27.02687368763659
0.6550219978922005 	 28.001338322288905
0.6560219978922005 	 29.00644703872744
0.6570219978922005 	 30.043176751762896
0.6580219978922005 	 31.112542362276027
0.6590219978922005 	 32.21559858344328
0.6600219978922005 	 33.35344187000885
0.6610219978922005 	 34.52721245732881
0.6620219978922005 	 35.73809651741349
0.6630219978922005 	 36.98732843973242
0.6640219978922005 	 38.27619324513153
0.6650219978922005 	 39.60602914184806
0.6660219978922005 	 40.978230233294795
0.6670219978922005 	 42.39424938803638
0.6680219978922005 	 43.855601283189
0.6690219978922005 	 45.363865633362494
0.6700219978922005 	 46.92069061822173
0.6710219978922005 	 48.527796522794844
0.6720219978922005 	 50.18697960579414
0.6730219978922005 	 51.90011621246135
0.6740219978922005 	 53.669167149809475
0.6750219978922005 	 55.49618234361255
0.6760219978922005 	 57.383305798122095
0.6770219978922005 	 59.33278088125936
0.6780219978922005 	 61.34695595997951
0.6790219978922005 	 63.42829041262945
0.6800219978922005 	 65.57936104745961
0.6810219978922005 	 67.80286895901193
0.6820219978922005 	 70.10164685692348
0.6830219978922005 	 72.47866690478295
0.6840219978922005 	 74.9370491100855
0.6850219978922005 	 77.4800703100881
0.6860219978922005 	 80.11117380250884
0.6870219978922005 	 82.83397967458711
0.6880219978922005 	 85.65229588906719
0.6890219978922005 	 88.57013019126359
0.6900219978922005 	 91.59170290754251
0.6910219978922005 	 94.72146071241262
0.6920219978922005 	 97.96409144902576
0.6930219978922005 	 101.3245400963313
0.6940219978922005 	 104.80802598552032
0.6950219978922005 	 108.42006137885564
0.6960219978922005 	 112.16647153563079
0.6970219978922005 	 116.0534164030053
0.6980219978922005 	 120.08741408398686
0.6990219978922005 	 124.27536625107781
0.7000219978922005 	 128.6245856922986
0.7010219978922005 	 133.14282619670055
0.7020219978922005 	 137.83831500939428
0.7030219978922005 	 142.71978811188086
0.7040219978922005 	 147.79652861247172
0.7050219978922005 	 153.07840856429465
0.7060219978922005 	 158.57593456530847
0.7070219978922005 	 164.30029753651192
0.7080219978922005 	 170.2634271218333
0.7090219978922006 	 176.47805120683975
0.7100219978922006 	 182.95776111436996
0.7110219978922006 	 189.71708310456572
0.7120219978922006 	 196.77155688586657
0.7130219978922006 	 204.13782193384708
0.7140219978922006 	 211.8337125180749
0.7150219978922006 	 219.87836245557347
0.7160219978922006 	 228.29232074541628
0.7170219978922006 	 237.0976793953489
0.7180219978922006 	 246.31821493159956
0.7190219978922006 	 255.97954529123245
0.7200219978922006 	 266.1093040373216
0.7210219978922006 	 276.737334116764
0.7220219978922006 	 287.89590370534546
0.7230219978922006 	 299.6199470632706
0.7240219978922006 	 311.947333766294
0.7250219978922006 	 324.9191701951324
0.7260219978922006 	 338.5801377729728
0.7270219978922006 	 352.9788731554366
0.7280219978922006 	 368.1683964200685
0.7290219978922006 	 384.2065942994175
0.7300219978922006 	 401.1567666843427
0.7310219978922006 	 419.08824603104614
0.7320219978922006 	 438.0771009841813
0.7330219978922006 	 458.2069375378075
0.7340219978922006 	 479.5698134690793
0.7350219978922006 	 502.2672846868933
0.7360219978922006 	 526.4116056528072
0.7370219978922006 	 552.1271102964573
0.7380219978922006 	 579.5518050418283
0.7390219978922006 	 608.8392119107001
0.7400219978922006 	 640.1605074638182
0.7410219978922006 	 673.707012946916
0.7420219978922006 	 709.6931029003354
0.7430219978922006 	 748.3596142771886
0.7440219978922006 	 789.9778565861299
0.7450219978922006 	 834.8543467616954
0.7460219978922006 	 883.3364217187379
0.7470219978922006 	 935.818918650329
0.7480219978922006 	 992.7521604452369
0.7490219978922006 	 1054.6515442899
0.7500219978922006 	 1122.1091098265774
0.7510219978922006 	 1195.8075649089956
0.7520219978922006 	 1276.537379863598
0.7530219978922006 	 1365.2177359826858
0.7540219978922006 	 1462.9223456318753
0.7550219978922006 	 1570.9114706068735
0.7560219978922006 	 1690.6718814212627
0.7570219978922006 	 1823.9670644505113
0.7580219978922006 	 1972.9007555278822
0.7590219978922006 	 2139.997943162841
0.7600219978922006 	 2328.3089664925237
0.7610219978922006 	 2541.544415219593
0.7620219978922006 	 2784.2514920605163
0.7630219978922006 	 3062.046727355775
0.7640219978922006 	 3381.926049441098
0.7650219978922006 	 3752.6821344284795
0.7660219978922006 	 4185.47208255651
0.7670219978922006 	 4694.597909499998
0.7680219978922006 	 5298.59126256308
0.7690219978922006 	 6021.736770474448
0.7700219978922006 	 6896.2317649273855
0.7710219978922006 	 7965.270938641359
0.7720219978922006 	 9287.466648529547
0.7730219978922006 	 10943.154082002115
0.7740219978922006 	 13043.202925468675
0.7750219978922006 	 15740.669602106404
0.7760219978922006 	 19244.069233947812
0.7770219978922006 	 23825.674893373547
0.7780219978922006 	 29802.74188416827
0.7790219978922006 	 37432.21273396106
0.7800219978922006 	 46598.50022511098
0.7810219978922006 	 56192.172482068294
0.7820219978922006 	 63562.48162872114
0.7830219978922006 	 65443.15303082217
0.7840219978922006 	 60779.78925895825
0.7850219978922006 	 51907.731552744895
0.7860219978922006 	 42133.367831992815
0.7870219978922006 	 33467.10488592538
0.7880219978922006 	 26507.812236444668
0.7890219978922006 	 21144.99145136609
0.7900219978922006 	 17061.794758113687
0.7910219978922006 	 13945.388298142214
0.7920219978922006 	 11544.882223076254
0.7930219978922006 	 9673.382044461858
0.7940219978922006 	 8195.321383874449
0.7950219978922006 	 7012.945403112168
0.7960219978922006 	 6055.48508510972
0.7970219978922006 	 5271.257564465324
0.7980219978922006 	 4622.1027612676035
0.7990219978922006 	 4079.5104642806104
0.8000219978922006 	 3621.9245419066756
0.8010219978922006 	 3232.8557564432012
0.8020219978922006 	 2899.549075689999
0.8030219978922006 	 2612.0329168148173
0.8040219978922006 	 2362.4334923597644
0.8050219978922006 	 2144.474901199045
0.8060219978922006 	 1953.1106957382583
0.8070219978922006 	 1784.2494921606233
0.8080219978922006 	 1634.5485547251728
0.8090219978922006 	 1501.2570169772926
0.8100219978922006 	 1382.095710734
0.8110219978922006 	 1275.1642525313332
0.8120219978922006 	 1178.8686117428174
0.8130219978922006 	 1091.8642037765783
0.8140219978922006 	 1013.0108494981245
0.8150219978922006 	 941.3368763811665
0.8160219978922006 	 876.010315663943
0.8170219978922006 	 816.3156471695102
0.8180219978922006 	 761.6349109492946
0.8190219978922006 	 711.4322786171944
0.8200219978922006 	 665.2413826573435
0.8210219978922007 	 622.6548572836092
0.8220219978922007 	 583.3156626577229
0.8230219978922007 	 546.909854888427
0.8240219978922007 	 513.1605341328938
0.8250219978922007 	 481.8227573728094
0.8260219978922007 	 452.6792447927086
0.8270219978922007 	 425.5367419430625
0.8280219978922007 	 400.22292612240943
0.8290219978922007 	 376.5837662438437
0.8300219978922007 	 354.48126206380397
0.8310219978922007 	 333.79150196276606
0.8320219978922007 	 314.4029891834336
0.8330219978922007 	 296.2151950966705
0.8340219978922007 	 279.1373051012014
0.8350219978922007 	 263.08712849976587
0.8360219978922007 	 247.99014839022686
0.8370219978922007 	 233.77869146863995
0.8380219978922007 	 220.39120082336203
0.8390219978922007 	 207.77159743287447
0.8400219978922007 	 195.8687182670062
0.8410219978922007 	 184.63582071346343
0.8420219978922007 	 174.03014457464914
0.8430219978922007 	 164.01252415675194
0.8440219978922007 	 154.54704404690017
0.8450219978922007 	 145.60073307981847
0.8460219978922007 	 137.14329176129337
0.8470219978922007 	 129.1468490652219
0.8480219978922007 	 121.58574507319963
0.8490219978922007 	 114.43633639628636
0.8500219978922007 	 107.67682172076128
0.8510219978922007 	 101.2870851641731
0.8520219978922007 	 95.2485554237414
0.8530219978922007 	 89.54407895366374
0.8540219978922007 	 84.15780562734795
0.8550219978922007 	 79.07508553026243
0.8560219978922007 	 74.28237569337263
0.8570219978922007 	 69.76715571967718
0.8580219978922007 	 65.51785138032618
0.8590219978922007 	 61.52376536479778
0.8600219978922007 	 57.77501446389408
0.8610219978922007 	 54.26247254676364
0.8620219978922007 	 50.97771876540609
0.8630219978922007 	 47.91299048353209
0.8640219978922007 	 45.06114048241227
0.8650219978922007 	 42.415598045481296
0.8660219978922007 	 39.97033356682079
0.8670219978922007 	 37.719826366970395
0.8680219978922007 	 35.659035433472766
0.8690219978922007 	 33.78337283367557
0.8700219978922007 	 32.08867957409266
0.8710219978922007 	 30.57120370447456
0.8720219978922007 	 29.22758048601125
0.8730219978922007 	 28.05481446212318
0.8740219978922007 	 27.050263287333905
0.8750219978922007 	 26.211623185027857
0.8760219978922007 	 25.536915918670964
0.8770219978922007 	 25.02447717350016
0.8780219978922007 	 24.67294625693244
0.8790219978922007 	 24.481257036146076
0.8800219978922007 	 24.44863004057234
0.8810219978922007 	 24.574565665515323
0.8820219978922007 	 24.858838420892784
0.8830219978922007 	 25.301492176245144
0.8840219978922007 	 25.902836359778323
0.8850219978922007 	 26.663443075351882
0.8860219978922007 	 27.584145107069965
0.8870219978922007 	 28.666034786526478
0.8880219978922007 	 29.910463702861207
0.8890219978922007 	 31.319043240638035
0.8900219978922007 	 32.893645935215616
0.8910219978922007 	 34.6364076397748
0.8920219978922007 	 36.5497305025473
0.8930219978922007 	 38.63628675708181
0.8940219978922007 	 40.89902333263456
0.8950219978922007 	 43.34116729600124
0.8960219978922007 	 45.96623214036893
0.8970219978922007 	 48.77802494107293
0.8980219978922007 	 51.780654402544705
0.8990219978922007 	 54.97853982525896
0.9000219978922007 	 58.37642102616491
0.9010219978922007 	 61.97936925096022
0.9020219978922007 	 65.79279912166997
0.9030219978922007 	 69.82248166836314
0.9040219978922007 	 74.0745584995272
0.9050219978922007 	 78.5555571716653
0.9060219978922007 	 83.27240782512946
0.9070219978922007 	 88.23246116010883
0.9080219978922007 	 93.44350783411548
0.9090219978922007 	 98.91379937031373
0.9100219978922007 	 104.65207067467468
0.9110219978922007 	 110.66756426931106
0.9120219978922007 	 116.97005635951191
0.9130219978922007 	 123.56988486304587
0.9140219978922007 	 130.4779795423749
0.9150219978922007 	 137.70589439356326
0.9160219978922007 	 145.26584246006342
0.9170219978922007 	 153.1707332553235
0.9180219978922007 	 161.43421299544062
0.9190219978922007 	 170.0707078620735
0.9200219978922007 	 179.09547053669726
0.9210219978922007 	 188.52463027026903
0.9220219978922007 	 198.37524677772808
0.9230219978922007 	 208.66536827469233
0.9240219978922007 	 219.41409400465744
0.9250219978922007 	 230.6416416391831
0.9260219978922007 	 242.36941997142165
0.9270219978922007 	 254.62010736538684
0.9280219978922007 	 267.4177364699628
0.9290219978922007 	 280.7877857585288
0.9300219978922007 	 294.7572785127658
0.9310219978922007 	 309.35488993351316
0.9320219978922007 	 324.6110631332699
0.9330219978922007 	 340.5581348450513
0.9340219978922008 	 357.2304717719424
0.9350219978922008 	 374.6646186020218
0.9360219978922008 	 392.8994588258426
0.9370219978922008 	 411.9763896200091
0.9380219978922008 	 431.93951220241235
0.9390219978922008 	 452.835839224585
0.9400219978922008 	 474.7155209469433
0.9410219978922008 	 497.63209214622225
0.9420219978922008 	 521.6427419345351
0.9430219978922008 	 546.8086089302006
0.9440219978922008 	 573.1951045159627
0.9450219978922008 	 600.8722672561544
0.9460219978922008 	 629.9151519262672
0.9470219978922008 	 660.4042570439726
0.9480219978922008 	 692.4259952876015
0.9490219978922008 	 726.0732117567035
0.9500219978922008 	 761.4457556805646
0.9510219978922008 	 798.6511119281805
0.9520219978922008 	 837.8050995329154
0.9530219978922008 	 879.0326454355929
0.9540219978922008 	 922.468642793519
0.9550219978922008 	 968.2589045259269
0.9560219978922008 	 1016.5612243003471
0.9570219978922008 	 1067.5465589466896
0.9580219978922008 	 1121.4003483613135
0.9590219978922008 	 1178.3239913858763
0.9600219978922008 	 1238.5364989801524
0.9610219978922008 	 1302.2763493324244
0.9620219978922008 	 1369.8035734601438
0.9630219978922008 	 1441.4021044621827
0.9640219978922008 	 1517.3824290322966
0.9650219978922008 	 1598.0845863022364
0.9660219978922008 	 1683.881566761972
0.9670219978922008 	 1775.1831731618392
0.9680219978922008 	 1872.4404162556245
0.9690219978922008 	 1976.1505313890304
0.9700219978922008 	 2086.8627177668122
0.9710219978922008 	 2205.184721356397
0.9720219978922008 	 2331.7904055768417
0.9730219978922008 	 2467.4284821485967
0.9740219978922008 	 2612.9326089686974
0.9750219978922008 	 2769.2331041881976
0.9760219978922008 	 2937.37057779615
0.9770219978922008 	 3118.5118465168143
0.9780219978922008 	 3313.968578007141
0.9790219978922008 	 3525.219210485695
0.9800219978922008 	 3753.9348196300643
0.9810219978922008 	 4002.009763193354
0.9820219978922008 	 4271.598135022798
0.9830219978922008 	 4565.157316929388
0.9840219978922008 	 4885.50024645138
0.9850219978922008 	 5235.858444308006
0.9860219978922008 	 5619.958398960059
0.9870219978922008 	 6042.114630621234
0.9880219978922008 	 6507.343713309924
0.9890219978922008 	 7021.504804733689
0.9900219978922008 	 7591.473937619335
0.9910219978922008 	 8225.361629695057
0.9920219978922008 	 8932.786512859637
0.9930219978922008 	 9725.222013445145
0.9940219978922008 	 10616.439146421862
0.9950219978922008 	 11623.076977606372
0.9960219978922008 	 12765.384405786848
0.9970219978922008 	 14068.194373482133
0.9980219978922008 	 15562.217150385155
0.9990219978922008 	 17285.777237507613
1.0000219978922007 	 19287.175599819693
1.0010219978922006 	 21627.946617546306
1.0020219978922005 	 24387.416161387355
1.0030219978922004 	 27669.18564677867
1.0040219978922003 	 31610.522913535755
1.0050219978922001 	 36396.23493635815
1.0060219978922 	 42279.615303281134
1.0070219978922 	 49614.85402581583
1.0080219978921998 	 58908.562113000866
1.0090219978921997 	 70904.2105236558
1.0100219978921996 	 86725.29758286456
1.0110219978921995 	 108127.49828004366
1.0120219978921994 	 137961.85303268107
1.0130219978921993 	 181065.1649320041
1.0140219978921992 	 246051.30437479008
1.015021997892199 	 349042.81165612803
1.016021997892199 	 521343.09171754157
1.0170219978921988 	 821851.0120292444
1.0180219978921987 	 1325767.5802343679
1.0190219978921986 	 1907434.551420481
1.0200219978921985 	 1921108.340684966
1.0210219978921984 	 1356655.4013885737
1.0220219978921983 	 856012.8308485891
1.0230219978921982 	 553022.6892126387
1.024021997892198 	 377100.40322163503
1.025021997892198 	 270732.2110416868
1.0260219978921978 	 202888.96432110306
1.0270219978921977 	 157424.04510693508
1.0280219978921976 	 125638.5030175708
1.0290219978921975 	 102612.13063375656
1.0300219978921974 	 85425.51342240741
1.0310219978921973 	 72269.77373902734
1.0320219978921972 	 61980.59260174384
1.033021997892197 	 53783.158430840725
1.034021997892197 	 47146.633472344525
1.0350219978921968 	 41697.92370425012
1.0360219978921967 	 37168.832613575505
1.0370219978921966 	 33362.68227214548
1.0380219978921965 	 30132.653497024803
1.0390219978921964 	 27367.386023071987
1.0400219978921963 	 24981.194204512776
1.0410219978921962 	 22907.28653825265
1.042021997892196 	 21092.982073234678
1.043021997892196 	 19496.28023548511
1.0440219978921959 	 18083.364293652878
1.0450219978921957 	 16826.759394825705
1.0460219978921956 	 15703.956392919838
1.0470219978921955 	 14696.37171153816
1.0480219978921954 	 13788.552723209808
1.0490219978921953 	 12967.564630276049
1.0500219978921952 	 12222.512996966909
1.051021997892195 	 11544.168701571676
1.052021997892195 	 10924.670956493332
1.0530219978921949 	 10357.290365463745
1.0540219978921948 	 9836.238538039663
1.0550219978921946 	 9356.51409187614
1.0560219978921945 	 8913.777304941852
1.0570219978921944 	 8504.2474825425
1.0580219978921943 	 8124.618452071555
1.0590219978921942 	 7771.988614770182
1.060021997892194 	 7443.80275601474
1.061021997892194 	 7137.803406722343
1.0620219978921939 	 6851.990004033478
1.0630219978921938 	 6584.584452885465
1.0640219978921936 	 6334.001966052267
1.0650219978921935 	 6098.8262769768435
1.0660219978921934 	 5877.788490940469
1.0670219978921933 	 5669.748976103371
1.0680219978921932 	 5473.681804523322
1.069021997892193 	 5288.661340374493
1.070021997892193 	 5113.850642820563
1.0710219978921929 	 4948.491407876483
1.0720219978921928 	 4791.895219861019
1.0730219978921927 	 4643.435920836922
1.0740219978921925 	 4502.542937432481
1.0750219978921924 	 4368.695429959532
1.0760219978921923 	 4241.41714983455
1.0770219978921922 	 4120.271908801501
1.078021997892192 	 4004.8595780142923
1.079021997892192 	 3894.8125471930116
1.0800219978921919 	 3789.7925842526397
1.0810219978921918 	 3689.488044360671
1.0820219978921917 	 3593.6113845933546
1.0830219978921916 	 3501.8969464574875
1.0840219978921914 	 3414.098973713203
1.0850219978921913 	 3329.989837325958
1.0860219978921912 	 3249.358443119922
1.0870219978921911 	 3172.008800903354
1.088021997892191 	 3097.758736575796
1.089021997892191 	 3026.438731079132
1.0900219978921908 	 2957.8908720779336
1.0910219978921907 	 2891.9679060002904
1.0920219978921906 	 2828.5323795784843
1.0930219978921905 	 2767.4558613359577
1.0940219978921903 	 2708.618234600776
1.0950219978921902 	 2651.9070546123467
1.0960219978921901 	 2597.21696314736
1.09702199789219 	 2544.4491548414708
1.09802199789219 	 2493.510890039174
1.0990219978921898 	 2444.3150495796162
1.1000219978921897 	 2396.779727430504
1.1010219978921896 	 2350.827857526162
1.1020219978921895 	 2306.386871556469
1.1030219978921894 	 2263.388384798134
1.1040219978921892 	 2221.767907384341
1.1050219978921891 	 2181.464578678173
1.106021997892189 	 2142.420922654104
1.107021997892189 	 2104.582622403723
1.1080219978921888 	 2067.8983120702014
1.1090219978921887 	 2032.319384683646
1.1100219978921886 	 1997.79981451881
1.1110219978921885 	 1964.2959927300533
1.1120219978921884 	 1931.766575137374
1.1130219978921883 	 1900.1723411440894
1.1140219978921881 	 1869.4760628620227
1.115021997892188 	 1839.6423836058393
1.116021997892188 	 1810.6377049948608
1.1170219978921878 	 1782.4300819700175
1.1180219978921877 	 1754.989125095548
1.1190219978921876 	 1728.28590957135
1.1200219978921875 	 1702.292890432229
1.1210219978921874 	 1676.9838234560625
1.1220219978921873 	 1652.3336913441144
1.1230219978921872 	 1628.3186347740484
1.124021997892187 	 1604.9158879600602
1.125021997892187 	 1582.1037183851251
1.1260219978921868 	 1559.861370398285
1.1270219978921867 	 1538.1690123950289
1.1280219978921866 	 1517.0076873219714
1.1290219978921865 	 1496.3592662678013
1.1300219978921864 	 1476.2064049215865
1.1310219978921863 	 1456.5325026968926
1.1320219978921862 	 1437.3216643360001
1.133021997892186 	 1418.558663822955
1.134021997892186 	 1400.2289104474821
1.1350219978921858 	 1382.3184168738062
1.1360219978921857 	 1364.8137690795581
1.1370219978921856 	 1347.7020980400748
1.1380219978921855 	 1330.9710530426953
1.1390219978921854 	 1314.6087765242125
1.1400219978921853 	 1298.6038803324595
1.1410219978921852 	 1282.9454233202384
1.142021997892185 	 1267.62289018639
1.143021997892185 	 1252.6261714849468
1.1440219978921848 	 1237.9455447288774
1.1450219978921847 	 1223.5716565201426
1.1460219978921846 	 1209.4955056425417
1.1470219978921845 	 1195.7084270582186
1.1480219978921844 	 1182.2020767527945
1.1490219978921843 	 1168.9684173778094
1.1500219978921842 	 1155.999704642675
1.151021997892184 	 1143.2884744115077
1.152021997892184 	 1130.8275304632268
1.1530219978921838 	 1118.6099328760301
1.1540219978921837 	 1106.6289869999273
1.1550219978921836 	 1094.8782329833703
1.1560219978921835 	 1083.351435822233
1.1570219978921834 	 1072.0425759014145
1.1580219978921833 	 1060.9458400012372
1.1590219978921832 	 1050.0556127425991
1.160021997892183 	 1039.3664684464463
1.161021997892183 	 1028.873163384657
1.1620219978921829 	 1018.5706284008755
1.1630219978921827 	 1008.4539618811376
1.1640219978921826 	 998.5184230553502
1.1650219978921825 	 988.7594256118514
1.1660219978921824 	 979.1725316083612
1.1670219978921823 	 969.7534456635971
1.1680219978921822 	 960.4980094147855
1.169021997892182 	 951.4021962271889
1.170021997892182 	 942.4621061425387
1.1710219978921819 	 933.6739610540634
1.1720219978921818 	 925.0341000965095
1.1730219978921816 	 916.5389752401998
1.1740219978921815 	 908.1851470788191
1.1750219978921814 	 899.969280801205
1.1760219978921813 	 891.8881423379412
1.1770219978921812 	 883.938594674105
1.178021997892181 	 876.1175943199695
1.179021997892181 	 868.4221879319392
1.1800219978921809 	 860.8495090763987
1.1810219978921808 	 853.3967751295795
1.1820219978921807 	 846.061284306898
1.1830219978921805 	 838.8404128155894
1.1840219978921804 	 831.7316121247964
1.1850219978921803 	 824.7324063475529
1.1860219978921802 	 817.8403897294437
1.18702199789218 	 811.0532242389501
1.18802199789218 	 804.3686372547821
1.1890219978921799 	 797.78441934574
1.1900219978921798 	 791.2984221388525
1.1910219978921797 	 784.9085562717987
1.1920219978921796 	 778.6127894257925
1.1930219978921794 	 772.4091444353033
1.1940219978921793 	 766.295697471202
1.1950219978921792 	 760.2705762940518
1.1960219978921791 	 754.331958574448
1.197021997892179 	 748.4780702774733
1.198021997892179 	 742.7071841084515
1.1990219978921788 	 737.0176180173531
1.2000219978921787 	 731.4077337593154
1.2010219978921786 	 725.8759355088553
1.2020219978921785 	 720.4206685255094
1.2030219978921783 	 715.0404178686875
1.2040219978921782 	 709.7337071596845
1.2050219978921781 	 704.4990973888586
1.206021997892178 	 699.3351857660897
1.207021997892178 	 694.2406046127261
1.2080219978921778 	 689.2140202932993
1.2090219978921777 	 684.2541321853781
1.2100219978921776 	 679.3596716859957
1.2110219978921775 	 674.5294012531687
1.2120219978921773 	 669.7621134810913
1.2130219978921772 	 665.0566302076403
1.2140219978921771 	 660.4118016529056
1.215021997892177 	 655.8265055875099
1.216021997892177 	 651.2996465295361
1.2170219978921768 	 646.8301549689319
1.2180219978921767 	 642.4169866183266
1.2190219978921766 	 638.0591216892153
1.2200219978921765 	 633.7555641925334
1.2210219978921764 	 629.5053412626826
1.2220219978921762 	 625.3075025041004
1.2230219978921761 	 621.1611193595173
1.224021997892176 	 617.0652844990756
1.225021997892176 	 613.0191112295165
1.2260219978921758 	 609.0217329226875
1.2270219978921757 	 605.0723024626387
1.2280219978921756 	 601.1699917106174
1.2290219978921755 	 597.3139909873007
1.2300219978921754 	 593.5035085716228
1.2310219978921753 	 589.7377702155934
1.2320219978921751 	 586.0160186745185
1.233021997892175 	 582.3375132520645
1.234021997892175 	 578.7015293596265
1.2350219978921748 	 575.1073580894887
1.2360219978921747 	 571.5543058012776
1.2370219978921746 	 568.0416937212348
1.2380219978921745 	 564.5688575538578
1.2390219978921744 	 561.1351471054618
1.2400219978921743 	 557.7399259192545
1.2410219978921742 	 554.3825709215076
1.242021997892174 	 551.0624720784518
1.243021997892174 	 547.7790320635074
1.2440219978921738 	 544.5316659345087
1.2450219978921737 	 541.3198008205648
1.2460219978921736 	 538.1428756182348
1.2470219978921735 	 535.0003406966972
1.2480219978921734 	 531.8916576116073
1.2490219978921733 	 528.8162988273501
1.2500219978921732 	 525.773747447405
1.251021997892173 	 522.7634969525518
1.252021997892173 	 519.7850509466559
1.2530219978921728 	 516.8379229097776
1.2540219978921727 	 513.9216359583723
1.2550219978921726 	 511.03572261233546
1.2560219978921725 	 508.17972456867756
1.2570219978921724 	 505.353192481612
1.2580219978921723 	 502.55568574883944
1.2590219978921722 	 499.7867723038381
1.260021997892172 	 497.04602841396104
1.261021997892172 	 494.3330384841514
1.2620219978921718 	 491.6473948661069
1.2630219978921717 	 488.9886976727033
1.2640219978921716 	 486.3565545975282
1.2650219978921715 	 483.7505807393501
1.2660219978921714 	 481.17039843137553
1.2670219978921713 	 478.6156370751392
1.2680219978921712 	 476.085932978888
1.269021997892171 	 473.58092920031487
1.270021997892171 	 471.1002753935097
1.2710219978921709 	 468.6436276599975
1.2720219978921707 	 466.2106484037402
1.2730219978921706 	 463.80100618997744
1.2740219978921705 	 461.41437560779036
1.2750219978921704 	 459.05043713627913
1.2760219978921703 	 456.7088770142415
1.2770219978921702 	 454.389387113248
1.27802199789217 	 452.091664814012
1.27902199789217 	 449.8154128859588
1.2800219978921699 	 447.56033936989354
1.2810219978921698 	 445.32615746368145
1.2820219978921696 	 443.11258541084914
1.2830219978921695 	 440.9193463920212
1.2840219978921694 	 438.74616841910927
1.2850219978921693 	 436.5927842321757
1.2860219978921692 	 434.4589311988882
1.287021997892169 	 432.3443512164988
1.288021997892169 	 430.24879061626785
1.2890219978921689 	 428.17200007026355
1.2900219978921688 	 426.11373450047716
1.2910219978921686 	 424.0737529901717
1.2920219978921685 	 422.05181869742046
1.2930219978921684 	 420.0476987707563
1.2940219978921683 	 418.06116426688465
1.2950219978921682 	 416.0919900703935
1.296021997892168 	 414.13995481541036
1.297021997892168 	 412.20484080915026
1.2980219978921679 	 410.28643395730035
1.2990219978921678 	 408.3845236911928
1.3000219978921677 	 406.49890289671765
1.3010219978921675 	 404.6293678449225
1.3020219978921674 	 402.7757181242604
1.3030219978921673 	 400.93775657443445
1.3040219978921672 	 399.1152892217997
1.305021997892167 	 397.30812521627996
1.306021997892167 	 395.51607676975556
1.3070219978921669 	 393.7389590958878
1.3080219978921668 	 391.97659035133364
1.3090219978921667 	 390.22879157832705
1.3100219978921666 	 388.4953866485706
1.3110219978921664 	 386.77620220842715
1.3120219978921663 	 385.0710676253533
1.3130219978921662 	 383.37981493556
1.3140219978921661 	 381.7022787928578
1.315021997892166 	 380.0382964186619
1.316021997892166 	 378.3877075531214
1.3170219978921658 	 376.7503544073478
1.3180219978921657 	 375.1260816167131
1.3190219978921656 	 373.5147361951903
1.3200219978921655 	 371.9161674907057
1.3210219978921653 	 370.330227141486
1.3220219978921652 	 368.7567690333644
1.3230219978921651 	 367.19564925802774
1.324021997892165 	 365.64672607218137
1.325021997892165 	 364.1098598576026
1.3260219978921648 	 362.584913082068
1.3270219978921647 	 361.0717502611278
1.3280219978921646 	 359.57023792070635
1.3290219978921645 	 358.0802445605095
1.3300219978921644 	 356.6016406182207
1.3310219978921642 	 355.13429843446005
1.3320219978921641 	 353.67809221849654
1.333021997892164 	 352.2328980146848
1.334021997892164 	 350.7985936696181
1.3350219978921638 	 349.375058799973
1.3360219978921637 	 347.9621747610336
1.3370219978921636 	 346.55982461587485
1.3380219978921635 	 345.167893105194
1.3390219978921634 	 343.78626661776804
1.3400219978921633 	 342.41483316152903
1.3410219978921631 	 341.05348233523665
1.342021997892163 	 339.7021053007378
1.343021997892163 	 338.36059475579845
1.3440219978921628 	 337.0288449074897
1.3450219978921627 	 335.70675144612403
1.3460219978921626 	 334.3942115197178
1.3470219978921625 	 333.0911237089804
1.3480219978921624 	 331.7973880028008
1.3490219978921623 	 330.5129057742407
1.3500219978921622 	 329.2375797570022
1.351021997892162 	 327.9713140223737
1.352021997892162 	 326.7140139566359
1.3530219978921618 	 325.46558623891787
1.3540219978921617 	 324.2259388194967
1.3550219978921616 	 322.9949808985233
1.3560219978921615 	 321.7726229051739
1.3570219978921614 	 320.5587764772095
1.3580219978921613 	 319.35335444093823
1.3590219978921612 	 318.1562707915699
1.360021997892161 	 316.96744067395605
1.361021997892161 	 315.7867803637029
1.3620219978921608 	 314.6142072486532
1.3630219978921607 	 313.4496398107256
1.3640219978921606 	 312.2929976081039
1.3650219978921605 	 311.14420125777235
1.3660219978921604 	 310.0031724183814
1.3670219978921603 	 308.8698337734459
1.3680219978921602 	 307.74410901485993
1.36902199789216 	 306.625922826729
1.37002199789216 	 305.5152008695045
1.3710219978921598 	 304.411869764423
1.3720219978921597 	 303.31585707823507
1.3730219978921596 	 302.2270913082226
1.3740219978921595 	 301.1455018674978
1.3750219978921594 	 300.07101907057546
1.3760219978921593 	 299.0035741192146
1.3770219978921592 	 297.9430990885246
1.378021997892159 	 296.8895269133254
1.379021997892159 	 295.84279137476403
1.3800219978921588 	 294.80282708717345
1.3810219978921587 	 293.7695694851767
1.3820219978921586 	 292.74295481102376
1.3830219978921585 	 291.72292010216194
1.3840219978921584 	 290.70940317903217
1.3850219978921583 	 289.702342633086
1.3860219978921582 	 288.70167781502164
1.387021997892158 	 287.707348823229
1.388021997892158 	 286.7192964924476
1.3890219978921579 	 285.7374623826236
1.3900219978921577 	 284.7617887679686
1.3910219978921576 	 283.79221862621426
1.3920219978921575 	 282.82869562805655
1.3930219978921574 	 281.8711641267891
1.3940219978921573 	 280.9195691481193
1.3950219978921572 	 279.9738563801641
1.396021997892157 	 279.0339721636227
1.397021997892157 	 278.0998634821216
1.3980219978921569 	 277.17147795272797
1.3990219978921568 	 276.24876381662995
1.4000219978921566 	 275.3316699299789
1.4010219978921565 	 274.42014575489003
1.4020219978921564 	 273.5141413505995
1.4030219978921563 	 272.61360736477553
1.4040219978921562 	 271.7184950249763
1.405021997892156 	 270.8287561302579
1.406021997892156 	 269.94434304292355
1.4070219978921559 	 269.065208680416
1.4080219978921558 	 268.19130650734655
1.4090219978921557 	 267.32259052766017
1.4100219978921555 	 266.4590152769334
1.4110219978921554 	 265.6005358148031
1.4120219978921553 	 264.7471077175218
1.4130219978921552 	 263.89868707063994
1.414021997892155 	 263.05523046180883
1.415021997892155 	 262.2166949737057
1.4160219978921549 	 261.38303817707646
1.4170219978921548 	 260.55421812389403
1.4180219978921547 	 259.73019334062974
1.4190219978921546 	 258.9109228216381
1.4200219978921544 	 258.09636602264914
1.4210219978921543 	 257.28648285436736
1.4220219978921542 	 256.48123367617865
1.4230219978921541 	 255.68057928995756
1.424021997892154 	 254.88448093397758
1.425021997892154 	 254.09290027691927
1.4260219978921538 	 253.30579941197803
1.4270219978921537 	 252.52314085106514
1.4280219978921536 	 251.7448875191039
1.4290219978921535 	 250.97100274841782
1.4300219978921533 	 250.20145027320888
1.4310219978921532 	 249.436194224125
1.4320219978921531 	 248.67519912291334
1.433021997892153 	 247.9184298771606
1.434021997892153 	 247.16585177511627
1.4350219978921528 	 246.41743048059797
1.4360219978921527 	 245.6731320279789
1.4370219978921526 	 244.93292281725286
1.4380219978921525 	 244.1967696091786
1.4390219978921523 	 243.4646395204997
1.4400219978921522 	 242.73650001924014
1.4410219978921521 	 242.01231892007337
1.442021997892152 	 241.29206437976347
1.443021997892152 	 240.57570489267795
1.4440219978921518 	 239.86320928636965
1.4450219978921517 	 239.15454671722813
1.4460219978921516 	 238.44968666619724
1.4470219978921515 	 237.74859893456
1.4480219978921514 	 237.05125363978678
1.4490219978921512 	 236.35762121144973
1.4500219978921511 	 235.6676723871974
1.451021997892151 	 234.9813782087918
1.452021997892151 	 234.29871001820655
1.4530219978921508 	 233.6196394537837
1.4540219978921507 	 232.94413844644936
1.4550219978921506 	 232.2721792159858
1.4560219978921505 	 231.60373426736078
1.4570219978921504 	 230.9387763871118
1.4580219978921503 	 230.27727863978492
1.4590219978921501 	 229.6192143644273
1.46002199789215 	 228.96455717113085
1.46102199789215 	 228.31328093762934
1.4620219978921498 	 227.66535980594475
1.4630219978921497 	 227.02076817908477
1.4640219978921496 	 226.37948071778786
1.4650219978921495 	 225.74147233731765
1.4660219978921494 	 225.10671820430414
1.4670219978921493 	 224.4751937336309
1.4680219978921492 	 223.84687458536933
1.469021997892149 	 223.2217366617564
1.470021997892149 	 222.59975610421782
1.4710219978921488 	 221.9809092904337
1.4720219978921487 	 221.36517283144747
1.4730219978921486 	 220.75252356881626
1.4740219978921485 	 220.14293857180357
1.4750219978921484 	 219.53639513461172
1.4760219978921483 	 218.93287077365332
1.4770219978921482 	 218.33234322486507
1.478021997892148 	 217.73479044105588
1.479021997892148 	 217.1401905892976
1.4800219978921478 	 216.54852204834822
1.4810219978921477 	 215.95976340611608
1.4820219978921476 	 215.3738934571579
1.4830219978921475 	 214.79089120021226
1.4840219978921474 	 214.21073583576924
1.4850219978921473 	 213.63340676367335
1.4860219978921472 	 213.0588835807605
1.487021997892147 	 212.48714607852904
1.488021997892147 	 211.91817424084192
1.4890219978921468 	 211.35194824166237
1.4900219978921467 	 210.78844844282133
1.4910219978921466 	 210.2276553918145
1.4920219978921465 	 209.66954981963164
1.4930219978921464 	 209.11411263861532
1.4940219978921463 	 208.56132494034944
1.4950219978921462 	 208.0111679935771
1.496021997892146 	 207.46362324214644
1.497021997892146 	 206.91867230298612
1.4980219978921459 	 206.3762969641072
1.4990219978921457 	 205.83647918263358
1.5000219978921456 	 205.29920108285836
1.5010219978921455 	 204.7644449543277
1.5020219978921454 	 204.23219324994977
1.5030219978921453 	 203.70242858413022
1.5040219978921452 	 203.17513373093266
1.505021997892145 	 202.65029162226386
1.506021997892145 	 202.12788534608333
1.5070219978921449 	 201.607898144638
1.5080219978921447 	 201.090313412719
1.5090219978921446 	 200.57511469594343
1.5100219978921445 	 200.062285689058
1.5110219978921444 	 199.5518102342662
1.5120219978921443 	 199.0436723195767
1.5130219978921442 	 198.53785607717535
1.514021997892144 	 198.03434578181614
1.515021997892144 	 197.53312584923722
1.5160219978921439 	 197.03418083459405
1.5170219978921438 	 196.5374954309157
1.5180219978921436 	 196.0430544675809
1.5190219978921435 	 195.5508429088129
1.5200219978921434 	 195.06084585219654
1.5210219978921433 	 194.573048527212
1.5220219978921432 	 194.0874362937897
1.523021997892143 	 193.60399464088272
1.524021997892143 	 193.1227091850591
1.5250219978921429 	 192.6435656691105
1.5260219978921428 	 192.1665499606811
1.5270219978921427 	 191.6916480509127
1.5280219978921425 	 191.21884605310748
1.5290219978921424 	 190.7481302014087
1.5300219978921423 	 190.27948684949737
1.5310219978921422 	 189.8129024693062
1.532021997892142 	 189.3483636497507
1.533021997892142 	 188.88585709547388
1.5340219978921419 	 188.42536962561098
1.5350219978921418 	 187.9668881725657
1.5360219978921417 	 187.51039978080527
1.5370219978921416 	 187.0558916056686
1.5380219978921414 	 186.6033509121907
1.5390219978921413 	 186.15276507394168
1.5400219978921412 	 185.70412157187954
1.5410219978921411 	 185.2574079932188
1.542021997892141 	 184.8126120303125
1.543021997892141 	 184.36972147954748
1.5440219978921408 	 183.9287242402552
1.5450219978921407 	 183.48960831363445
1.5460219978921406 	 183.0523618016888
1.5470219978921405 	 182.61697290617562
1.5480219978921403 	 182.18342992757027
1.5490219978921402 	 181.7517212640412
1.5500219978921401 	 181.32183541043867
1.55102199789214 	 180.8937609572951
1.55202199789214 	 180.4674865898398
1.5530219978921398 	 180.04300108702228
1.5540219978921397 	 179.62029332055076
1.5550219978921396 	 179.19935225394104
1.5560219978921395 	 178.7801669415773
1.5570219978921394 	 178.3627265277829
1.5580219978921392 	 177.9470202459052
1.5590219978921391 	 177.5330374174095
1.560021997892139 	 177.1207674509839
1.561021997892139 	 176.71019984165616
1.5620219978921388 	 176.30132416992018
1.5630219978921387 	 175.89413010087344
1.5640219978921386 	 175.48860738336487
1.5650219978921385 	 175.08474584915248
1.5660219978921384 	 174.68253541207167
1.5670219978921383 	 174.2819660672129
1.5680219978921381 	 173.8830278901095
1.569021997892138 	 173.48571103593542
1.570021997892138 	 173.0900057387111
1.5710219978921378 	 172.69590231052138
1.5720219978921377 	 172.30339114073996
1.5730219978921376 	 171.91246269526408
1.5740219978921375 	 171.52310751575888
1.5750219978921374 	 171.1353162189099
1.5760219978921373 	 170.74907949568413
1.5770219978921372 	 170.3643881106002
1.578021997892137 	 169.98123290100756
1.579021997892137 	 169.5996047763726
1.5800219978921368 	 169.21949471757503
1.5810219978921367 	 168.8408937762101
1.5820219978921366 	 168.4637930739015
1.5830219978921365 	 168.08818380162032
1.5840219978921364 	 167.71405721901237
1.5850219978921363 	 167.34140465373412
1.5860219978921362 	 166.97021750079463
1.587021997892136 	 166.60048722190666
1.588021997892136 	 166.2322053448447
1.5890219978921358 	 165.86536346280954
1.5900219978921357 	 165.4999532338016
1.5910219978921356 	 165.13596637999973
1.5920219978921355 	 164.7733946871492
1.5930219978921354 	 164.41223000395397
1.5940219978921353 	 164.0524642414784
1.5950219978921352 	 163.6940893725546
1.596021997892135 	 163.33709743119576
1.597021997892135 	 162.98148051201773
1.5980219978921348 	 162.62723076966577
1.5990219978921347 	 162.27434041824884
1.6000219978921346 	 161.92280173077907
1.6010219978921345 	 161.57260703861826
1.6020219978921344 	 161.22374873093094
1.6030219978921343 	 160.87621925414211
1.6040219978921342 	 160.530011111403
1.605021997892134 	 160.18511686206102
1.606021997892134 	 159.8415291211363
1.6070219978921338 	 159.49924055880484
1.6080219978921337 	 159.15824389988563
1.6090219978921336 	 158.81853192333486
1.6100219978921335 	 158.48009746174523
1.6110219978921334 	 158.14293340085095
1.6120219978921333 	 157.80703267903777
1.6130219978921332 	 157.47238828685897
1.614021997892133 	 157.13899326655593
1.615021997892133 	 156.80684071158467
1.6160219978921329 	 156.47592376614716
1.6170219978921327 	 156.1462356247279
1.6180219978921326 	 155.81776953163538
1.6190219978921325 	 155.49051878054877
1.6200219978921324 	 155.1644767140688
1.6210219978921323 	 154.8396367232751
1.6220219978921322 	 154.51599224728625
1.623021997892132 	 154.1935367728263
1.624021997892132 	 153.8722638337951
1.6250219978921319 	 153.55216701084308
1.6260219978921318 	 153.23323993095167
1.6270219978921316 	 152.91547626701677
1.6280219978921315 	 152.5988697374378
1.6290219978921314 	 152.28341410571062
1.6300219978921313 	 151.96910318002477
1.6310219978921312 	 151.65593081286536
1.632021997892131 	 151.343890900619
1.633021997892131 	 151.03297738318332
1.6340219978921309 	 150.72318424358198
1.6350219978921308 	 150.41450550758225
1.6360219978921307 	 150.10693524331765
1.6370219978921305 	 149.80046756091426
1.6380219978921304 	 149.49509661212062
1.6390219978921303 	 149.1908165899422
1.6400219978921302 	 148.88762172827904
1.64102199789213 	 148.5855063015675
1.64202199789213 	 148.28446462442608
1.6430219978921299 	 147.98449105130408
1.6440219978921298 	 147.68557997613433
1.6450219978921297 	 147.38772583199037
1.6460219978921296 	 147.09092309074552
1.6470219978921294 	 146.79516626273718
1.6480219978921293 	 146.50044989643288
1.6490219978921292 	 146.2067685781017
1.650021997892129 	 145.91411693148746
1.651021997892129 	 145.62248961748594
1.652021997892129 	 145.33188133382563
1.6530219978921288 	 145.04228681475112
1.6540219978921287 	 144.75370083071059
1.6550219978921286 	 144.4661181880455
1.6560219978921285 	 144.17953372868416
1.6570219978921283 	 143.89394232983855
1.6580219978921282 	 143.60933890370313
1.6590219978921281 	 143.32571839715843
1.660021997892128 	 143.0430757914757
1.661021997892128 	 142.76140610202626
1.6620219978921278 	 142.4807043779927
1.6630219978921277 	 142.20096570208358
1.6640219978921276 	 141.92218519025067
1.6650219978921275 	 141.64435799140887
1.6660219978921273 	 141.3674792871597
1.6670219978921272 	 141.0915442915169
1.6680219978921271 	 140.81654825063487
1.669021997892127 	 140.5424864425395
1.670021997892127 	 140.26935417686332
1.6710219978921268 	 139.9971467945807
1.6720219978921267 	 139.72585966774776
1.6730219978921266 	 139.4554881992439
1.6740219978921265 	 139.18602782251642
1.6750219978921264 	 138.91747400132715
1.6760219978921262 	 138.64982222950175
1.6770219978921261 	 138.38306803068167
1.678021997892126 	 138.1172069580785
1.679021997892126 	 137.85223459423042
1.6800219978921258 	 137.5881465507618
1.6810219978921257 	 137.32493846814393
1.6820219978921256 	 137.06260601545947
1.6830219978921255 	 136.80114489016816
1.6840219978921254 	 136.54055081787504
1.6850219978921253 	 136.28081955210186
1.6860219978921251 	 136.02194687405878
1.687021997892125 	 135.76392859242065
1.688021997892125 	 135.5067605431034
1.6890219978921248 	 135.25043858904368
1.6900219978921247 	 134.99495861998045
1.6910219978921246 	 134.7403165522388
1.6920219978921245 	 134.48650832851533
1.6930219978921244 	 134.23352991766612
1.6940219978921243 	 133.98137731449657
1.6950219978921242 	 133.73004653955311
1.696021997892124 	 133.47953363891753
1.697021997892124 	 133.2298346840019
1.6980219978921238 	 132.9809457713472
1.6990219978921237 	 132.73286302242232
1.7000219978921236 	 132.48558258342618
1.7010219978921235 	 132.23910062509108
1.7020219978921234 	 131.9934133424879
1.7030219978921233 	 131.74851695483324
1.7040219978921232 	 131.50440770529855
1.705021997892123 	 131.2610818608211
1.706021997892123 	 131.0185357119161
1.7070219978921228 	 130.77676557249166
1.7080219978921227 	 130.53576777966447
1.7090219978921226 	 130.29553869357795
1.7100219978921225 	 130.05607469722128
1.7110219978921224 	 129.81737219625123
1.7120219978921223 	 129.5794276188148
1.7130219978921222 	 129.34223741537343
1.714021997892122 	 129.10579805853
1.715021997892122 	 128.87010604285584
1.7160219978921218 	 128.6351578847204
1.7170219978921217 	 128.40095012212274
1.7180219978921216 	 128.1674793145229
1.7190219978921215 	 127.93474204267724
1.7200219978921214 	 127.7027349084736
1.7210219978921213 	 127.47145453476807
1.7220219978921212 	 127.24089756522406
1.723021997892121 	 127.0110606641525
1.724021997892121 	 126.781940516353
1.7250219978921209 	 126.55353382695748
1.7260219978921207 	 126.3258373212741
1.7270219978921206 	 126.09884774463345
1.7280219978921205 	 125.87256186223578
1.7290219978921204 	 125.64697645899989
1.7300219978921203 	 125.4220883394128
1.7310219978921202 	 125.19789432738163
1.73202199789212 	 124.97439126608617
1.73302199789212 	 124.75157601783292
1.7340219978921199 	 124.52944546391063
1.7350219978921197 	 124.30799650444736
1.7360219978921196 	 124.08722605826777
1.7370219978921195 	 123.86713106275296
1.7380219978921194 	 123.64770847370121
1.7390219978921193 	 123.42895526518942
1.7400219978921192 	 123.21086842943623
1.741021997892119 	 122.99344497666635
1.742021997892119 	 122.7766819349764
1.7430219978921189 	 122.5605763502011
1.7440219978921188 	 122.34512528578149
1.7450219978921186 	 122.13032582263395
1.7460219978921185 	 121.91617505902019
1.7470219978921184 	 121.70267011041925
1.7480219978921183 	 121.48980810939923
1.7490219978921182 	 121.27758620549162
1.750021997892118 	 121.06600156506565
1.751021997892118 	 120.85505137120431
1.7520219978921179 	 120.64473282358149
1.7530219978921178 	 120.43504313833958
1.7540219978921177 	 120.22597954796906
1.7550219978921175 	 120.01753930118873
1.7560219978921174 	 119.8097196628261
1.7570219978921173 	 119.60251791370085
1.7580219978921172 	 119.39593135050737
1.759021997892117 	 119.18995728569921
1.760021997892117 	 118.98459304737456
1.7610219978921169 	 118.77983597916224
1.7620219978921168 	 118.5756834401098
1.7630219978921167 	 118.37213280457067
1.7640219978921166 	 118.16918146209443
1.7650219978921164 	 117.96682681731627
1.7660219978921163 	 117.76506628984882
1.7670219978921162 	 117.56389731417373
1.7680219978921161 	 117.36331733953479
1.769021997892116 	 117.16332382983241
1.770021997892116 	 116.96391426351748
1.7710219978921158 	 116.76508613348834
1.7720219978921157 	 116.5668369469862
1.7730219978921156 	 116.36916422549363
1.7740219978921155 	 116.17206550463273
1.7750219978921153 	 115.97553833406415
1.7760219978921152 	 115.7795802773874
1.7770219978921151 	 115.58418891204175
1.778021997892115 	 115.3893618292085
1.779021997892115 	 115.1950966337129
1.7800219978921148 	 115.00139094392833
1.7810219978921147 	 114.80824239168014
1.7820219978921146 	 114.61564862215108
1.7830219978921145 	 114.42360729378689
1.7840219978921144 	 114.23211607820329
1.7850219978921142 	 114.04117266009345
1.7860219978921141 	 113.85077473713602
1.787021997892114 	 113.6609200199044
1.788021997892114 	 113.47160623177635
1.7890219978921138 	 113.28283110884493
1.7900219978921137 	 113.09459239982928
1.7910219978921136 	 112.90688786598707
1.7920219978921135 	 112.71971528102698
1.7930219978921134 	 112.53307243102253
1.7940219978921133 	 112.34695711432583
1.7950219978921131 	 112.16136714148303
1.796021997892113 	 111.9763003351496
1.797021997892113 	 111.79175453000713
1.7980219978921128 	 111.60772757267942
1.7990219978921127 	 111.42421732165116
1.8000219978921126 	 111.24122164718587
1.8010219978921125 	 111.05873843124517
1.8020219978921124 	 110.87676556740814
1.8030219978921123 	 110.69530096079218
1.8040219978921122 	 110.5143425279736
1.805021997892112 	 110.33388819690961
1.806021997892112 	 110.15393590686064
1.8070219978921118 	 109.97448360831305
1.8080219978921117 	 109.79552926290306
1.8090219978921116 	 109.61707084334066
1.8100219978921115 	 109.43910633333452
1.8110219978921114 	 109.26163372751762
1.8120219978921113 	 109.08465103137324
1.8130219978921112 	 108.90815626116112
1.814021997892111 	 108.73214744384549
1.815021997892111 	 108.5566226170222
1.8160219978921108 	 108.38157982884768
1.8170219978921107 	 108.20701713796738
1.8180219978921106 	 108.03293261344572
1.8190219978921105 	 107.85932433469628
1.8200219978921104 	 107.68619039141205
1.8210219978921103 	 107.51352888349696
1.8220219978921102 	 107.34133792099782
1.82302199789211 	 107.16961562403614
1.82402199789211 	 106.99836012274162
1.8250219978921098 	 106.82756955718507
1.8260219978921097 	 106.65724207731262
1.8270219978921096 	 106.48737584288016
1.8280219978921095 	 106.31796902338816
1.8290219978921094 	 106.14901979801738
1.8300219978921093 	 105.98052635556476
1.8310219978921092 	 105.81248689437996
1.832021997892109 	 105.64489962230233
1.833021997892109 	 105.47776275659864
1.8340219978921088 	 105.31107452390083
1.8350219978921087 	 105.14483316014476
1.8360219978921086 	 104.97903691050871
1.8370219978921085 	 104.81368402935357
1.8380219978921084 	 104.64877278016216
1.8390219978921083 	 104.48430143547994
1.8400219978921082 	 104.3202682768558
1.841021997892108 	 104.15667159478343
1.842021997892108 	 103.99350968864299
1.8430219978921079 	 103.83078086664362
1.8440219978921077 	 103.6684834457657
1.8450219978921076 	 103.50661575170447
1.8460219978921075 	 103.34517611881341
1.8470219978921074 	 103.18416289004816
1.8480219978921073 	 103.02357441691102
1.8490219978921072 	 102.86340905939592
1.850021997892107 	 102.7036651859337
1.851021997892107 	 102.54434117333787
1.8520219978921069 	 102.38543540675056
1.8530219978921068 	 102.22694627958934
1.8540219978921066 	 102.0688721934941
1.8550219978921065 	 101.91121155827435
1.8560219978921064 	 101.753962791857
1.8570219978921063 	 101.59712432023485
1.8580219978921062 	 101.4406945774147
1.859021997892106 	 101.28467200536657
1.860021997892106 	 101.12905505397313
1.8610219978921059 	 100.97384218097943
1.8620219978921058 	 100.81903185194268
1.8630219978921057 	 100.66462254018327
1.8640219978921055 	 100.51061272673547
1.8650219978921054 	 100.35700090029837
1.8660219978921053 	 100.2037855571879
1.8670219978921052 	 100.0509652012888
1.868021997892105 	 99.89853834400672
1.869021997892105 	 99.7465035042211
1.8700219978921049 	 99.59485920823825
1.8710219978921048 	 99.44360398974473
1.8720219978921047 	 99.2927363897611
1.8730219978921046 	 99.14225495659606
1.8740219978921044 	 98.99215824580101
1.8750219978921043 	 98.84244482012448
1.8760219978921042 	 98.69311324946794
1.877021997892104 	 98.54416211084062
1.878021997892104 	 98.39558998831573
1.879021997892104 	 98.24739547298631
1.8800219978921038 	 98.09957716292188
1.8810219978921037 	 97.9521336631253
1.8820219978921036 	 97.80506358548959
1.8830219978921034 	 97.65836554875565
1.8840219978921033 	 97.51203817846984
1.8850219978921032 	 97.36608010694218
1.8860219978921031 	 97.22048997320425
1.887021997892103 	 97.07526642296868
1.888021997892103 	 96.93040810858724
1.8890219978921028 	 96.78591368901098
1.8900219978921027 	 96.64178182974894
1.8910219978921026 	 96.49801120282865
1.8920219978921025 	 96.35460048675607
1.8930219978921023 	 96.21154836647621
1.8940219978921022 	 96.06885353333351
1.8950219978921021 	 95.92651468503317
1.896021997892102 	 95.78453052560259
1.897021997892102 	 95.64289976535248
1.8980219978921018 	 95.50162112083927
1.8990219978921017 	 95.36069331482699
1.9000219978921016 	 95.22011507624978
1.9010219978921015 	 95.07988514017465
1.9020219978921014 	 94.94000224776408
1.9030219978921012 	 94.80046514623993
1.9040219978921011 	 94.66127258884634
1.905021997892101 	 94.5224233348139
1.906021997892101 	 94.38391614932334
1.9070219978921008 	 94.24574980347028
1.9080219978921007 	 94.10792307422939
1.9090219978921006 	 93.97043474441912
1.9100219978921005 	 93.83328360266721
1.9110219978921004 	 93.69646844337572
1.9120219978921003 	 93.55998806668656
1.9130219978921001 	 93.42384127844714
1.9140219978921 	 93.28802689017705
1.9150219978921 	 93.15254371903346
1.9160219978920998 	 93.01739058777851
1.9170219978920997 	 92.88256632474534
1.9180219978920996 	 92.74806976380563
1.9190219978920995 	 92.61389974433656
1.9200219978920994 	 92.4800551111883
1.9210219978920993 	 92.34653471465188
1.9220219978920992 	 92.21333741042685
1.923021997892099 	 92.08046205958989
1.924021997892099 	 91.94790752856248
1.9250219978920988 	 91.81567268908019
1.9260219978920987 	 91.6837564181611
1.9270219978920986 	 91.5521575980751
1.9280219978920985 	 91.42087511631293
1.9290219978920984 	 91.28990786555572
1.9300219978920983 	 91.15925474364472
1.9310219978920982 	 91.02891465355134
1.932021997892098 	 90.89888650334699
1.933021997892098 	 90.76916920617347
1.9340219978920978 	 90.63976168021371
1.9350219978920977 	 90.51066284866232
1.9360219978920976 	 90.38187163969643
1.9370219978920975 	 90.25338698644715
1.9380219978920974 	 90.12520782697068
1.9390219978920973 	 89.99733310421982
1.9400219978920972 	 89.86976176601588
1.941021997892097 	 89.74249276502039
1.942021997892097 	 89.61552505870756
1.9430219978920968 	 89.48885760933628
1.9440219978920967 	 89.36248938392266
1.9450219978920966 	 89.23641935421296
1.9460219978920965 	 89.1106464966563
1.9470219978920964 	 88.98516979237785
1.9480219978920963 	 88.85998822715175
1.9490219978920962 	 88.73510079137513
1.950021997892096 	 88.61050648004121
1.951021997892096 	 88.48620429271337
1.9520219978920959 	 88.36219323349914
1.9530219978920957 	 88.2384723110243
1.9540219978920956 	 88.11504053840704
1.9550219978920955 	 87.99189693323291
1.9560219978920954 	 87.86904051752904
1.9570219978920953 	 87.74647031773935
1.9580219978920952 	 87.62418536469944
1.959021997892095 	 87.50218469361154
1.960021997892095 	 87.38046734402049
1.9610219978920949 	 87.25903235978873
1.9620219978920947 	 87.13787878907203
1.9630219978920946 	 87.01700568429581
1.9640219978920945 	 86.89641210213065
1.9650219978920944 	 86.77609710346862
1.9660219978920943 	 86.65605975339996
1.9670219978920942 	 86.53629912118903
1.968021997892094 	 86.41681428025149
1.969021997892094 	 86.29760430813066
1.9700219978920939 	 86.17866828647495
1.9710219978920938 	 86.06000530101467
1.9720219978920936 	 85.94161444153943
1.9730219978920935 	 85.82349480187553
1.9740219978920934 	 85.70564547986358
1.9750219978920933 	 85.58806557733612
1.9760219978920932 	 85.47075420009594
1.977021997892093 	 85.35371045789344
1.978021997892093 	 85.23693346440525
1.9790219978920929 	 85.12042233721262
1.9800219978920928 	 85.00417619777932
1.9810219978920927 	 84.8881941714311
1.9820219978920925 	 84.77247538733361
1.9830219978920924 	 84.65701897847185
1.9840219978920923 	 84.5418240816289
1.9850219978920922 	 84.42688983736537
1.986021997892092 	 84.31221538999824
1.987021997892092 	 84.19779988758083
1.9880219978920919 	 84.08364248188202
1.9890219978920918 	 83.96974232836598
1.9900219978920917 	 83.85609858617235
1.9910219978920916 	 83.74271041809564
1.9920219978920914 	 83.62957699056588
1.9930219978920913 	 83.51669747362857
1.9940219978920912 	 83.40407104092517
1.9950219978920911 	 83.29169686967325
1.996021997892091 	 83.17957414064777
1.997021997892091 	 83.06770203816109
1.9980219978920908 	 82.9560797500445
1.9990219978920907 	 82.84470646762858
