0.0010219978922 	 0
0.0020219978922 	 0
0.0030219978922 	 0
0.0040219978922 	 0
0.0050219978922 	 0
0.0060219978922 	 0
0.0070219978922 	 0
0.0080219978922 	 0
0.009021997892200002 	 0
0.010021997892200003 	 0
0.011021997892200004 	 0
0.012021997892200004 	 0
0.013021997892200005 	 0
0.014021997892200006 	 0
0.015021997892200007 	 0
0.016021997892200008 	 0
0.01702199789220001 	 0
0.01802199789220001 	 0
0.01902199789220001 	 0
0.02002199789220001 	 0
0.021021997892200012 	 0
0.022021997892200013 	 0
0.023021997892200014 	 0
0.024021997892200015 	 0
0.025021997892200016 	 0
0.026021997892200017 	 0
0.027021997892200018 	 0
0.02802199789220002 	 0
0.02902199789220002 	 0
0.03002199789220002 	 0
0.03102199789220002 	 0
0.03202199789220002 	 0
0.03302199789220002 	 0
0.03402199789220002 	 0
0.03502199789220002 	 0
0.03602199789220002 	 0
0.03702199789220002 	 0
0.038021997892200024 	 0
0.039021997892200025 	 0
0.040021997892200026 	 0
0.04102199789220003 	 0
0.04202199789220003 	 0
0.04302199789220003 	 0
0.04402199789220003 	 0
0.04502199789220003 	 0
0.04602199789220003 	 0
0.04702199789220003 	 0
0.04802199789220003 	 0
0.049021997892200034 	 0
0.050021997892200035 	 0
0.051021997892200036 	 0
0.052021997892200036 	 0
0.05302199789220004 	 0
0.05402199789220004 	 0
0.05502199789220004 	 0
0.05602199789220004 	 0
0.05702199789220004 	 0
0.05802199789220004 	 0
0.05902199789220004 	 0
0.060021997892200044 	 0
0.061021997892200044 	 0
0.062021997892200045 	 0
0.06302199789220005 	 0
0.06402199789220005 	 0
0.06502199789220005 	 0
0.06602199789220005 	 0
0.06702199789220005 	 0
0.06802199789220005 	 0
0.06902199789220005 	 0
0.07002199789220005 	 0
0.07102199789220005 	 0
0.07202199789220005 	 0
0.07302199789220006 	 0
0.07402199789220006 	 0
0.07502199789220006 	 0
0.07602199789220006 	 0
0.07702199789220006 	 0
0.07802199789220006 	 0
0.07902199789220006 	 0
0.08002199789220006 	 0
0.08102199789220006 	 0
0.08202199789220006 	 0
0.08302199789220006 	 0
0.08402199789220006 	 0
0.08502199789220007 	 0
0.08602199789220007 	 0
0.08702199789220007 	 0
0.08802199789220007 	 0
0.08902199789220007 	 0
0.09002199789220007 	 0
0.09102199789220007 	 0
0.09202199789220007 	 0
0.09302199789220007 	 0
0.09402199789220007 	 0
0.09502199789220007 	 0
0.09602199789220008 	 0
0.09702199789220008 	 0
0.09802199789220008 	 0
0.09902199789220008 	 0
0.10002199789220008 	 0
0.10102199789220008 	 0
0.10202199789220008 	 0
0.10302199789220008 	 0
0.10402199789220008 	 0
0.10502199789220008 	 0
0.10602199789220008 	 0
0.10702199789220009 	 0
0.10802199789220009 	 0
0.10902199789220009 	 0
0.11002199789220009 	 0
0.11102199789220009 	 0
0.11202199789220009 	 0
0.11302199789220009 	 0
0.11402199789220009 	 0
0.11502199789220009 	 0
0.1160219978922001 	 0
0.1170219978922001 	 0
0.1180219978922001 	 0
0.1190219978922001 	 0
0.1200219978922001 	 0
0.1210219978922001 	 0
0.1220219978922001 	 0
0.1230219978922001 	 0
0.1240219978922001 	 0
0.1250219978922001 	 0
0.1260219978922001 	 0
0.1270219978922001 	 0
0.1280219978922001 	 0
0.1290219978922001 	 0
0.1300219978922001 	 0
0.1310219978922001 	 0
0.1320219978922001 	 0
0.1330219978922001 	 0
0.1340219978922001 	 0
0.1350219978922001 	 0
0.1360219978922001 	 0
0.1370219978922001 	 0
0.1380219978922001 	 0
0.1390219978922001 	 0
0.1400219978922001 	 0
0.1410219978922001 	 0
0.1420219978922001 	 0
0.1430219978922001 	 0
0.1440219978922001 	 0
0.1450219978922001 	 0
0.1460219978922001 	 0
0.1470219978922001 	 0
0.1480219978922001 	 0
0.1490219978922001 	 0
0.1500219978922001 	 0
0.1510219978922001 	 0
0.1520219978922001 	 0
0.1530219978922001 	 0
0.1540219978922001 	 0
0.15502199789220011 	 0
0.15602199789220011 	 0
0.15702199789220012 	 0
0.15802199789220012 	 0
0.15902199789220012 	 0
0.16002199789220012 	 0
0.16102199789220012 	 0
0.16202199789220012 	 0
0.16302199789220012 	 0
0.16402199789220012 	 0
0.16502199789220012 	 0
0.16602199789220012 	 0
0.16702199789220012 	 0
0.16802199789220013 	 0
0.16902199789220013 	 0
0.17002199789220013 	 0
0.17102199789220013 	 0
0.17202199789220013 	 0
0.17302199789220013 	 0
0.17402199789220013 	 0
0.17502199789220013 	 0
0.17602199789220013 	 0
0.17702199789220013 	 0
0.17802199789220013 	 0
0.17902199789220014 	 0
0.18002199789220014 	 0
0.18102199789220014 	 0
0.18202199789220014 	 0
0.18302199789220014 	 0
0.18402199789220014 	 0
0.18502199789220014 	 0
0.18602199789220014 	 0
0.18702199789220014 	 0
0.18802199789220014 	 0
0.18902199789220014 	 0
0.19002199789220015 	 0
0.19102199789220015 	 0
0.19202199789220015 	 0
0.19302199789220015 	 0
0.19402199789220015 	 0
0.19502199789220015 	 0
0.19602199789220015 	 0
0.19702199789220015 	 0
0.19802199789220015 	 0
0.19902199789220015 	 0
0.20002199789220015 	 0
0.20102199789220015 	 0
0.20202199789220016 	 0
0.20302199789220016 	 0
0.20402199789220016 	 0
0.20502199789220016 	 0
0.20602199789220016 	 0
0.20702199789220016 	 0
0.20802199789220016 	 0
0.20902199789220016 	 0
0.21002199789220016 	 0
0.21102199789220016 	 0
0.21202199789220016 	 0.0
0.21302199789220017 	 0.0
0.21402199789220017 	 0.0
0.21502199789220017 	 0.0
0.21602199789220017 	 0.0
0.21702199789220017 	 0.0
0.21802199789220017 	 0.0
0.21902199789220017 	 0.0
0.22002199789220017 	 0.0
0.22102199789220017 	 0.0
0.22202199789220017 	 0.0
0.22302199789220017 	 0.0
0.22402199789220018 	 0.0
0.22502199789220018 	 0.0
0.22602199789220018 	 0.0
0.22702199789220018 	 0.0
0.22802199789220018 	 0.0
0.22902199789220018 	 0.0
0.23002199789220018 	 0.0
0.23102199789220018 	 0.0
0.23202199789220018 	 0.0
0.23302199789220018 	 0.0
0.23402199789220018 	 0.0
0.23502199789220019 	 0.0
0.23602199789220019 	 0.0
0.2370219978922002 	 0.0
0.2380219978922002 	 0.0
0.2390219978922002 	 0.0
0.2400219978922002 	 0.0
0.2410219978922002 	 0.0
0.2420219978922002 	 0.0
0.2430219978922002 	 0.0
0.2440219978922002 	 0.0
0.2450219978922002 	 0.0
0.2460219978922002 	 0.0
0.2470219978922002 	 0.0
0.2480219978922002 	 0.0
0.2490219978922002 	 0.0
0.2500219978922002 	 0.0
0.2510219978922002 	 0.0
0.2520219978922002 	 0.0
0.2530219978922002 	 0.0
0.2540219978922002 	 0.0
0.2550219978922002 	 0.0
0.2560219978922002 	 0.0
0.2570219978922002 	 0.0
0.2580219978922002 	 0.0
0.2590219978922002 	 0.0
0.2600219978922002 	 0.0
0.2610219978922002 	 0.0
0.2620219978922002 	 0.0
0.2630219978922002 	 0.0
0.2640219978922002 	 0.0
0.2650219978922002 	 0.0
0.2660219978922002 	 0.0
0.2670219978922002 	 0.0
0.2680219978922002 	 0.0
0.2690219978922002 	 0.0
0.2700219978922002 	 0.0
0.2710219978922002 	 0.0
0.2720219978922002 	 0.0
0.2730219978922002 	 0.0
0.2740219978922002 	 0.0
0.2750219978922002 	 0.0
0.2760219978922002 	 0.0
0.2770219978922002 	 0.0
0.2780219978922002 	 0.0
0.2790219978922002 	 0.0
0.2800219978922002 	 0.0
0.2810219978922002 	 0.0
0.2820219978922002 	 0.0
0.2830219978922002 	 0.0
0.28402199789220023 	 0.0
0.28502199789220023 	 0.0
0.28602199789220023 	 0.0
0.28702199789220023 	 0.0
0.28802199789220023 	 0.0
0.28902199789220023 	 0.0
0.29002199789220023 	 0.0
0.29102199789220023 	 0.0
0.29202199789220024 	 0.0
0.29302199789220024 	 0.0
0.29402199789220024 	 0.0
0.29502199789220024 	 0.0
0.29602199789220024 	 0.0
0.29702199789220024 	 0.0
0.29802199789220024 	 0.0
0.29902199789220024 	 0.0
0.30002199789220024 	 0.0
0.30102199789220024 	 0.0
0.30202199789220024 	 0.0
0.30302199789220025 	 0.0
0.30402199789220025 	 0.0
0.30502199789220025 	 0.0
0.30602199789220025 	 0.0
0.30702199789220025 	 0.0
0.30802199789220025 	 0.0
0.30902199789220025 	 0.0
0.31002199789220025 	 0.0
0.31102199789220025 	 0.0
0.31202199789220025 	 0.0
0.31302199789220025 	 0.0
0.31402199789220026 	 0.0
0.31502199789220026 	 0.0
0.31602199789220026 	 0.0
0.31702199789220026 	 0.0
0.31802199789220026 	 0.0
0.31902199789220026 	 0.0
0.32002199789220026 	 0.0
0.32102199789220026 	 0.0
0.32202199789220026 	 0.0
0.32302199789220026 	 0.0
0.32402199789220026 	 0.0
0.32502199789220027 	 0.0
0.32602199789220027 	 0.0
0.32702199789220027 	 0.0
0.32802199789220027 	 0.0
0.32902199789220027 	 0.0
0.33002199789220027 	 0.0
0.33102199789220027 	 0.0
0.33202199789220027 	 0.0
0.33302199789220027 	 0.0
0.3340219978922003 	 0.0
0.3350219978922003 	 0.0
0.3360219978922003 	 0.0
0.3370219978922003 	 0.0
0.3380219978922003 	 0.0
0.3390219978922003 	 0.0
0.3400219978922003 	 0.0
0.3410219978922003 	 0.0
0.3420219978922003 	 0.0
0.3430219978922003 	 0.0
0.3440219978922003 	 0.0
0.3450219978922003 	 0.0
0.3460219978922003 	 0.0
0.3470219978922003 	 0.0
0.3480219978922003 	 0.0
0.3490219978922003 	 0.0
0.3500219978922003 	 0.0
0.3510219978922003 	 0.0
0.3520219978922003 	 0.0
0.3530219978922003 	 0.0
0.3540219978922003 	 0.0
0.3550219978922003 	 0.0
0.3560219978922003 	 0.0
0.3570219978922003 	 0.0
0.3580219978922003 	 0.0
0.3590219978922003 	 0.0
0.3600219978922003 	 0.0
0.3610219978922003 	 0.0
0.3620219978922003 	 0.0
0.3630219978922003 	 0.0
0.3640219978922003 	 0.0
0.3650219978922003 	 0.0
0.3660219978922003 	 0.0
0.3670219978922003 	 0.0
0.3680219978922003 	 0.0
0.3690219978922003 	 0.0
0.3700219978922003 	 0.0
0.3710219978922003 	 0.0
0.3720219978922003 	 0.0
0.3730219978922003 	 0.0
0.3740219978922003 	 0.0
0.3750219978922003 	 0.0
0.3760219978922003 	 0.0
0.3770219978922003 	 0.0
0.3780219978922003 	 0.0
0.3790219978922003 	 0.0
0.3800219978922003 	 0.0
0.3810219978922003 	 0.0
0.3820219978922003 	 0.0
0.3830219978922003 	 0.0
0.3840219978922003 	 0.0
0.3850219978922003 	 0.0
0.3860219978922003 	 0.0
0.3870219978922003 	 0.0
0.3880219978922003 	 0.0
0.3890219978922003 	 0.0
0.3900219978922003 	 0.0
0.3910219978922003 	 0.0
0.3920219978922003 	 0.0
0.3930219978922003 	 0.0
0.3940219978922003 	 0.0
0.3950219978922003 	 0.0
0.39602199789220033 	 0.0
0.39702199789220033 	 0.0
0.39802199789220033 	 0.0
0.39902199789220033 	 0.0
0.40002199789220033 	 0.0
0.40102199789220033 	 0.0
0.40202199789220033 	 0.0
0.40302199789220033 	 0.0
0.40402199789220034 	 0.0
0.40502199789220034 	 0.0
0.40602199789220034 	 0.0
0.40702199789220034 	 0.0
0.40802199789220034 	 0.0
0.40902199789220034 	 0.0
0.41002199789220034 	 0.0
0.41102199789220034 	 0.0
0.41202199789220034 	 0.0
0.41302199789220034 	 0.0
0.41402199789220034 	 0.0
0.41502199789220034 	 0.0
0.41602199789220035 	 0.0
0.41702199789220035 	 0.0
0.41802199789220035 	 0.0
0.41902199789220035 	 0.0
0.42002199789220035 	 0.0
0.42102199789220035 	 0.0
0.42202199789220035 	 0.0
0.42302199789220035 	 0.0
0.42402199789220035 	 0.0
0.42502199789220035 	 0.0
0.42602199789220035 	 0.0
0.42702199789220036 	 0.0
0.42802199789220036 	 0.0
0.42902199789220036 	 0.0
0.43002199789220036 	 0.0
0.43102199789220036 	 0.0
0.43202199789220036 	 0.0
0.43302199789220036 	 0.0
0.43402199789220036 	 0.0
0.43502199789220036 	 0.0
0.43602199789220036 	 0.0
0.43702199789220036 	 0.0
0.43802199789220037 	 0.0
0.43902199789220037 	 0.0
0.44002199789220037 	 0.0
0.44102199789220037 	 0.0
0.44202199789220037 	 0.0
0.44302199789220037 	 0.0
0.44402199789220037 	 0.0
0.44502199789220037 	 0.0
0.4460219978922004 	 0.0
0.4470219978922004 	 0.0
0.4480219978922004 	 0.0
0.4490219978922004 	 0.0
0.4500219978922004 	 0.0
0.4510219978922004 	 0.0
0.4520219978922004 	 0.0
0.4530219978922004 	 0.0
0.4540219978922004 	 0.0
0.4550219978922004 	 0.0
0.4560219978922004 	 0.0
0.4570219978922004 	 0.0
0.4580219978922004 	 0.0
0.4590219978922004 	 0.0
0.4600219978922004 	 0.0
0.4610219978922004 	 0.0
0.4620219978922004 	 0.0
0.4630219978922004 	 0.0
0.4640219978922004 	 0.0
0.4650219978922004 	 0.0
0.4660219978922004 	 0.0
0.4670219978922004 	 0.0
0.4680219978922004 	 0.0
0.4690219978922004 	 0.0
0.4700219978922004 	 0.0
0.4710219978922004 	 0.0
0.4720219978922004 	 0.0
0.4730219978922004 	 0.0
0.4740219978922004 	 0.0
0.4750219978922004 	 0.0
0.4760219978922004 	 0.0
0.4770219978922004 	 0.0
0.4780219978922004 	 0.0
0.4790219978922004 	 0.0
0.4800219978922004 	 0.0
0.4810219978922004 	 0.0
0.4820219978922004 	 0.0
0.4830219978922004 	 0.0
0.4840219978922004 	 0.0
0.4850219978922004 	 0.0
0.4860219978922004 	 0.0
0.4870219978922004 	 0.0
0.4880219978922004 	 0.0
0.4890219978922004 	 0.0
0.4900219978922004 	 0.0
0.4910219978922004 	 0.0
0.4920219978922004 	 0.0
0.4930219978922004 	 0.0
0.4940219978922004 	 0.0
0.4950219978922004 	 0.0
0.4960219978922004 	 0.0
0.4970219978922004 	 0.0
0.4980219978922004 	 0.0
0.4990219978922004 	 0.0
0.5000219978922004 	 0.0
0.5010219978922004 	 0.0
0.5020219978922004 	 0.0
0.5030219978922004 	 0.0
0.5040219978922004 	 0.0
0.5050219978922004 	 0.0
0.5060219978922004 	 0.0
0.5070219978922004 	 0.0
0.5080219978922004 	 0.0
0.5090219978922004 	 0.0
0.5100219978922004 	 0.0
0.5110219978922004 	 0.0
0.5120219978922004 	 0.0
0.5130219978922004 	 0.0
0.5140219978922004 	 0.0
0.5150219978922004 	 0.0
0.5160219978922004 	 0.0
0.5170219978922004 	 0.0
0.5180219978922004 	 0.0
0.5190219978922004 	 0.0
0.5200219978922004 	 0.0
0.5210219978922004 	 0.0
0.5220219978922004 	 0.0
0.5230219978922004 	 0.0
0.5240219978922004 	 0.0
0.5250219978922004 	 0.0
0.5260219978922004 	 0.0
0.5270219978922004 	 0.0
0.5280219978922004 	 0.0
0.5290219978922004 	 0.0
0.5300219978922004 	 0.0
0.5310219978922004 	 0.0
0.5320219978922004 	 0.0
0.5330219978922004 	 0.0
0.5340219978922004 	 0.0
0.5350219978922004 	 0.0
0.5360219978922004 	 0.0
0.5370219978922004 	 0.0
0.5380219978922004 	 0.0
0.5390219978922004 	 0.0
0.5400219978922004 	 0.0
0.5410219978922004 	 0.0
0.5420219978922004 	 0.0
0.5430219978922004 	 0.0
0.5440219978922004 	 0.0
0.5450219978922004 	 0.0
0.5460219978922004 	 0.0
0.5470219978922004 	 0.0
0.5480219978922004 	 0.0
0.5490219978922004 	 0.0
0.5500219978922004 	 0.0
0.5510219978922004 	 0.0
0.5520219978922004 	 0.0
0.5530219978922004 	 0.0
0.5540219978922004 	 0.0
0.5550219978922004 	 0.0
0.5560219978922004 	 0.0
0.5570219978922004 	 0.0
0.5580219978922004 	 0.0
0.5590219978922004 	 0.0
0.5600219978922004 	 0.0
0.5610219978922004 	 0.0
0.5620219978922004 	 0.0
0.5630219978922004 	 0.0
0.5640219978922004 	 0.0
0.5650219978922004 	 0.0
0.5660219978922004 	 0.0
0.5670219978922004 	 0.0
0.5680219978922004 	 0.0
0.5690219978922004 	 0.0
0.5700219978922004 	 0.0
0.5710219978922004 	 0.0
0.5720219978922004 	 0.0
0.5730219978922004 	 0.0
0.5740219978922004 	 0.0
0.5750219978922004 	 0.0
0.5760219978922004 	 0.0
0.5770219978922004 	 0.0
0.5780219978922004 	 0.0
0.5790219978922004 	 0.0
0.5800219978922004 	 0.0
0.5810219978922004 	 0.0
0.5820219978922004 	 0.0
0.5830219978922004 	 0.0
0.5840219978922004 	 0.0
0.5850219978922004 	 0.0
0.5860219978922004 	 0.0
0.5870219978922004 	 0.0
0.5880219978922004 	 0.0
0.5890219978922004 	 0.0
0.5900219978922004 	 0.0
0.5910219978922004 	 0.0
0.5920219978922004 	 0.0
0.5930219978922004 	 0.0
0.5940219978922004 	 0.0
0.5950219978922004 	 0.0
0.5960219978922005 	 0.0
0.5970219978922005 	 0.0
0.5980219978922005 	 0.0
0.5990219978922005 	 0.0
0.6000219978922005 	 0.0
0.6010219978922005 	 0.0
0.6020219978922005 	 0.0
0.6030219978922005 	 0.0
0.6040219978922005 	 0.0
0.6050219978922005 	 0.0
0.6060219978922005 	 0.0
0.6070219978922005 	 0.0
0.6080219978922005 	 0.0
0.6090219978922005 	 0.0
0.6100219978922005 	 0.0
0.6110219978922005 	 0.0
0.6120219978922005 	 0.0
0.6130219978922005 	 0.0
0.6140219978922005 	 0.0
0.6150219978922005 	 0.0
0.6160219978922005 	 0.0
0.6170219978922005 	 0.0
0.6180219978922005 	 0.0
0.6190219978922005 	 0.0
0.6200219978922005 	 0.0
0.6210219978922005 	 0.0
0.6220219978922005 	 0.0
0.6230219978922005 	 0.0
0.6240219978922005 	 0.0
0.6250219978922005 	 0.0
0.6260219978922005 	 0.0
0.6270219978922005 	 0.0
0.6280219978922005 	 0.0
0.6290219978922005 	 0.0
0.6300219978922005 	 0.0
0.6310219978922005 	 0.0
0.6320219978922005 	 0.0
0.6330219978922005 	 0.0
0.6340219978922005 	 0.0
0.6350219978922005 	 0.0
0.6360219978922005 	 0.0
0.6370219978922005 	 0.0
0.6380219978922005 	 0.0
0.6390219978922005 	 0.0
0.6400219978922005 	 0.0
0.6410219978922005 	 0.0
0.6420219978922005 	 0.0
0.6430219978922005 	 0.0
0.6440219978922005 	 0.0
0.6450219978922005 	 0.0
0.6460219978922005 	 0.0
0.6470219978922005 	 0.0
0.6480219978922005 	 0.0
0.6490219978922005 	 0.0
0.6500219978922005 	 0.0
0.6510219978922005 	 0.0
0.6520219978922005 	 0.0
0.6530219978922005 	 0.0
0.6540219978922005 	 0.0
0.6550219978922005 	 0.0
0.6560219978922005 	 0.0
0.6570219978922005 	 0.0
0.6580219978922005 	 0.0
0.6590219978922005 	 0.0
0.6600219978922005 	 0.0
0.6610219978922005 	 0.0
0.6620219978922005 	 0.0
0.6630219978922005 	 0.0
0.6640219978922005 	 0.0
0.6650219978922005 	 0.0
0.6660219978922005 	 0.0
0.6670219978922005 	 0.0
0.6680219978922005 	 0.0
0.6690219978922005 	 0.0
0.6700219978922005 	 0.0
0.6710219978922005 	 0.0
0.6720219978922005 	 0.0
0.6730219978922005 	 0.0
0.6740219978922005 	 0.0
0.6750219978922005 	 0.0
0.6760219978922005 	 0.0
0.6770219978922005 	 0.0
0.6780219978922005 	 0.0
0.6790219978922005 	 0.0
0.6800219978922005 	 0.0
0.6810219978922005 	 0.0
0.6820219978922005 	 0.0
0.6830219978922005 	 0.0
0.6840219978922005 	 0.0
0.6850219978922005 	 0.0
0.6860219978922005 	 0.0
0.6870219978922005 	 0.0
0.6880219978922005 	 0.0
0.6890219978922005 	 0.0
0.6900219978922005 	 0.0
0.6910219978922005 	 0.0
0.6920219978922005 	 0.0
0.6930219978922005 	 0.0
0.6940219978922005 	 0.0
0.6950219978922005 	 0.0
0.6960219978922005 	 0.0
0.6970219978922005 	 0.0
0.6980219978922005 	 0.0
0.6990219978922005 	 0.0
0.7000219978922005 	 0.0
0.7010219978922005 	 0.0
0.7020219978922005 	 0.0
0.7030219978922005 	 0.0
0.7040219978922005 	 0.0
0.7050219978922005 	 0.0
0.7060219978922005 	 0.0
0.7070219978922005 	 0.0
0.7080219978922005 	 0.0
0.7090219978922006 	 0.0
0.7100219978922006 	 0.0
0.7110219978922006 	 0.0
0.7120219978922006 	 0.0
0.7130219978922006 	 0.0
0.7140219978922006 	 0.0
0.7150219978922006 	 0.0
0.7160219978922006 	 0.0
0.7170219978922006 	 0.0
0.7180219978922006 	 0.0
0.7190219978922006 	 0.0
0.7200219978922006 	 0.0
0.7210219978922006 	 0.0
0.7220219978922006 	 0.0
0.7230219978922006 	 0.0
0.7240219978922006 	 0.0
0.7250219978922006 	 0.0
0.7260219978922006 	 0.0
0.7270219978922006 	 0.0
0.7280219978922006 	 0.0
0.7290219978922006 	 0.0
0.7300219978922006 	 0.0
0.7310219978922006 	 0.0
0.7320219978922006 	 0.0
0.7330219978922006 	 0.0
0.7340219978922006 	 0.0
0.7350219978922006 	 0.0
0.7360219978922006 	 0.0
0.7370219978922006 	 0.0
0.7380219978922006 	 0.0
0.7390219978922006 	 0.0
0.7400219978922006 	 0.0
0.7410219978922006 	 0.0
0.7420219978922006 	 0.0
0.7430219978922006 	 0.0
0.7440219978922006 	 0.0
0.7450219978922006 	 0.0
0.7460219978922006 	 0.0
0.7470219978922006 	 0.0
0.7480219978922006 	 0.0
0.7490219978922006 	 0.0
0.7500219978922006 	 0.0
0.7510219978922006 	 0.0
0.7520219978922006 	 0.0
0.7530219978922006 	 0.0
0.7540219978922006 	 0.0
0.7550219978922006 	 0.0
0.7560219978922006 	 0.0
0.7570219978922006 	 0.0
0.7580219978922006 	 0.0
0.7590219978922006 	 0.0
0.7600219978922006 	 0.0
0.7610219978922006 	 0.0
0.7620219978922006 	 0.0
0.7630219978922006 	 0.0
0.7640219978922006 	 0.0
0.7650219978922006 	 0.0
0.7660219978922006 	 0.0
0.7670219978922006 	 0.0
0.7680219978922006 	 0.0
0.7690219978922006 	 0.0
0.7700219978922006 	 0.0
0.7710219978922006 	 0.0
0.7720219978922006 	 0.0
0.7730219978922006 	 0.0
0.7740219978922006 	 0.0
0.7750219978922006 	 0.0
0.7760219978922006 	 0.0
0.7770219978922006 	 0.0
0.7780219978922006 	 0.0
0.7790219978922006 	 0.0
0.7800219978922006 	 0.0
0.7810219978922006 	 0.0
0.7820219978922006 	 0.0
0.7830219978922006 	 0.0
0.7840219978922006 	 0.0
0.7850219978922006 	 0.0
0.7860219978922006 	 0.0
0.7870219978922006 	 0.0
0.7880219978922006 	 0.0
0.7890219978922006 	 0.0
0.7900219978922006 	 0.0
0.7910219978922006 	 0.0
0.7920219978922006 	 0.0
0.7930219978922006 	 0.0
0.7940219978922006 	 0.0
0.7950219978922006 	 0.0
0.7960219978922006 	 0.0
0.7970219978922006 	 0.0
0.7980219978922006 	 0.0
0.7990219978922006 	 0.0
0.8000219978922006 	 0.0
0.8010219978922006 	 0.0
0.8020219978922006 	 0.0
0.8030219978922006 	 0.0
0.8040219978922006 	 0.0
0.8050219978922006 	 0.0
0.8060219978922006 	 0.0
0.8070219978922006 	 0.0
0.8080219978922006 	 0.0
0.8090219978922006 	 0.0
0.8100219978922006 	 0.0
0.8110219978922006 	 0.0
0.8120219978922006 	 0.0
0.8130219978922006 	 0.0
0.8140219978922006 	 0.0
0.8150219978922006 	 0.0
0.8160219978922006 	 0.0
0.8170219978922006 	 0.0
0.8180219978922006 	 0.0
0.8190219978922006 	 0.0
0.8200219978922006 	 0.0
0.8210219978922007 	 0.0
0.8220219978922007 	 0.0
0.8230219978922007 	 0.0
0.8240219978922007 	 0.0
0.8250219978922007 	 0.0
0.8260219978922007 	 0.0
0.8270219978922007 	 0.0
0.8280219978922007 	 0.0
0.8290219978922007 	 0.0
0.8300219978922007 	 0.0
0.8310219978922007 	 0.0
0.8320219978922007 	 0.0
0.8330219978922007 	 0.0
0.8340219978922007 	 0.0
0.8350219978922007 	 0.0
0.8360219978922007 	 0.0
0.8370219978922007 	 0.0
0.8380219978922007 	 0.0
0.8390219978922007 	 0.0
0.8400219978922007 	 0.0
0.8410219978922007 	 0.0
0.8420219978922007 	 0.0
0.8430219978922007 	 0.0
0.8440219978922007 	 0.0
0.8450219978922007 	 0.0
0.8460219978922007 	 0.0
0.8470219978922007 	 0.0
0.8480219978922007 	 0.0
0.8490219978922007 	 0.0
0.8500219978922007 	 0.0
0.8510219978922007 	 0.0
0.8520219978922007 	 0.0
0.8530219978922007 	 0.0
0.8540219978922007 	 0.0
0.8550219978922007 	 0.0
0.8560219978922007 	 0.0
0.8570219978922007 	 0.0
0.8580219978922007 	 0.0
0.8590219978922007 	 0.0
0.8600219978922007 	 0.0
0.8610219978922007 	 0.0
0.8620219978922007 	 0.0
0.8630219978922007 	 0.0
0.8640219978922007 	 0.0
0.8650219978922007 	 0.0
0.8660219978922007 	 0.0
0.8670219978922007 	 0.0
0.8680219978922007 	 0.0
0.8690219978922007 	 0.0
0.8700219978922007 	 0.0
0.8710219978922007 	 0.0
0.8720219978922007 	 0.0
0.8730219978922007 	 0.0
0.8740219978922007 	 0.0
0.8750219978922007 	 0.0
0.8760219978922007 	 0.0
0.8770219978922007 	 0.0
0.8780219978922007 	 0.0
0.8790219978922007 	 0.0
0.8800219978922007 	 0.0
0.8810219978922007 	 0.0
0.8820219978922007 	 0.0
0.8830219978922007 	 0.0
0.8840219978922007 	 0.0
0.8850219978922007 	 0.0
0.8860219978922007 	 0.0
0.8870219978922007 	 0.0
0.8880219978922007 	 0.0
0.8890219978922007 	 0.0
0.8900219978922007 	 0.0
0.8910219978922007 	 0.0
0.8920219978922007 	 0.0
0.8930219978922007 	 0.0
0.8940219978922007 	 0.0
0.8950219978922007 	 0.0
0.8960219978922007 	 0.0
0.8970219978922007 	 0.0
0.8980219978922007 	 0.0
0.8990219978922007 	 0.0
0.9000219978922007 	 0.0
0.9010219978922007 	 0.0
0.9020219978922007 	 0.0
0.9030219978922007 	 0.0
0.9040219978922007 	 0.0
0.9050219978922007 	 0.0
0.9060219978922007 	 0.0
0.9070219978922007 	 0.0
0.9080219978922007 	 0.0
0.9090219978922007 	 0.0
0.9100219978922007 	 0.0
0.9110219978922007 	 0.0
0.9120219978922007 	 0.0
0.9130219978922007 	 0.0
0.9140219978922007 	 0.0
0.9150219978922007 	 0.0
0.9160219978922007 	 0.0
0.9170219978922007 	 0.0
0.9180219978922007 	 0.0
0.9190219978922007 	 0.0
0.9200219978922007 	 0.0
0.9210219978922007 	 0.0
0.9220219978922007 	 0.0
0.9230219978922007 	 0.0
0.9240219978922007 	 0.0
0.9250219978922007 	 0.0
0.9260219978922007 	 0.0
0.9270219978922007 	 0.0
0.9280219978922007 	 0.0
0.9290219978922007 	 0.0
0.9300219978922007 	 0.0
0.9310219978922007 	 0.0
0.9320219978922007 	 0.0
0.9330219978922007 	 0.0
0.9340219978922008 	 0.0
0.9350219978922008 	 0.0
0.9360219978922008 	 0.0
0.9370219978922008 	 0.0
0.9380219978922008 	 0.0
0.9390219978922008 	 0.0
0.9400219978922008 	 0.0
0.9410219978922008 	 0.0
0.9420219978922008 	 0.0
0.9430219978922008 	 0.0
0.9440219978922008 	 0.0
0.9450219978922008 	 0.0
0.9460219978922008 	 0.0
0.9470219978922008 	 0.0
0.9480219978922008 	 0.0
0.9490219978922008 	 0.0
0.9500219978922008 	 0.0
0.9510219978922008 	 0.0
0.9520219978922008 	 0.0
0.9530219978922008 	 0.0
0.9540219978922008 	 0.0
0.9550219978922008 	 0.0
0.9560219978922008 	 0.0
0.9570219978922008 	 0.0
0.9580219978922008 	 0.0
0.9590219978922008 	 0.0
0.9600219978922008 	 0.0
0.9610219978922008 	 0.0
0.9620219978922008 	 0.0
0.9630219978922008 	 0.0
0.9640219978922008 	 0.0
0.9650219978922008 	 0.0
0.9660219978922008 	 0.0
0.9670219978922008 	 0.0
0.9680219978922008 	 0.0
0.9690219978922008 	 0.0
0.9700219978922008 	 0.0
0.9710219978922008 	 0.0
0.9720219978922008 	 0.0
0.9730219978922008 	 0.0
0.9740219978922008 	 0.0
0.9750219978922008 	 0.0
0.9760219978922008 	 0.0
0.9770219978922008 	 0.0
0.9780219978922008 	 0.0
0.9790219978922008 	 0.0
0.9800219978922008 	 0.0
0.9810219978922008 	 0.0
0.9820219978922008 	 0.0
0.9830219978922008 	 0.0
0.9840219978922008 	 0.0
0.9850219978922008 	 0.0
0.9860219978922008 	 0.0
0.9870219978922008 	 0.0
0.9880219978922008 	 0.0
0.9890219978922008 	 0.0
0.9900219978922008 	 0.0
0.9910219978922008 	 0.0
0.9920219978922008 	 0.0
0.9930219978922008 	 0.0
0.9940219978922008 	 0.0
0.9950219978922008 	 0.0
0.9960219978922008 	 0.0
0.9970219978922008 	 0.0
0.9980219978922008 	 0.0
0.9990219978922008 	 0.0
1.0000219978922007 	 0.0
1.0010219978922006 	 0.0
1.0020219978922005 	 0.0
1.0030219978922004 	 0.0
1.0040219978922003 	 0.0
1.0050219978922001 	 0.0
1.0060219978922 	 0.0
1.0070219978922 	 0.0
1.0080219978921998 	 0.0
1.0090219978921997 	 0.0
1.0100219978921996 	 0.0
1.0110219978921995 	 0.0
1.0120219978921994 	 0.0
1.0130219978921993 	 0.0
1.0140219978921992 	 0.0
1.015021997892199 	 0.0
1.016021997892199 	 0.0
1.0170219978921988 	 0.0
1.0180219978921987 	 0.0
1.0190219978921986 	 0.0
1.0200219978921985 	 0.0
1.0210219978921984 	 0.0
1.0220219978921983 	 0.0
1.0230219978921982 	 0.0
1.024021997892198 	 0.0
1.025021997892198 	 0.0
1.0260219978921978 	 0.0
1.0270219978921977 	 0.0
1.0280219978921976 	 0.0
1.0290219978921975 	 0.0
1.0300219978921974 	 0.0
1.0310219978921973 	 0.0
1.0320219978921972 	 0.0
1.033021997892197 	 0.0
1.034021997892197 	 0.0
1.0350219978921968 	 0.0
1.0360219978921967 	 0.0
1.0370219978921966 	 0.0
1.0380219978921965 	 0.0
1.0390219978921964 	 0.0
1.0400219978921963 	 0.0
1.0410219978921962 	 0.0
1.042021997892196 	 0.0
1.043021997892196 	 0.0
1.0440219978921959 	 0.0
1.0450219978921957 	 0.0
1.0460219978921956 	 0.0
1.0470219978921955 	 0.0
1.0480219978921954 	 0.0
1.0490219978921953 	 0.0
1.0500219978921952 	 0.0
1.051021997892195 	 0.0
1.052021997892195 	 0.0
1.0530219978921949 	 0.0
1.0540219978921948 	 0.0
1.0550219978921946 	 0.0
1.0560219978921945 	 0.0
1.0570219978921944 	 0.0
1.0580219978921943 	 0.0
1.0590219978921942 	 0.0
1.060021997892194 	 0.0
1.061021997892194 	 0.0
1.0620219978921939 	 0.0
1.0630219978921938 	 0.0
1.0640219978921936 	 0.0
1.0650219978921935 	 0.0
1.0660219978921934 	 0.0
1.0670219978921933 	 0.0
1.0680219978921932 	 0.0
1.069021997892193 	 0.0
1.070021997892193 	 0.0
1.0710219978921929 	 0.0
1.0720219978921928 	 0.0
1.0730219978921927 	 0.0
1.0740219978921925 	 0.0
1.0750219978921924 	 0.0
1.0760219978921923 	 0.0
1.0770219978921922 	 0.0
1.078021997892192 	 0.0
1.079021997892192 	 0.0
1.0800219978921919 	 0.0
1.0810219978921918 	 0.0
1.0820219978921917 	 0.0
1.0830219978921916 	 0.0
1.0840219978921914 	 0.0
1.0850219978921913 	 0.0
1.0860219978921912 	 0.0
1.0870219978921911 	 0.0
1.088021997892191 	 0.0
1.089021997892191 	 0.0
1.0900219978921908 	 0.0
1.0910219978921907 	 0.0
1.0920219978921906 	 0.0
1.0930219978921905 	 0.0
1.0940219978921903 	 0.0
1.0950219978921902 	 0.0
1.0960219978921901 	 0.0
1.09702199789219 	 0.0
1.09802199789219 	 0.0
1.0990219978921898 	 0.0
1.1000219978921897 	 0.0
1.1010219978921896 	 0.0
1.1020219978921895 	 0.0
1.1030219978921894 	 0.0
1.1040219978921892 	 0.0
1.1050219978921891 	 0.0
1.106021997892189 	 0.0
1.107021997892189 	 0.0
1.1080219978921888 	 0.0
1.1090219978921887 	 0.0
1.1100219978921886 	 0.0
1.1110219978921885 	 0.0
1.1120219978921884 	 0.0
1.1130219978921883 	 0.0
1.1140219978921881 	 0.0
1.115021997892188 	 0.0
1.116021997892188 	 0.0
1.1170219978921878 	 0.0
1.1180219978921877 	 0.0
1.1190219978921876 	 0.0
1.1200219978921875 	 0.0
1.1210219978921874 	 0.0
1.1220219978921873 	 0.0
1.1230219978921872 	 0.0
1.124021997892187 	 0.0
1.125021997892187 	 0.0
1.1260219978921868 	 0.0
1.1270219978921867 	 0.0
1.1280219978921866 	 0.0
1.1290219978921865 	 0.0
1.1300219978921864 	 0.0
1.1310219978921863 	 0.0
1.1320219978921862 	 0.0
1.133021997892186 	 0.0
1.134021997892186 	 0.0
1.1350219978921858 	 0.0
1.1360219978921857 	 0.0
1.1370219978921856 	 0.0
1.1380219978921855 	 0.0
1.1390219978921854 	 0.0
1.1400219978921853 	 0.0
1.1410219978921852 	 0.0
1.142021997892185 	 0.0
1.143021997892185 	 0.0
1.1440219978921848 	 0.0
1.1450219978921847 	 0.0
1.1460219978921846 	 0.0
1.1470219978921845 	 0.0
1.1480219978921844 	 0.0
1.1490219978921843 	 0.0
1.1500219978921842 	 0.0
1.151021997892184 	 0.0
1.152021997892184 	 0.0
1.1530219978921838 	 0.0
1.1540219978921837 	 0.0
1.1550219978921836 	 0.0
1.1560219978921835 	 0.0
1.1570219978921834 	 0.0
1.1580219978921833 	 0.0
1.1590219978921832 	 0.0
1.160021997892183 	 0.0
1.161021997892183 	 0.0
1.1620219978921829 	 0.0
1.1630219978921827 	 0.0
1.1640219978921826 	 0.0
1.1650219978921825 	 0.0
1.1660219978921824 	 0.0
1.1670219978921823 	 0.0
1.1680219978921822 	 0.0
1.169021997892182 	 0.0
1.170021997892182 	 0.0
1.1710219978921819 	 0.0
1.1720219978921818 	 0.0
1.1730219978921816 	 0.0
1.1740219978921815 	 0.0
1.1750219978921814 	 0.0
1.1760219978921813 	 0.0
1.1770219978921812 	 0.0
1.178021997892181 	 0.0
1.179021997892181 	 0.0
1.1800219978921809 	 0.0
1.1810219978921808 	 0.0
1.1820219978921807 	 0.0
1.1830219978921805 	 0.0
1.1840219978921804 	 0.0
1.1850219978921803 	 0.0
1.1860219978921802 	 0.0
1.18702199789218 	 0.0
1.18802199789218 	 0.0
1.1890219978921799 	 0.0
1.1900219978921798 	 0.0
1.1910219978921797 	 0.0
1.1920219978921796 	 0.0
1.1930219978921794 	 0.0
1.1940219978921793 	 0.0
1.1950219978921792 	 0.0
1.1960219978921791 	 0.0
1.197021997892179 	 0.0
1.198021997892179 	 0.0
1.1990219978921788 	 0.0
1.2000219978921787 	 0.0
1.2010219978921786 	 0.0
1.2020219978921785 	 0.0
1.2030219978921783 	 0.0
1.2040219978921782 	 0.0
1.2050219978921781 	 0.0
1.206021997892178 	 0.0
1.207021997892178 	 0.0
1.2080219978921778 	 0.0
1.2090219978921777 	 0.0
1.2100219978921776 	 0.0
1.2110219978921775 	 0.0
1.2120219978921773 	 0.0
1.2130219978921772 	 0.0
1.2140219978921771 	 0.0
1.215021997892177 	 0.0
1.216021997892177 	 0.0
1.2170219978921768 	 0.0
1.2180219978921767 	 0.0
1.2190219978921766 	 0.0
1.2200219978921765 	 0.0
1.2210219978921764 	 0.0
1.2220219978921762 	 0.0
1.2230219978921761 	 0.0
1.224021997892176 	 0.0
1.225021997892176 	 0.0
1.2260219978921758 	 0.0
1.2270219978921757 	 0.0
1.2280219978921756 	 0.0
1.2290219978921755 	 0.0
1.2300219978921754 	 0.0
1.2310219978921753 	 0.0
1.2320219978921751 	 0.0
1.233021997892175 	 0.0
1.234021997892175 	 0.0
1.2350219978921748 	 0.0
1.2360219978921747 	 0.0
1.2370219978921746 	 0.0
1.2380219978921745 	 0.0
1.2390219978921744 	 0.0
1.2400219978921743 	 0.0
1.2410219978921742 	 0.0
1.242021997892174 	 0.0
1.243021997892174 	 0.0
1.2440219978921738 	 0.0
1.2450219978921737 	 0.0
1.2460219978921736 	 0.0
1.2470219978921735 	 0.0
1.2480219978921734 	 0.0
1.2490219978921733 	 0.0
1.2500219978921732 	 0.0
1.251021997892173 	 0.0
1.252021997892173 	 0.0
1.2530219978921728 	 0.0
1.2540219978921727 	 0.0
1.2550219978921726 	 0.0
1.2560219978921725 	 0.0
1.2570219978921724 	 0.0
1.2580219978921723 	 0.0
1.2590219978921722 	 0.0
1.260021997892172 	 0.0
1.261021997892172 	 0.0
1.2620219978921718 	 0.0
1.2630219978921717 	 0.0
1.2640219978921716 	 0.0
1.2650219978921715 	 0.0
1.2660219978921714 	 0.0
1.2670219978921713 	 0.0
1.2680219978921712 	 0.0
1.269021997892171 	 0.0
1.270021997892171 	 0.0
1.2710219978921709 	 0.0
1.2720219978921707 	 0.0
1.2730219978921706 	 0.0
1.2740219978921705 	 0.0
1.2750219978921704 	 0.0
1.2760219978921703 	 0.0
1.2770219978921702 	 0.0
1.27802199789217 	 0.0
1.27902199789217 	 0.0
1.2800219978921699 	 0.0
1.2810219978921698 	 0.0
1.2820219978921696 	 0.0
1.2830219978921695 	 0.0
1.2840219978921694 	 0.0
1.2850219978921693 	 0.0
1.2860219978921692 	 0.0
1.287021997892169 	 0.0
1.288021997892169 	 0.0
1.2890219978921689 	 0.0
1.2900219978921688 	 0.0
1.2910219978921686 	 0.0
1.2920219978921685 	 0.0
1.2930219978921684 	 0.0
1.2940219978921683 	 0.0
1.2950219978921682 	 0.0
1.296021997892168 	 0.0
1.297021997892168 	 0.0
1.2980219978921679 	 0.0
1.2990219978921678 	 0.0
1.3000219978921677 	 0.0
1.3010219978921675 	 0.0
1.3020219978921674 	 0.0
1.3030219978921673 	 0.0
1.3040219978921672 	 0.0
1.305021997892167 	 0.0
1.306021997892167 	 0.0
1.3070219978921669 	 0.0
1.3080219978921668 	 0.0
1.3090219978921667 	 0.0
1.3100219978921666 	 0.0
1.3110219978921664 	 0.0
1.3120219978921663 	 0.0
1.3130219978921662 	 0.0
1.3140219978921661 	 0.0
1.315021997892166 	 0.0
1.316021997892166 	 0.0
1.3170219978921658 	 0.0
1.3180219978921657 	 0.0
1.3190219978921656 	 0.0
1.3200219978921655 	 0.0
1.3210219978921653 	 0.0
1.3220219978921652 	 0.0
1.3230219978921651 	 0.0
1.324021997892165 	 0.0
1.325021997892165 	 0.0
1.3260219978921648 	 0.0
1.3270219978921647 	 0.0
1.3280219978921646 	 0.0
1.3290219978921645 	 0.0
1.3300219978921644 	 0.0
1.3310219978921642 	 0.0
1.3320219978921641 	 0.0
1.333021997892164 	 0.0
1.334021997892164 	 0.0
1.3350219978921638 	 0.0
1.3360219978921637 	 0.0
1.3370219978921636 	 0.0
1.3380219978921635 	 0.0
1.3390219978921634 	 0.0
1.3400219978921633 	 0.0
1.3410219978921631 	 0.0
1.342021997892163 	 0.0
1.343021997892163 	 0.0
1.3440219978921628 	 0.0
1.3450219978921627 	 0.0
1.3460219978921626 	 0.0
1.3470219978921625 	 0.0
1.3480219978921624 	 0.0
1.3490219978921623 	 0.0
1.3500219978921622 	 0.0
1.351021997892162 	 0.0
1.352021997892162 	 0.0
1.3530219978921618 	 0.0
1.3540219978921617 	 0.0
1.3550219978921616 	 0.0
1.3560219978921615 	 0.0
1.3570219978921614 	 0.0
1.3580219978921613 	 0.0
1.3590219978921612 	 0.0
1.360021997892161 	 0.0
1.361021997892161 	 0.0
1.3620219978921608 	 0.0
1.3630219978921607 	 0.0
1.3640219978921606 	 0.0
1.3650219978921605 	 0.0
1.3660219978921604 	 0.0
1.3670219978921603 	 0.0
1.3680219978921602 	 0.0
1.36902199789216 	 0.0
1.37002199789216 	 0.0
1.3710219978921598 	 0.0
1.3720219978921597 	 0.0
1.3730219978921596 	 0.0
1.3740219978921595 	 0.0
1.3750219978921594 	 0.0
1.3760219978921593 	 0.0
1.3770219978921592 	 0.0
1.378021997892159 	 0.0
1.379021997892159 	 0.0
1.3800219978921588 	 0.0
1.3810219978921587 	 0.0
1.3820219978921586 	 0.0
1.3830219978921585 	 0.0
1.3840219978921584 	 0.0
1.3850219978921583 	 0.0
1.3860219978921582 	 0.0
1.387021997892158 	 0.0
1.388021997892158 	 0.0
1.3890219978921579 	 0.0
1.3900219978921577 	 0.0
1.3910219978921576 	 0.0
1.3920219978921575 	 0.0
1.3930219978921574 	 0.0
1.3940219978921573 	 0.0
1.3950219978921572 	 0.0
1.396021997892157 	 0.0
1.397021997892157 	 0.0
1.3980219978921569 	 0.0
1.3990219978921568 	 0.0
1.4000219978921566 	 0.0
1.4010219978921565 	 0.0
1.4020219978921564 	 0.0
1.4030219978921563 	 0.0
1.4040219978921562 	 0.0
1.405021997892156 	 0.0
1.406021997892156 	 0.0
1.4070219978921559 	 0.0
1.4080219978921558 	 0.0
1.4090219978921557 	 0.0
1.4100219978921555 	 0.0
1.4110219978921554 	 0.0
1.4120219978921553 	 0.0
1.4130219978921552 	 0.0
1.414021997892155 	 0.0
1.415021997892155 	 0.0
1.4160219978921549 	 0.0
1.4170219978921548 	 0.0
1.4180219978921547 	 0.0
1.4190219978921546 	 0.0
1.4200219978921544 	 0.0
1.4210219978921543 	 0.0
1.4220219978921542 	 0.0
1.4230219978921541 	 0.0
1.424021997892154 	 0.0
1.425021997892154 	 0.0
1.4260219978921538 	 0.0
1.4270219978921537 	 0.0
1.4280219978921536 	 0.0
1.4290219978921535 	 0.0
1.4300219978921533 	 0.0
1.4310219978921532 	 0.0
1.4320219978921531 	 0.0
1.433021997892153 	 0.0
1.434021997892153 	 0.0
1.4350219978921528 	 0.0
1.4360219978921527 	 0.0
1.4370219978921526 	 0.0
1.4380219978921525 	 0.0
1.4390219978921523 	 0.0
1.4400219978921522 	 0.0
1.4410219978921521 	 0.0
1.442021997892152 	 0.0
1.443021997892152 	 0.0
1.4440219978921518 	 0.0
1.4450219978921517 	 0.0
1.4460219978921516 	 0.0
1.4470219978921515 	 0.0
1.4480219978921514 	 0.0
1.4490219978921512 	 0.0
1.4500219978921511 	 0.0
1.451021997892151 	 0.0
1.452021997892151 	 0.0
1.4530219978921508 	 0.0
1.4540219978921507 	 0.0
1.4550219978921506 	 0.0
1.4560219978921505 	 0.0
1.4570219978921504 	 0.0
1.4580219978921503 	 0.0
1.4590219978921501 	 0.0
1.46002199789215 	 0.0
1.46102199789215 	 0.0
1.4620219978921498 	 0.0
1.4630219978921497 	 0.0
1.4640219978921496 	 0.0
1.4650219978921495 	 0.0
1.4660219978921494 	 0.0
1.4670219978921493 	 0.0
1.4680219978921492 	 0.0
1.469021997892149 	 0.0
1.470021997892149 	 0.0
1.4710219978921488 	 0.0
1.4720219978921487 	 0.0
1.4730219978921486 	 0.0
1.4740219978921485 	 0.0
1.4750219978921484 	 0.0
1.4760219978921483 	 0.0
1.4770219978921482 	 0.0
1.478021997892148 	 0.0
1.479021997892148 	 0.0
1.4800219978921478 	 0.0
1.4810219978921477 	 0.0
1.4820219978921476 	 0.0
1.4830219978921475 	 0.0
1.4840219978921474 	 0.0
1.4850219978921473 	 0.0
1.4860219978921472 	 0.0
1.487021997892147 	 0.0
1.488021997892147 	 0.0
1.4890219978921468 	 0.0
1.4900219978921467 	 0.0
1.4910219978921466 	 0.0
1.4920219978921465 	 0.0
1.4930219978921464 	 0.0
1.4940219978921463 	 0.0
1.4950219978921462 	 0.0
1.496021997892146 	 0.0
1.497021997892146 	 0.0
1.4980219978921459 	 0.0
1.4990219978921457 	 0.0
1.5000219978921456 	 0.0
1.5010219978921455 	 0.0
1.5020219978921454 	 0.0
1.5030219978921453 	 0.0
1.5040219978921452 	 0.0
1.505021997892145 	 0.0
1.506021997892145 	 0.0
1.5070219978921449 	 0.0
1.5080219978921447 	 0.0
1.5090219978921446 	 0.0
1.5100219978921445 	 0.0
1.5110219978921444 	 0.0
1.5120219978921443 	 0.0
1.5130219978921442 	 0.0
1.514021997892144 	 0.0
1.515021997892144 	 0.0
1.5160219978921439 	 0.0
1.5170219978921438 	 0.0
1.5180219978921436 	 0.0
1.5190219978921435 	 0.0
1.5200219978921434 	 0.0
1.5210219978921433 	 0.012115660953139302
1.5220219978921432 	 0.07080541261046902
1.523021997892143 	 0.17883610170177958
1.524021997892143 	 0.3369541868940276
1.5250219978921429 	 0.5581791650207938
1.5260219978921428 	 1.9736138148798514
1.5270219978921427 	 5.369163977914042
1.5280219978921425 	 10.816215602897957
1.5290219978921424 	 18.3883838067492
1.5300219978921423 	 28.1952826821579
1.5310219978921422 	 40.33358472899944
1.532021997892142 	 54.88542863697929
1.533021997892142 	 71.93708518730269
1.5340219978921419 	 91.57690872186889
1.5350219978921418 	 113.89773196124551
1.5360219978921417 	 138.99466034945917
1.5370219978921416 	 166.96755089167584
1.5380219978921414 	 197.91914325538497
1.5390219978921413 	 231.9563148399589
1.5400219978921412 	 269.18996983795824
1.5410219978921411 	 309.7352203417842
1.542021997892141 	 353.7115064784016
1.543021997892141 	 401.2427954446903
1.5440219978921408 	 452.45775868767424
1.5450219978921407 	 507.4899240679731
1.5460219978921406 	 566.4779120901973
1.5470219978921405 	 629.5656015186898
1.5480219978921403 	 696.90234074627
1.5490219978921402 	 768.6431585281221
1.5500219978921401 	 844.948989929515
1.55102199789214 	 925.9868696768515
1.55202199789214 	 1011.9302130422496
1.5530219978921398 	 1102.9593953270091
1.5540219978921397 	 1199.260529636379
1.5550219978921396 	 1301.0279196871334
1.5560219978921395 	 1408.462884812183
1.5570219978921394 	 1521.774775955329
1.5580219978921392 	 1641.1796403736698
1.5590219978921391 	 1766.902920488597
1.560021997892139 	 1899.1781622444905
1.561021997892139 	 2038.2481190143485
1.5620219978921388 	 2184.3633492520253
1.5630219978921387 	 2337.785083546057
1.5640219978921386 	 2498.783869560925
1.5650219978921385 	 2667.640707756973
1.5660219978921384 	 2844.6456308021507
1.5670219978921383 	 3030.100717087837
1.5680219978921381 	 3224.3190448042265
1.569021997892138 	 3427.6236785441406
1.570021997892138 	 3640.350728563393
1.5710219978921378 	 3862.8483216380087
1.5720219978921377 	 4095.4754839071593
1.5730219978921376 	 4338.605784938103
1.5740219978921375 	 4592.623769518311
1.5750219978921374 	 4857.928753804204
1.5760219978921373 	 5134.933530191525
1.5770219978921372 	 5424.063138573459
1.578021997892137 	 5725.758747441476
1.579021997892137 	 6040.473553702957
1.5800219978921368 	 6368.676871875608
1.5810219978921367 	 6710.852522102409
1.5820219978921366 	 7067.497323192077
1.5830219978921365 	 7439.1251003475545
1.5840219978921364 	 7826.262023241032
1.5850219978921363 	 8229.450718752923
1.5860219978921362 	 8649.248344460879
1.587021997892136 	 9086.224498341555
1.588021997892136 	 9540.965282440251
1.5890219978921358 	 10014.06781461173
1.5900219978921357 	 10506.14491988608
1.5910219978921356 	 11017.819147456228
1.5920219978921355 	 11549.727405719112
1.5930219978921354 	 12102.514523395395
1.5940219978921353 	 12676.8377356148
1.5950219978921352 	 13273.359685157864
1.596021997892135 	 13892.751986281162
1.597021997892135 	 14535.691336671327
1.5980219978921348 	 15202.855298353845
1.5990219978921347 	 15894.92538409056
1.6000219978921346 	 16612.578364672536
1.6010219978921345 	 17356.489824150955
1.6020219978921344 	 18127.324574723367
1.6030219978921343 	 18925.739791308613
1.6040219978921342 	 19752.374501243816
1.605021997892134 	 20607.85221460448
1.606021997892134 	 21492.769412715934
1.6070219978921338 	 22407.697610141175
1.6080219978921337 	 23353.17078028935
1.6090219978921336 	 24329.686803138167
1.6100219978921335 	 25337.693801104673
1.6110219978921334 	 26377.590902770913
1.6120219978921333 	 27449.713583748377
1.6130219978921332 	 28554.33371900289
1.614021997892133 	 29691.644940908223
1.615021997892133 	 30861.7570909698
1.6160219978921329 	 32064.69081382256
1.6170219978921327 	 33300.36136088447
1.6180219978921326 	 34568.57785515618
1.6190219978921325 	 35869.02552341085
1.6200219978921324 	 37201.26501583841
1.6210219978921323 	 38564.714413413734
1.6220219978921322 	 39958.64902667467
1.623021997892132 	 41382.183615219525
1.624021997892132 	 42834.2732385212
1.6250219978921319 	 44313.69633066216
1.6260219978921318 	 45819.05713080379
1.6270219978921316 	 47348.771581914094
1.6280219978921315 	 48901.06599586625
1.6290219978921314 	 50473.97753437642
1.6300219978921313 	 52065.34365614584
1.6310219978921312 	 53672.81209501646
1.632021997892131 	 55293.83262827695
1.633021997892131 	 56925.67122943471
1.6340219978921309 	 58565.40608268057
1.6350219978921308 	 60209.94651761863
1.6360219978921307 	 61856.03498527965
1.6370219978921305 	 63500.26444923148
1.6380219978921304 	 65139.09857558151
1.6390219978921303 	 66768.88085568976
1.6400219978921302 	 68385.86621362694
1.64102199789213 	 69986.23325343886
1.64202199789213 	 71566.12020338909
1.6430219978921299 	 73121.64205096864
1.6440219978921298 	 74648.92270313414
1.6450219978921297 	 76144.1283302258
1.6460219978921296 	 77603.48731425178
1.6470219978921294 	 79023.33116366356
1.6480219978921293 	 80400.11431959161
1.6490219978921292 	 81730.44697306803
1.650021997892129 	 83011.12676493335
1.651021997892129 	 84239.15466731387
1.652021997892129 	 85411.76966407447
1.6530219978921288 	 86526.45868480466
1.6540219978921287 	 87580.98574746084
1.6550219978921286 	 88573.39726056003
1.6560219978921285 	 89502.03785909138
1.6570219978921283 	 90365.56251569832
1.6580219978921282 	 91162.93164488458
1.6590219978921281 	 91893.42290910163
1.660021997892128 	 92556.61938435554
1.661021997892128 	 93152.40794447176
1.6620219978921278 	 93680.97437166983
1.6630219978921277 	 94142.78386204057
1.6640219978921276 	 94538.57214944328
1.6650219978921275 	 94869.32794017637
1.6660219978921273 	 95136.27487015791
1.6670219978921272 	 95340.85191538816
1.6680219978921271 	 95484.69286198358
1.669021997892127 	 95569.60501416046
1.670021997892127 	 95597.54756066801
1.6710219978921268 	 95570.60991132465
1.6720219978921267 	 95490.99029935301
1.6730219978921266 	 95360.97491308957
1.6740219978921265 	 95182.91778597396
1.6750219978921264 	 94959.22163775846
1.6760219978921262 	 94692.31982377825
1.6770219978921261 	 94384.65951385107
1.678021997892126 	 94038.68618878911
1.679021997892126 	 93656.8295112321
1.6800219978921258 	 93241.49059903747
1.6810219978921257 	 92795.03070412927
1.6820219978921256 	 92319.76127765689
1.6830219978921255 	 91817.93538363134
1.6840219978921254 	 91291.7404078142
1.6850219978921253 	 90743.29199639424
1.6860219978921251 	 90174.62914970313
1.687021997892125 	 89587.71038962339
1.688021997892125 	 88984.4109151594
1.6890219978921248 	 88366.5206585794
1.6900219978921247 	 87735.7431542721
1.6910219978921246 	 87093.69513373074
1.6920219978921245 	 86441.90676258292
1.6930219978921244 	 85781.82243906216
1.6940219978921243 	 85114.80207755846
1.6950219978921242 	 84442.12280564255
1.696021997892124 	 83764.98100808861
1.697021997892124 	 83084.49465672926
1.6980219978921238 	 82401.70587036671
1.6990219978921237 	 81717.58365428883
1.7000219978921236 	 81033.02677415907
1.7010219978921235 	 80348.8667240444
1.7020219978921234 	 79665.8707531122
1.7030219978921233 	 78984.74491999093
1.7040219978921232 	 78306.13714796328
1.705021997892123 	 77630.64025799678
1.706021997892123 	 76958.7949601373
1.7070219978921228 	 76291.09278698706
1.7080219978921227 	 75627.97895586984
1.7090219978921226 	 74969.85514886574
1.7100219978921225 	 74317.08220219186
1.7110219978921224 	 73669.98269843163
1.7120219978921223 	 73028.84345688876
1.7130219978921222 	 72393.91791888553
1.714021997892122 	 71765.42842616355
1.715021997892122 	 71143.5683916789
1.7160219978921218 	 70528.50436305885
1.7170219978921217 	 69920.37797979455
1.7180219978921216 	 69319.30782592235
1.7190219978921215 	 68725.39118049413
1.7200219978921214 	 68138.70566858142
1.7210219978921213 	 67559.31081590276
1.7220219978921212 	 66987.24951043539
1.723021997892121 	 66422.5493745548
1.724021997892121 	 65865.22405138749
1.7250219978921209 	 65315.274409134414
1.7260219978921207 	 64772.68966716141
1.7270219978921206 	 64237.448447645154
1.7280219978921205 	 63709.51975653407
1.7290219978921204 	 63188.86389752113
1.7300219978921203 	 62675.43332264439
1.7310219978921202 	 62169.17342303795
1.73202199789212 	 61670.02326324177
1.73302199789212 	 61177.91626236331
1.7340219978921199 	 60692.78082525549
1.7350219978921197 	 60214.54092674625
1.7360219978921196 	 59743.11665181935
1.7370219978921195 	 59278.42469451364
1.7380219978921194 	 58820.37881817223
1.7390219978921193 	 58368.89027954064
1.7400219978921192 	 57923.868219081225
1.741021997892119 	 57485.22001974587
1.742021997892119 	 57052.85163632185
1.7430219978921189 	 56626.66789734802
1.7440219978921188 	 56206.57278148169
1.7450219978921186 	 55792.46967008554
1.7460219978921185 	 55384.261577698584
1.7470219978921184 	 54981.85136195068
1.7480219978921183 	 54585.141914386935
1.7490219978921182 	 54194.03633357519
1.750021997892118 	 53808.438081779066
1.751021997892118 	 53428.25112640246
1.7520219978921179 	 53053.38006732878
1.7530219978921178 	 52683.73025120473
1.7540219978921177 	 52319.207873652515
1.7550219978921175 	 51959.720070323245
1.7560219978921174 	 51605.17499764773
1.7570219978921173 	 51255.481904081025
1.7580219978921172 	 50910.55119258159
1.759021997892117 	 50570.29447501642
1.760021997892117 	 50234.6246191366
1.7610219978921169 	 49903.455788720574
1.7620219978921168 	 49576.703477441806
1.7630219978921167 	 49254.28453697948
1.7640219978921166 	 48936.11719985243
1.7650219978921164 	 48622.121097422096
1.7660219978921163 	 48312.21727348214
1.7670219978921162 	 48006.328193815796
1.7680219978921161 	 47704.37775208179
1.769021997892116 	 47406.291272357106
1.770021997892116 	 47111.99550864558
1.7710219978921158 	 46821.41864163526
1.7720219978921157 	 46534.4902729689
1.7730219978921156 	 46251.141417270985
1.7740219978921155 	 45971.304492156305
1.7750219978921153 	 45694.913306429684
1.7760219978921152 	 45421.90304666823
1.7770219978921151 	 45152.21026236507
1.778021997892115 	 44885.77284979862
1.779021997892115 	 44622.53003477817
1.7800219978921148 	 44362.42235440666
1.7810219978921147 	 44105.39163798806
1.7820219978921146 	 43851.3809871984
1.7830219978921145 	 43600.334755628886
1.7840219978921144 	 43352.19852780163
1.7850219978921142 	 43106.91909774868
1.7860219978921141 	 42864.4444472396
1.787021997892114 	 42624.723723733805
1.788021997892114 	 42387.70721812813
1.7890219978921138 	 42153.34634236382
1.7900219978921137 	 41921.593606952396
1.7910219978921136 	 41692.40259847168
1.7920219978921135 	 41465.72795708298
1.7930219978921134 	 41241.52535411098
1.7940219978921133 	 41019.75146972762
1.7950219978921131 	 40800.36397077453
1.796021997892113 	 40583.321488757974
1.797021997892113 	 40368.58359804233
1.7980219978921128 	 40156.11079427088
1.7990219978921127 	 39945.86447303527
1.8000219978921126 	 39737.806908813465
1.8010219978921125 	 39531.9012341955
1.8020219978921124 	 39328.11141941173
1.8030219978921123 	 39126.402252176966
1.8040219978921122 	 38926.739317862724
1.805021997892112 	 38729.08898000713
1.806021997892112 	 38533.418361171076
1.8070219978921118 	 38339.69532414675
1.8080219978921117 	 38147.88845352467
1.8090219978921116 	 37957.96703762317
1.8100219978921115 	 37769.90105078332
1.8110219978921114 	 37583.661136031384
1.8120219978921113 	 37399.218588109725
1.8130219978921112 	 37216.54533687671
1.814021997892111 	 37035.61393107457
1.815021997892111 	 36856.39752246419
1.8160219978921108 	 36678.86985032501
1.8170219978921107 	 36503.005226316985
1.8180219978921106 	 36328.77806132164
1.8190219978921105 	 36156.16468686678
1.8200219978921104 	 35985.14058377342
1.8210219978921103 	 35815.68217718356
1.8220219978921102 	 35647.766489665024
1.82302199789211 	 35481.37093729485
1.82402199789211 	 35316.47344423386
1.8250219978921098 	 35153.05239851556
1.8260219978921097 	 34991.0866099557
1.8270219978921096 	 34830.55541856508
1.8280219978921095 	 34671.43850283273
1.8290219978921094 	 34513.71598881772
1.8300219978921093 	 34357.368409255476
1.8310219978921092 	 34202.37669301913
1.832021997892109 	 34048.722154866766
1.833021997892109 	 33896.386485468705
1.8340219978921088 	 33745.35174170814
1.8350219978921087 	 33595.600337248856
1.8360219978921086 	 33447.11503336467
1.8370219978921085 	 33299.87893002332
1.8380219978921084 	 33153.875457219736
1.8390219978921083 	 33009.088366551245
1.8400219978921082 	 32865.50172303054
1.841021997892108 	 32723.099897128523
1.842021997892108 	 32581.867557042504
1.8430219978921079 	 32441.78966118356
1.8440219978921077 	 32302.85145087645
1.8450219978921076 	 32165.038443268364
1.8460219978921075 	 32028.33642443872
1.8470219978921074 	 31892.731442706136
1.8480219978921073 	 31758.20980212671
1.8490219978921072 	 31624.758056177867
1.850021997892107 	 31492.363001623682
1.851021997892107 	 31361.011672555294
1.8520219978921069 	 31230.691334602714
1.8530219978921068 	 31101.389479312278
1.8540219978921066 	 30973.093818685174
1.8550219978921065 	 30845.792279873043
1.8560219978921064 	 30719.473000025053
1.8570219978921063 	 30594.12432128306
1.8580219978921062 	 30469.734785919696
1.859021997892106 	 30346.293131615716
1.860021997892106 	 30223.788286872255
1.8610219978921059 	 30102.20936655408
1.8620219978921058 	 29981.545667559887
1.8630219978921057 	 29861.78666461592
1.8640219978921055 	 29742.92200618878
1.8650219978921054 	 29624.9415105149
1.8660219978921053 	 29507.835161741743
1.8670219978921052 	 29391.59310617845
1.868021997892105 	 29276.205648652132
1.869021997892105 	 29161.66324896667
1.8700219978921049 	 29047.956518460946
1.8710219978921048 	 28935.07621666326
1.8720219978921047 	 28823.013248039293
1.8730219978921046 	 28711.758658830677
1.8740219978921044 	 28601.30363398109
1.8750219978921043 	 28491.639494147475
1.8760219978921042 	 28382.75769279383
1.877021997892104 	 28274.64981336482
1.878021997892104 	 28167.30756653657
1.879021997892104 	 28060.722787542956
1.8800219978921038 	 27954.887433574197
1.8810219978921037 	 27849.793581246195
1.8820219978921036 	 27745.433424137947
1.8830219978921034 	 27641.79927039553
1.8840219978921033 	 27538.88354039965
1.8850219978921032 	 27436.678764495926
1.8860219978921031 	 27335.17758078504
1.887021997892103 	 27234.372732971537
1.888021997892103 	 27134.257068269057
1.8890219978921028 	 27034.82353536041
1.8900219978921027 	 26936.065182410963
1.8910219978921026 	 26837.97515513337
1.8920219978921025 	 26740.546694902503
1.8930219978921023 	 26643.773136918546
1.8940219978921022 	 26547.64790841712
1.8950219978921021 	 26452.164526925102
1.896021997892102 	 26357.31659856023
1.897021997892102 	 26263.097816373724
1.8980219978921018 	 26169.501958734476
1.8990219978921017 	 26076.522887753086
1.9000219978921016 	 25984.154547745373
1.9010219978921015 	 25892.390963733353
1.9020219978921014 	 25801.226239983083
1.9030219978921012 	 25710.654558578164
1.9040219978921011 	 25620.67017802768
1.905021997892101 	 25531.267431907476
1.906021997892101 	 25442.440727534373
1.9070219978921008 	 25354.184544671552
1.9080219978921007 	 25266.4934342646
1.9090219978921006 	 25179.362017207546
1.9100219978921005 	 25092.784983137277
1.9110219978921004 	 25006.757089256334
1.9120219978921003 	 24921.273159182736
1.9130219978921001 	 24836.328081826166
1.9140219978921 	 24751.916810289807
1.9150219978921 	 24668.0343607971
1.9160219978920998 	 24584.675811642624
1.9170219978920997 	 24501.83630216644
1.9180219978920996 	 24419.511031751284
1.9190219978920995 	 24337.695258841977
1.9200219978920994 	 24256.384299986166
1.9210219978920993 	 24175.573528896315
1.9220219978920992 	 24095.258375531608
1.923021997892099 	 24015.43432520018
1.924021997892099 	 23936.09691768001
1.9250219978920988 	 23857.24174635894
1.9260219978920987 	 23778.864457392567
1.9270219978920986 	 23700.96074888012
1.9280219978920985 	 23623.526370057258
1.9290219978920984 	 23546.557120505775
1.9300219978920983 	 23470.048849379553
1.9310219978920982 	 23393.997454646313
1.932021997892098 	 23318.398882344904
1.933021997892098 	 23243.24912585745
1.9340219978920978 	 23168.544225196256
1.9350219978920977 	 23094.2802663049
1.9360219978920976 	 23020.453380373183
1.9370219978920975 	 22947.059743165562
1.9380219978920974 	 22874.0955743628
1.9390219978920973 	 22801.55713691632
1.9400219978920972 	 22729.440736415196
1.941021997892097 	 22657.74272046529
1.942021997892097 	 22586.459478080003
1.9430219978920968 	 22515.587439083007
1.9440219978920967 	 22445.12307352197
1.9450219978920966 	 22375.062891093243
1.9460219978920965 	 22305.403440577535
1.9470219978920964 	 22236.141309285817
1.9480219978920963 	 22167.273122515486
1.9490219978920962 	 22098.795543016568
1.950021997892096 	 22030.705270467577
1.951021997892096 	 21962.999040960778
1.9520219978920959 	 21895.673626496933
1.9530219978920957 	 21828.725834488843
1.9540219978920956 	 21762.15250727391
1.9550219978920955 	 21695.950521635197
1.9560219978920954 	 21630.116788330964
1.9570219978920953 	 21564.648251632396
1.9580219978920952 	 21499.5418888695
1.959021997892095 	 21434.79470998457
1.960021997892095 	 21370.403757093663
1.9610219978920949 	 21306.366104055425
1.9620219978920947 	 21242.678856047103
1.9630219978920946 	 21179.339149148036
1.9640219978920945 	 21116.344149929966
1.9650219978920944 	 21053.6910550542
1.9660219978920943 	 20991.377090875514
1.9670219978920942 	 20929.399513052784
1.968021997892094 	 20867.7556061657
1.969021997892094 	 20806.44268333803
1.9700219978920939 	 20745.458085867023
1.9710219978920938 	 20684.79918285868
1.9720219978920936 	 20624.463370869027
1.9730219978920935 	 20564.44807355116
1.9740219978920934 	 20504.75074130792
1.9750219978920933 	 20445.368850950057
1.9760219978920932 	 20386.299905359934
1.977021997892093 	 20327.541433160335
1.978021997892093 	 20269.090988388773
1.9790219978920929 	 20210.946150176587
1.9800219978920928 	 20153.10452243322
1.9810219978920927 	 20095.5637335353
1.9820219978920925 	 20038.32143602064
1.9830219978920924 	 19981.3753062868
1.9840219978920923 	 19924.723044294336
1.9850219978920922 	 19868.362373274547
1.986021997892092 	 19812.29103944164
1.987021997892092 	 19756.50681170935
1.9880219978920919 	 19701.007481411616
1.9890219978920918 	 19645.790862027694
1.9900219978920917 	 19590.854788911118
1.9910219978920916 	 19536.19711902296
1.9920219978920914 	 19481.815730668757
1.9930219978920913 	 19427.708523239537
1.9940219978920912 	 19373.87318021936
1.9950219978920911 	 19320.308116482378
1.996021997892091 	 19267.011035085652
1.997021997892091 	 19213.979958762724
1.9980219978920908 	 19161.212867794402
1.9990219978920907 	 19108.707782852805
