0.0010219978922 	 0
0.0020219978922 	 0
0.0030219978922 	 0
0.0040219978922 	 0
0.0050219978922 	 0
0.0060219978922 	 0
0.0070219978922 	 0
0.0080219978922 	 0
0.009021997892200002 	 0
0.010021997892200003 	 0
0.011021997892200004 	 0
0.012021997892200004 	 0
0.013021997892200005 	 0
0.014021997892200006 	 0
0.015021997892200007 	 0
0.016021997892200008 	 0
0.01702199789220001 	 0
0.01802199789220001 	 0
0.01902199789220001 	 0
0.02002199789220001 	 0
0.021021997892200012 	 0
0.022021997892200013 	 0
0.023021997892200014 	 0
0.024021997892200015 	 0
0.025021997892200016 	 0
0.026021997892200017 	 0
0.027021997892200018 	 0
0.02802199789220002 	 0
0.02902199789220002 	 0
0.03002199789220002 	 0
0.03102199789220002 	 0
0.03202199789220002 	 0
0.03302199789220002 	 0
0.03402199789220002 	 0
0.03502199789220002 	 0
0.03602199789220002 	 0
0.03702199789220002 	 0
0.038021997892200024 	 0
0.039021997892200025 	 0
0.040021997892200026 	 0
0.04102199789220003 	 0
0.04202199789220003 	 0
0.04302199789220003 	 0
0.04402199789220003 	 0
0.04502199789220003 	 0
0.04602199789220003 	 0
0.04702199789220003 	 0
0.04802199789220003 	 0
0.049021997892200034 	 0
0.050021997892200035 	 0
0.051021997892200036 	 0
0.052021997892200036 	 0
0.05302199789220004 	 0
0.05402199789220004 	 0
0.05502199789220004 	 0
0.05602199789220004 	 0
0.05702199789220004 	 0
0.05802199789220004 	 0
0.05902199789220004 	 0
0.060021997892200044 	 0
0.061021997892200044 	 0
0.062021997892200045 	 0
0.06302199789220005 	 0
0.06402199789220005 	 0
0.06502199789220005 	 0
0.06602199789220005 	 0
0.06702199789220005 	 0
0.06802199789220005 	 0
0.06902199789220005 	 0
0.07002199789220005 	 0
0.07102199789220005 	 0
0.07202199789220005 	 0
0.07302199789220006 	 0
0.07402199789220006 	 0
0.07502199789220006 	 0
0.07602199789220006 	 0
0.07702199789220006 	 0
0.07802199789220006 	 0
0.07902199789220006 	 0
0.08002199789220006 	 0
0.08102199789220006 	 0
0.08202199789220006 	 0
0.08302199789220006 	 0
0.08402199789220006 	 0
0.08502199789220007 	 0
0.08602199789220007 	 0
0.08702199789220007 	 0
0.08802199789220007 	 0
0.08902199789220007 	 0
0.09002199789220007 	 0
0.09102199789220007 	 0
0.09202199789220007 	 0
0.09302199789220007 	 0
0.09402199789220007 	 0
0.09502199789220007 	 0
0.09602199789220008 	 0
0.09702199789220008 	 0
0.09802199789220008 	 0
0.09902199789220008 	 0
0.10002199789220008 	 0
0.10102199789220008 	 0
0.10202199789220008 	 0
0.10302199789220008 	 0
0.10402199789220008 	 0
0.10502199789220008 	 0
0.10602199789220008 	 0
0.10702199789220009 	 0
0.10802199789220009 	 0
0.10902199789220009 	 0
0.11002199789220009 	 0
0.11102199789220009 	 0
0.11202199789220009 	 0
0.11302199789220009 	 0
0.11402199789220009 	 0
0.11502199789220009 	 0
0.1160219978922001 	 0
0.1170219978922001 	 0
0.1180219978922001 	 0
0.1190219978922001 	 0
0.1200219978922001 	 0
0.1210219978922001 	 0
0.1220219978922001 	 0
0.1230219978922001 	 0
0.1240219978922001 	 0
0.1250219978922001 	 0
0.1260219978922001 	 0
0.1270219978922001 	 0
0.1280219978922001 	 0
0.1290219978922001 	 0
0.1300219978922001 	 0
0.1310219978922001 	 0
0.1320219978922001 	 0
0.1330219978922001 	 0
0.1340219978922001 	 0
0.1350219978922001 	 0
0.1360219978922001 	 0
0.1370219978922001 	 0
0.1380219978922001 	 0
0.1390219978922001 	 0
0.1400219978922001 	 0
0.1410219978922001 	 0
0.1420219978922001 	 0
0.1430219978922001 	 0
0.1440219978922001 	 0
0.1450219978922001 	 0
0.1460219978922001 	 0
0.1470219978922001 	 0
0.1480219978922001 	 0
0.1490219978922001 	 0
0.1500219978922001 	 0
0.1510219978922001 	 0
0.1520219978922001 	 0
0.1530219978922001 	 0
0.1540219978922001 	 0
0.15502199789220011 	 0
0.15602199789220011 	 0
0.15702199789220012 	 0
0.15802199789220012 	 0
0.15902199789220012 	 0
0.16002199789220012 	 0
0.16102199789220012 	 0
0.16202199789220012 	 0
0.16302199789220012 	 0
0.16402199789220012 	 0
0.16502199789220012 	 0
0.16602199789220012 	 0
0.16702199789220012 	 0
0.16802199789220013 	 0
0.16902199789220013 	 0
0.17002199789220013 	 0
0.17102199789220013 	 0
0.17202199789220013 	 0
0.17302199789220013 	 0
0.17402199789220013 	 0
0.17502199789220013 	 0
0.17602199789220013 	 0
0.17702199789220013 	 0
0.17802199789220013 	 0
0.17902199789220014 	 0
0.18002199789220014 	 0
0.18102199789220014 	 0
0.18202199789220014 	 0
0.18302199789220014 	 0
0.18402199789220014 	 0
0.18502199789220014 	 0
0.18602199789220014 	 0
0.18702199789220014 	 0
0.18802199789220014 	 0
0.18902199789220014 	 0
0.19002199789220015 	 0
0.19102199789220015 	 0
0.19202199789220015 	 0
0.19302199789220015 	 0
0.19402199789220015 	 0
0.19502199789220015 	 0
0.19602199789220015 	 0
0.19702199789220015 	 0
0.19802199789220015 	 0
0.19902199789220015 	 0
0.20002199789220015 	 0
0.20102199789220015 	 0
0.20202199789220016 	 0
0.20302199789220016 	 0
0.20402199789220016 	 0
0.20502199789220016 	 0
0.20602199789220016 	 0
0.20702199789220016 	 0
0.20802199789220016 	 0
0.20902199789220016 	 0
0.21002199789220016 	 0
0.21102199789220016 	 0
0.21202199789220016 	 0.0
0.21302199789220017 	 0.0
0.21402199789220017 	 0.0
0.21502199789220017 	 0.0
0.21602199789220017 	 0.0
0.21702199789220017 	 0.0
0.21802199789220017 	 0.0
0.21902199789220017 	 0.0
0.22002199789220017 	 0.0
0.22102199789220017 	 0.0
0.22202199789220017 	 0.0
0.22302199789220017 	 0.0
0.22402199789220018 	 0.0
0.22502199789220018 	 0.0
0.22602199789220018 	 0.0
0.22702199789220018 	 0.0
0.22802199789220018 	 0.0
0.22902199789220018 	 0.0
0.23002199789220018 	 0.0
0.23102199789220018 	 0.0
0.23202199789220018 	 0.0
0.23302199789220018 	 0.0
0.23402199789220018 	 0.0
0.23502199789220019 	 0.0
0.23602199789220019 	 0.0
0.2370219978922002 	 0.0
0.2380219978922002 	 0.0
0.2390219978922002 	 0.0
0.2400219978922002 	 0.0
0.2410219978922002 	 0.0
0.2420219978922002 	 0.0
0.2430219978922002 	 0.0
0.2440219978922002 	 0.0
0.2450219978922002 	 0.0
0.2460219978922002 	 0.0
0.2470219978922002 	 0.0
0.2480219978922002 	 0.0
0.2490219978922002 	 0.0
0.2500219978922002 	 0.0
0.2510219978922002 	 0.0
0.2520219978922002 	 0.0
0.2530219978922002 	 0.0
0.2540219978922002 	 0.0
0.2550219978922002 	 0.0
0.2560219978922002 	 0.0
0.2570219978922002 	 0.0
0.2580219978922002 	 0.0
0.2590219978922002 	 0.0
0.2600219978922002 	 0.0
0.2610219978922002 	 0.0
0.2620219978922002 	 0.0
0.2630219978922002 	 0.0
0.2640219978922002 	 0.0
0.2650219978922002 	 0.0
0.2660219978922002 	 0.0
0.2670219978922002 	 0.0
0.2680219978922002 	 0.0
0.2690219978922002 	 0.0
0.2700219978922002 	 0.0
0.2710219978922002 	 0.0
0.2720219978922002 	 0.0
0.2730219978922002 	 0.0
0.2740219978922002 	 0.0
0.2750219978922002 	 0.0
0.2760219978922002 	 0.0
0.2770219978922002 	 0.0
0.2780219978922002 	 0.0
0.2790219978922002 	 0.0
0.2800219978922002 	 0.0
0.2810219978922002 	 0.0
0.2820219978922002 	 0.0
0.2830219978922002 	 0.0
0.28402199789220023 	 0.0
0.28502199789220023 	 0.0
0.28602199789220023 	 0.0
0.28702199789220023 	 0.0
0.28802199789220023 	 0.0
0.28902199789220023 	 0.0
0.29002199789220023 	 0.0
0.29102199789220023 	 0.0
0.29202199789220024 	 0.0
0.29302199789220024 	 0.0
0.29402199789220024 	 0.0
0.29502199789220024 	 0.0
0.29602199789220024 	 0.0
0.29702199789220024 	 0.0
0.29802199789220024 	 0.0
0.29902199789220024 	 0.0
0.30002199789220024 	 0.0
0.30102199789220024 	 0.0
0.30202199789220024 	 0.0
0.30302199789220025 	 0.0
0.30402199789220025 	 0.0
0.30502199789220025 	 0.0
0.30602199789220025 	 0.0
0.30702199789220025 	 0.0
0.30802199789220025 	 0.0
0.30902199789220025 	 0.0
0.31002199789220025 	 0.0
0.31102199789220025 	 0.0
0.31202199789220025 	 0.0
0.31302199789220025 	 0.0
0.31402199789220026 	 0.0
0.31502199789220026 	 0.0
0.31602199789220026 	 0.0
0.31702199789220026 	 0.0
0.31802199789220026 	 0.0
0.31902199789220026 	 0.0
0.32002199789220026 	 0.0
0.32102199789220026 	 0.0
0.32202199789220026 	 0.0
0.32302199789220026 	 0.0
0.32402199789220026 	 0.0
0.32502199789220027 	 0.0
0.32602199789220027 	 0.0
0.32702199789220027 	 0.0
0.32802199789220027 	 0.0
0.32902199789220027 	 0.0
0.33002199789220027 	 0.0
0.33102199789220027 	 0.0
0.33202199789220027 	 0.0
0.33302199789220027 	 0.0
0.3340219978922003 	 0.0
0.3350219978922003 	 0.0
0.3360219978922003 	 0.0
0.3370219978922003 	 0.0
0.3380219978922003 	 0.0
0.3390219978922003 	 0.0
0.3400219978922003 	 0.0
0.3410219978922003 	 0.0
0.3420219978922003 	 0.0
0.3430219978922003 	 0.0
0.3440219978922003 	 0.0
0.3450219978922003 	 0.0
0.3460219978922003 	 0.0
0.3470219978922003 	 0.0
0.3480219978922003 	 0.0
0.3490219978922003 	 0.0
0.3500219978922003 	 0.0
0.3510219978922003 	 0.0
0.3520219978922003 	 0.0
0.3530219978922003 	 0.0
0.3540219978922003 	 0.0
0.3550219978922003 	 0.0
0.3560219978922003 	 0.0
0.3570219978922003 	 0.0
0.3580219978922003 	 0.0
0.3590219978922003 	 0.0
0.3600219978922003 	 0.0
0.3610219978922003 	 0.0
0.3620219978922003 	 0.0
0.3630219978922003 	 0.0
0.3640219978922003 	 0.0
0.3650219978922003 	 0.0
0.3660219978922003 	 0.0
0.3670219978922003 	 0.0
0.3680219978922003 	 0.0
0.3690219978922003 	 0.0
0.3700219978922003 	 0.0
0.3710219978922003 	 0.0
0.3720219978922003 	 0.0
0.3730219978922003 	 0.0
0.3740219978922003 	 0.0
0.3750219978922003 	 0.0
0.3760219978922003 	 0.0
0.3770219978922003 	 0.0
0.3780219978922003 	 0.0
0.3790219978922003 	 0.0
0.3800219978922003 	 0.0
0.3810219978922003 	 0.0
0.3820219978922003 	 0.0
0.3830219978922003 	 0.0
0.3840219978922003 	 0.0
0.3850219978922003 	 0.0
0.3860219978922003 	 0.0
0.3870219978922003 	 0.0
0.3880219978922003 	 0.0
0.3890219978922003 	 0.0
0.3900219978922003 	 0.0
0.3910219978922003 	 0.0
0.3920219978922003 	 0.0
0.3930219978922003 	 0.0
0.3940219978922003 	 0.0
0.3950219978922003 	 0.0
0.39602199789220033 	 0.0
0.39702199789220033 	 0.0
0.39802199789220033 	 0.0
0.39902199789220033 	 0.0
0.40002199789220033 	 0.0
0.40102199789220033 	 0.0
0.40202199789220033 	 0.0
0.40302199789220033 	 0.0
0.40402199789220034 	 0.0
0.40502199789220034 	 0.0
0.40602199789220034 	 0.0
0.40702199789220034 	 0.0
0.40802199789220034 	 0.0
0.40902199789220034 	 0.0
0.41002199789220034 	 0.0
0.41102199789220034 	 0.0
0.41202199789220034 	 0.0
0.41302199789220034 	 0.0
0.41402199789220034 	 0.0
0.41502199789220034 	 0.0
0.41602199789220035 	 0.0
0.41702199789220035 	 0.0
0.41802199789220035 	 0.0
0.41902199789220035 	 0.0
0.42002199789220035 	 0.0
0.42102199789220035 	 0.0
0.42202199789220035 	 0.0
0.42302199789220035 	 0.0
0.42402199789220035 	 0.0
0.42502199789220035 	 0.0
0.42602199789220035 	 0.0
0.42702199789220036 	 0.0
0.42802199789220036 	 0.0
0.42902199789220036 	 0.0
0.43002199789220036 	 0.0
0.43102199789220036 	 0.0
0.43202199789220036 	 0.0
0.43302199789220036 	 0.0
0.43402199789220036 	 0.0
0.43502199789220036 	 0.0
0.43602199789220036 	 0.0
0.43702199789220036 	 0.0
0.43802199789220037 	 0.0
0.43902199789220037 	 0.0
0.44002199789220037 	 0.0
0.44102199789220037 	 0.0
0.44202199789220037 	 0.0
0.44302199789220037 	 0.0
0.44402199789220037 	 0.0
0.44502199789220037 	 0.0
0.4460219978922004 	 0.0
0.4470219978922004 	 0.0
0.4480219978922004 	 0.0
0.4490219978922004 	 0.0
0.4500219978922004 	 0.0
0.4510219978922004 	 0.0
0.4520219978922004 	 0.0
0.4530219978922004 	 0.0
0.4540219978922004 	 0.0
0.4550219978922004 	 0.0
0.4560219978922004 	 0.0
0.4570219978922004 	 0.0
0.4580219978922004 	 0.0
0.4590219978922004 	 0.0
0.4600219978922004 	 0.0
0.4610219978922004 	 0.0
0.4620219978922004 	 0.0
0.4630219978922004 	 0.0
0.4640219978922004 	 0.0
0.4650219978922004 	 0.0
0.4660219978922004 	 0.0
0.4670219978922004 	 0.0
0.4680219978922004 	 0.0
0.4690219978922004 	 0.0
0.4700219978922004 	 0.0
0.4710219978922004 	 0.0
0.4720219978922004 	 0.0
0.4730219978922004 	 0.0
0.4740219978922004 	 0.0
0.4750219978922004 	 0.0
0.4760219978922004 	 0.0
0.4770219978922004 	 0.0
0.4780219978922004 	 0.0
0.4790219978922004 	 0.0
0.4800219978922004 	 0.0
0.4810219978922004 	 0.0
0.4820219978922004 	 0.0
0.4830219978922004 	 0.0
0.4840219978922004 	 0.0
0.4850219978922004 	 0.0
0.4860219978922004 	 0.0
0.4870219978922004 	 0.0
0.4880219978922004 	 0.0
0.4890219978922004 	 0.0
0.4900219978922004 	 0.0
0.4910219978922004 	 0.0
0.4920219978922004 	 0.0
0.4930219978922004 	 0.0
0.4940219978922004 	 0.0
0.4950219978922004 	 0.0
0.4960219978922004 	 0.0
0.4970219978922004 	 0.0
0.4980219978922004 	 0.0
0.4990219978922004 	 0.0
0.5000219978922004 	 0.0
0.5010219978922004 	 0.0
0.5020219978922004 	 0.0
0.5030219978922004 	 0.0
0.5040219978922004 	 0.0
0.5050219978922004 	 0.0
0.5060219978922004 	 0.0
0.5070219978922004 	 0.0
0.5080219978922004 	 0.0
0.5090219978922004 	 0.0
0.5100219978922004 	 0.0
0.5110219978922004 	 0.0
0.5120219978922004 	 0.0
0.5130219978922004 	 0.0
0.5140219978922004 	 0.0
0.5150219978922004 	 0.0
0.5160219978922004 	 0.0
0.5170219978922004 	 0.0
0.5180219978922004 	 0.0
0.5190219978922004 	 0.0
0.5200219978922004 	 0.0
0.5210219978922004 	 0.0
0.5220219978922004 	 0.0
0.5230219978922004 	 0.0
0.5240219978922004 	 0.0
0.5250219978922004 	 0.0
0.5260219978922004 	 0.0
0.5270219978922004 	 0.0
0.5280219978922004 	 0.0
0.5290219978922004 	 0.0
0.5300219978922004 	 0.0
0.5310219978922004 	 0.0
0.5320219978922004 	 0.0
0.5330219978922004 	 0.0
0.5340219978922004 	 0.0
0.5350219978922004 	 0.0
0.5360219978922004 	 0.0
0.5370219978922004 	 0.0
0.5380219978922004 	 0.0
0.5390219978922004 	 0.0
0.5400219978922004 	 0.0
0.5410219978922004 	 0.0
0.5420219978922004 	 0.0
0.5430219978922004 	 0.0
0.5440219978922004 	 0.0
0.5450219978922004 	 0.0
0.5460219978922004 	 0.0
0.5470219978922004 	 0.0
0.5480219978922004 	 0.0
0.5490219978922004 	 0.0
0.5500219978922004 	 0.0
0.5510219978922004 	 0.0
0.5520219978922004 	 0.0
0.5530219978922004 	 0.0
0.5540219978922004 	 0.0
0.5550219978922004 	 0.0
0.5560219978922004 	 0.0
0.5570219978922004 	 0.0
0.5580219978922004 	 0.0
0.5590219978922004 	 0.0
0.5600219978922004 	 0.0
0.5610219978922004 	 0.0
0.5620219978922004 	 0.0
0.5630219978922004 	 0.0
0.5640219978922004 	 0.0
0.5650219978922004 	 0.0
0.5660219978922004 	 0.0
0.5670219978922004 	 0.0
0.5680219978922004 	 0.0
0.5690219978922004 	 0.0
0.5700219978922004 	 0.0
0.5710219978922004 	 0.0
0.5720219978922004 	 0.0
0.5730219978922004 	 0.0
0.5740219978922004 	 0.0
0.5750219978922004 	 0.0
0.5760219978922004 	 0.0
0.5770219978922004 	 0.0
0.5780219978922004 	 0.0
0.5790219978922004 	 0.0
0.5800219978922004 	 0.0
0.5810219978922004 	 0.0
0.5820219978922004 	 0.0
0.5830219978922004 	 0.0
0.5840219978922004 	 0.0
0.5850219978922004 	 0.0
0.5860219978922004 	 0.0
0.5870219978922004 	 0.0
0.5880219978922004 	 0.0
0.5890219978922004 	 0.0
0.5900219978922004 	 0.0
0.5910219978922004 	 0.0
0.5920219978922004 	 0.0
0.5930219978922004 	 0.0
0.5940219978922004 	 0.0
0.5950219978922004 	 0.0
0.5960219978922005 	 0.0
0.5970219978922005 	 0.0
0.5980219978922005 	 0.0
0.5990219978922005 	 0.0
0.6000219978922005 	 0.0
0.6010219978922005 	 0.0
0.6020219978922005 	 0.0
0.6030219978922005 	 0.0
0.6040219978922005 	 0.0
0.6050219978922005 	 0.0
0.6060219978922005 	 0.0
0.6070219978922005 	 0.0
0.6080219978922005 	 0.0
0.6090219978922005 	 0.0
0.6100219978922005 	 0.0
0.6110219978922005 	 0.0
0.6120219978922005 	 0.0
0.6130219978922005 	 0.0
0.6140219978922005 	 0.0
0.6150219978922005 	 0.0
0.6160219978922005 	 0.0
0.6170219978922005 	 0.0
0.6180219978922005 	 0.0
0.6190219978922005 	 0.0
0.6200219978922005 	 0.0
0.6210219978922005 	 0.0
0.6220219978922005 	 0.0
0.6230219978922005 	 0.0
0.6240219978922005 	 0.0
0.6250219978922005 	 0.0
0.6260219978922005 	 0.0
0.6270219978922005 	 0.0
0.6280219978922005 	 0.0
0.6290219978922005 	 0.0
0.6300219978922005 	 0.0
0.6310219978922005 	 0.0
0.6320219978922005 	 0.0
0.6330219978922005 	 0.0
0.6340219978922005 	 0.0
0.6350219978922005 	 0.0
0.6360219978922005 	 0.0
0.6370219978922005 	 0.0
0.6380219978922005 	 0.0
0.6390219978922005 	 0.0
0.6400219978922005 	 0.0
0.6410219978922005 	 0.0
0.6420219978922005 	 0.0
0.6430219978922005 	 0.0
0.6440219978922005 	 0.0
0.6450219978922005 	 0.0
0.6460219978922005 	 0.0
0.6470219978922005 	 0.0
0.6480219978922005 	 0.0
0.6490219978922005 	 0.0
0.6500219978922005 	 0.0
0.6510219978922005 	 0.0
0.6520219978922005 	 0.0
0.6530219978922005 	 0.0
0.6540219978922005 	 0.0
0.6550219978922005 	 0.0
0.6560219978922005 	 0.0
0.6570219978922005 	 0.0
0.6580219978922005 	 0.0
0.6590219978922005 	 0.0
0.6600219978922005 	 0.0
0.6610219978922005 	 0.0
0.6620219978922005 	 0.0
0.6630219978922005 	 0.0
0.6640219978922005 	 0.0
0.6650219978922005 	 0.0
0.6660219978922005 	 0.0
0.6670219978922005 	 0.0
0.6680219978922005 	 0.0
0.6690219978922005 	 0.0
0.6700219978922005 	 0.0
0.6710219978922005 	 0.0
0.6720219978922005 	 0.0
0.6730219978922005 	 0.0
0.6740219978922005 	 0.0
0.6750219978922005 	 0.0
0.6760219978922005 	 0.0
0.6770219978922005 	 0.0
0.6780219978922005 	 0.0
0.6790219978922005 	 0.0
0.6800219978922005 	 0.0
0.6810219978922005 	 0.0
0.6820219978922005 	 0.0
0.6830219978922005 	 0.0
0.6840219978922005 	 0.0
0.6850219978922005 	 0.0
0.6860219978922005 	 0.0
0.6870219978922005 	 0.0
0.6880219978922005 	 0.0
0.6890219978922005 	 0.0
0.6900219978922005 	 0.0
0.6910219978922005 	 0.0
0.6920219978922005 	 0.0
0.6930219978922005 	 0.0
0.6940219978922005 	 0.0
0.6950219978922005 	 0.0
0.6960219978922005 	 0.0
0.6970219978922005 	 0.0
0.6980219978922005 	 0.0
0.6990219978922005 	 0.0
0.7000219978922005 	 0.0
0.7010219978922005 	 0.0
0.7020219978922005 	 0.0
0.7030219978922005 	 0.0
0.7040219978922005 	 0.0
0.7050219978922005 	 0.0
0.7060219978922005 	 0.0
0.7070219978922005 	 0.0
0.7080219978922005 	 0.0
0.7090219978922006 	 0.0
0.7100219978922006 	 0.0
0.7110219978922006 	 0.0
0.7120219978922006 	 0.0
0.7130219978922006 	 0.0
0.7140219978922006 	 0.0
0.7150219978922006 	 0.0
0.7160219978922006 	 0.0
0.7170219978922006 	 0.0
0.7180219978922006 	 0.0
0.7190219978922006 	 0.0
0.7200219978922006 	 0.0
0.7210219978922006 	 0.0
0.7220219978922006 	 0.0
0.7230219978922006 	 0.0
0.7240219978922006 	 0.0
0.7250219978922006 	 0.0
0.7260219978922006 	 0.0
0.7270219978922006 	 0.0
0.7280219978922006 	 0.0
0.7290219978922006 	 0.0
0.7300219978922006 	 0.0
0.7310219978922006 	 0.0
0.7320219978922006 	 0.0
0.7330219978922006 	 0.0
0.7340219978922006 	 0.0
0.7350219978922006 	 0.0
0.7360219978922006 	 0.0
0.7370219978922006 	 0.0
0.7380219978922006 	 0.0
0.7390219978922006 	 0.0
0.7400219978922006 	 0.0
0.7410219978922006 	 0.0
0.7420219978922006 	 0.0
0.7430219978922006 	 0.0
0.7440219978922006 	 0.0
0.7450219978922006 	 0.0
0.7460219978922006 	 0.0
0.7470219978922006 	 0.0
0.7480219978922006 	 0.0
0.7490219978922006 	 0.0
0.7500219978922006 	 0.0
0.7510219978922006 	 0.0
0.7520219978922006 	 0.0
0.7530219978922006 	 0.0
0.7540219978922006 	 0.0
0.7550219978922006 	 0.0
0.7560219978922006 	 0.0
0.7570219978922006 	 0.0
0.7580219978922006 	 0.0
0.7590219978922006 	 0.0
0.7600219978922006 	 0.0
0.7610219978922006 	 0.0
0.7620219978922006 	 0.0
0.7630219978922006 	 0.0
0.7640219978922006 	 0.0
0.7650219978922006 	 0.0
0.7660219978922006 	 0.0
0.7670219978922006 	 0.0
0.7680219978922006 	 0.0
0.7690219978922006 	 0.0
0.7700219978922006 	 0.0
0.7710219978922006 	 0.0
0.7720219978922006 	 0.0
0.7730219978922006 	 0.0
0.7740219978922006 	 0.0
0.7750219978922006 	 0.0
0.7760219978922006 	 0.0
0.7770219978922006 	 0.0
0.7780219978922006 	 0.0
0.7790219978922006 	 0.0
0.7800219978922006 	 0.0
0.7810219978922006 	 0.0
0.7820219978922006 	 0.0
0.7830219978922006 	 0.0
0.7840219978922006 	 0.0
0.7850219978922006 	 0.0
0.7860219978922006 	 0.0
0.7870219978922006 	 0.0
0.7880219978922006 	 0.0
0.7890219978922006 	 0.0
0.7900219978922006 	 0.0
0.7910219978922006 	 0.0
0.7920219978922006 	 0.0
0.7930219978922006 	 0.0
0.7940219978922006 	 0.0
0.7950219978922006 	 0.0
0.7960219978922006 	 0.0
0.7970219978922006 	 0.0
0.7980219978922006 	 0.0
0.7990219978922006 	 0.0
0.8000219978922006 	 0.0
0.8010219978922006 	 0.0
0.8020219978922006 	 0.0
0.8030219978922006 	 0.0
0.8040219978922006 	 0.0
0.8050219978922006 	 0.0
0.8060219978922006 	 0.0
0.8070219978922006 	 0.0
0.8080219978922006 	 0.0
0.8090219978922006 	 0.0
0.8100219978922006 	 0.0
0.8110219978922006 	 0.0
0.8120219978922006 	 0.0
0.8130219978922006 	 0.0
0.8140219978922006 	 0.0
0.8150219978922006 	 0.0
0.8160219978922006 	 0.0
0.8170219978922006 	 0.0
0.8180219978922006 	 0.0
0.8190219978922006 	 0.0
0.8200219978922006 	 0.0
0.8210219978922007 	 0.0
0.8220219978922007 	 0.0
0.8230219978922007 	 0.0
0.8240219978922007 	 0.0
0.8250219978922007 	 0.0
0.8260219978922007 	 0.0
0.8270219978922007 	 0.0
0.8280219978922007 	 0.0
0.8290219978922007 	 0.0
0.8300219978922007 	 0.0
0.8310219978922007 	 0.0
0.8320219978922007 	 0.0
0.8330219978922007 	 0.0
0.8340219978922007 	 0.0
0.8350219978922007 	 0.0
0.8360219978922007 	 0.0
0.8370219978922007 	 0.0
0.8380219978922007 	 0.0
0.8390219978922007 	 0.0
0.8400219978922007 	 0.0
0.8410219978922007 	 0.0
0.8420219978922007 	 0.0
0.8430219978922007 	 0.0
0.8440219978922007 	 0.0
0.8450219978922007 	 0.0
0.8460219978922007 	 0.0
0.8470219978922007 	 0.0
0.8480219978922007 	 0.0
0.8490219978922007 	 0.0
0.8500219978922007 	 0.0
0.8510219978922007 	 0.0
0.8520219978922007 	 0.0
0.8530219978922007 	 0.0
0.8540219978922007 	 0.0
0.8550219978922007 	 0.0
0.8560219978922007 	 0.0
0.8570219978922007 	 0.0
0.8580219978922007 	 0.0
0.8590219978922007 	 0.0
0.8600219978922007 	 0.0
0.8610219978922007 	 0.0
0.8620219978922007 	 0.0
0.8630219978922007 	 0.0
0.8640219978922007 	 0.0
0.8650219978922007 	 0.0
0.8660219978922007 	 0.0
0.8670219978922007 	 0.0
0.8680219978922007 	 0.0
0.8690219978922007 	 0.0
0.8700219978922007 	 0.0
0.8710219978922007 	 0.0
0.8720219978922007 	 0.0
0.8730219978922007 	 0.0
0.8740219978922007 	 0.0
0.8750219978922007 	 0.0
0.8760219978922007 	 0.0
0.8770219978922007 	 0.0
0.8780219978922007 	 0.0
0.8790219978922007 	 0.0
0.8800219978922007 	 0.0
0.8810219978922007 	 0.0
0.8820219978922007 	 0.0
0.8830219978922007 	 0.0
0.8840219978922007 	 0.0
0.8850219978922007 	 0.0
0.8860219978922007 	 0.0
0.8870219978922007 	 0.0
0.8880219978922007 	 0.0
0.8890219978922007 	 0.0
0.8900219978922007 	 0.0
0.8910219978922007 	 0.0
0.8920219978922007 	 0.0
0.8930219978922007 	 0.0
0.8940219978922007 	 0.0
0.8950219978922007 	 0.0
0.8960219978922007 	 0.0
0.8970219978922007 	 0.0
0.8980219978922007 	 0.0
0.8990219978922007 	 0.0
0.9000219978922007 	 0.0
0.9010219978922007 	 0.0
0.9020219978922007 	 0.0
0.9030219978922007 	 0.0
0.9040219978922007 	 0.0
0.9050219978922007 	 0.0
0.9060219978922007 	 0.0
0.9070219978922007 	 0.0
0.9080219978922007 	 0.0
0.9090219978922007 	 0.0
0.9100219978922007 	 0.0
0.9110219978922007 	 0.0
0.9120219978922007 	 0.0
0.9130219978922007 	 0.0
0.9140219978922007 	 0.0
0.9150219978922007 	 0.0
0.9160219978922007 	 0.0
0.9170219978922007 	 0.0
0.9180219978922007 	 0.0
0.9190219978922007 	 0.0
0.9200219978922007 	 0.0
0.9210219978922007 	 0.0
0.9220219978922007 	 0.0
0.9230219978922007 	 0.0
0.9240219978922007 	 0.0
0.9250219978922007 	 0.0
0.9260219978922007 	 0.0
0.9270219978922007 	 0.0
0.9280219978922007 	 0.0
0.9290219978922007 	 0.0
0.9300219978922007 	 0.0
0.9310219978922007 	 0.0
0.9320219978922007 	 0.0
0.9330219978922007 	 0.0
0.9340219978922008 	 0.0
0.9350219978922008 	 0.0
0.9360219978922008 	 0.0
0.9370219978922008 	 0.0
0.9380219978922008 	 0.0
0.9390219978922008 	 0.0
0.9400219978922008 	 0.0
0.9410219978922008 	 0.0
0.9420219978922008 	 0.0
0.9430219978922008 	 0.0
0.9440219978922008 	 0.0
0.9450219978922008 	 0.0
0.9460219978922008 	 0.0
0.9470219978922008 	 0.0
0.9480219978922008 	 0.0
0.9490219978922008 	 0.0
0.9500219978922008 	 0.0
0.9510219978922008 	 0.0
0.9520219978922008 	 0.0
0.9530219978922008 	 0.0
0.9540219978922008 	 0.0
0.9550219978922008 	 0.0
0.9560219978922008 	 0.0
0.9570219978922008 	 0.0
0.9580219978922008 	 0.0
0.9590219978922008 	 0.0
0.9600219978922008 	 0.0
0.9610219978922008 	 0.0
0.9620219978922008 	 0.0
0.9630219978922008 	 0.0
0.9640219978922008 	 0.0
0.9650219978922008 	 0.0
0.9660219978922008 	 0.0
0.9670219978922008 	 0.0
0.9680219978922008 	 0.0
0.9690219978922008 	 0.0
0.9700219978922008 	 0.0
0.9710219978922008 	 0.0
0.9720219978922008 	 0.0
0.9730219978922008 	 0.0
0.9740219978922008 	 0.0
0.9750219978922008 	 0.0
0.9760219978922008 	 0.0
0.9770219978922008 	 0.0
0.9780219978922008 	 0.0
0.9790219978922008 	 0.0
0.9800219978922008 	 0.0
0.9810219978922008 	 0.0
0.9820219978922008 	 0.0
0.9830219978922008 	 0.0
0.9840219978922008 	 0.0
0.9850219978922008 	 0.0
0.9860219978922008 	 0.0
0.9870219978922008 	 0.0
0.9880219978922008 	 0.0
0.9890219978922008 	 0.0
0.9900219978922008 	 0.0
0.9910219978922008 	 0.0
0.9920219978922008 	 0.0
0.9930219978922008 	 0.0
0.9940219978922008 	 0.0
0.9950219978922008 	 0.0
0.9960219978922008 	 0.0
0.9970219978922008 	 0.0
0.9980219978922008 	 0.0
0.9990219978922008 	 0.0
1.0000219978922007 	 0.0
1.0010219978922006 	 0.0
1.0020219978922005 	 0.0
1.0030219978922004 	 0.0
1.0040219978922003 	 0.0
1.0050219978922001 	 0.0
1.0060219978922 	 0.0
1.0070219978922 	 0.0
1.0080219978921998 	 0.0
1.0090219978921997 	 0.0
1.0100219978921996 	 0.0
1.0110219978921995 	 0.0
1.0120219978921994 	 0.0
1.0130219978921993 	 0.0
1.0140219978921992 	 0.0
1.015021997892199 	 0.0
1.016021997892199 	 0.0
1.0170219978921988 	 0.0
1.0180219978921987 	 0.0
1.0190219978921986 	 0.0
1.0200219978921985 	 0.0
1.0210219978921984 	 0.0
1.0220219978921983 	 0.0
1.0230219978921982 	 0.0
1.024021997892198 	 0.0
1.025021997892198 	 0.0
1.0260219978921978 	 0.0
1.0270219978921977 	 0.0
1.0280219978921976 	 0.0
1.0290219978921975 	 0.0
1.0300219978921974 	 0.0
1.0310219978921973 	 0.0
1.0320219978921972 	 0.0
1.033021997892197 	 0.0
1.034021997892197 	 0.0
1.0350219978921968 	 0.0
1.0360219978921967 	 0.0
1.0370219978921966 	 0.0
1.0380219978921965 	 0.0
1.0390219978921964 	 0.0
1.0400219978921963 	 0.0
1.0410219978921962 	 0.0
1.042021997892196 	 0.0
1.043021997892196 	 0.0
1.0440219978921959 	 0.0
1.0450219978921957 	 0.0
1.0460219978921956 	 0.0
1.0470219978921955 	 0.0
1.0480219978921954 	 0.0
1.0490219978921953 	 0.0
1.0500219978921952 	 0.0
1.051021997892195 	 0.0
1.052021997892195 	 0.0
1.0530219978921949 	 0.0
1.0540219978921948 	 0.0
1.0550219978921946 	 0.0
1.0560219978921945 	 0.0
1.0570219978921944 	 0.0
1.0580219978921943 	 0.0
1.0590219978921942 	 0.0
1.060021997892194 	 0.0
1.061021997892194 	 0.0
1.0620219978921939 	 0.0
1.0630219978921938 	 0.0
1.0640219978921936 	 0.0
1.0650219978921935 	 0.0
1.0660219978921934 	 0.0
1.0670219978921933 	 0.0
1.0680219978921932 	 0.0
1.069021997892193 	 0.0
1.070021997892193 	 0.0
1.0710219978921929 	 0.0
1.0720219978921928 	 0.0
1.0730219978921927 	 0.0
1.0740219978921925 	 0.0
1.0750219978921924 	 0.0
1.0760219978921923 	 0.0
1.0770219978921922 	 0.0
1.078021997892192 	 0.0
1.079021997892192 	 0.0
1.0800219978921919 	 0.0
1.0810219978921918 	 0.0
1.0820219978921917 	 0.0
1.0830219978921916 	 0.0
1.0840219978921914 	 0.0
1.0850219978921913 	 0.0
1.0860219978921912 	 0.0
1.0870219978921911 	 0.0
1.088021997892191 	 0.0
1.089021997892191 	 0.0
1.0900219978921908 	 0.0
1.0910219978921907 	 0.0
1.0920219978921906 	 0.0
1.0930219978921905 	 0.0
1.0940219978921903 	 0.0
1.0950219978921902 	 0.0
1.0960219978921901 	 0.0
1.09702199789219 	 0.0
1.09802199789219 	 0.0
1.0990219978921898 	 0.0
1.1000219978921897 	 0.0
1.1010219978921896 	 0.0
1.1020219978921895 	 0.0
1.1030219978921894 	 0.0
1.1040219978921892 	 0.0
1.1050219978921891 	 0.0
1.106021997892189 	 0.0
1.107021997892189 	 0.0
1.1080219978921888 	 0.0
1.1090219978921887 	 0.0
1.1100219978921886 	 0.0
1.1110219978921885 	 0.0
1.1120219978921884 	 0.0
1.1130219978921883 	 0.0
1.1140219978921881 	 0.0
1.115021997892188 	 0.0
1.116021997892188 	 0.0
1.1170219978921878 	 0.0
1.1180219978921877 	 0.0
1.1190219978921876 	 0.0
1.1200219978921875 	 0.0
1.1210219978921874 	 0.0
1.1220219978921873 	 0.0
1.1230219978921872 	 0.0
1.124021997892187 	 0.0
1.125021997892187 	 0.0
1.1260219978921868 	 0.0
1.1270219978921867 	 0.0
1.1280219978921866 	 0.0
1.1290219978921865 	 0.0
1.1300219978921864 	 0.0
1.1310219978921863 	 0.0
1.1320219978921862 	 0.0
1.133021997892186 	 0.0
1.134021997892186 	 0.0
1.1350219978921858 	 0.0
1.1360219978921857 	 0.0
1.1370219978921856 	 0.0
1.1380219978921855 	 0.0
1.1390219978921854 	 0.0
1.1400219978921853 	 0.0
1.1410219978921852 	 0.0
1.142021997892185 	 0.0
1.143021997892185 	 0.0
1.1440219978921848 	 0.0
1.1450219978921847 	 0.0
1.1460219978921846 	 0.0
1.1470219978921845 	 0.0
1.1480219978921844 	 0.0
1.1490219978921843 	 0.0
1.1500219978921842 	 0.0
1.151021997892184 	 0.0
1.152021997892184 	 0.0
1.1530219978921838 	 0.0
1.1540219978921837 	 0.0
1.1550219978921836 	 0.0
1.1560219978921835 	 0.0
1.1570219978921834 	 0.0
1.1580219978921833 	 0.0
1.1590219978921832 	 0.0
1.160021997892183 	 0.0
1.161021997892183 	 0.0
1.1620219978921829 	 0.0
1.1630219978921827 	 0.0
1.1640219978921826 	 0.0
1.1650219978921825 	 0.0
1.1660219978921824 	 0.0
1.1670219978921823 	 0.0
1.1680219978921822 	 0.0
1.169021997892182 	 0.0
1.170021997892182 	 0.0
1.1710219978921819 	 0.0
1.1720219978921818 	 0.0
1.1730219978921816 	 0.0
1.1740219978921815 	 0.0
1.1750219978921814 	 0.0
1.1760219978921813 	 0.0
1.1770219978921812 	 0.0
1.178021997892181 	 0.0
1.179021997892181 	 0.0
1.1800219978921809 	 0.0
1.1810219978921808 	 0.0
1.1820219978921807 	 0.0
1.1830219978921805 	 0.0
1.1840219978921804 	 0.0
1.1850219978921803 	 0.0
1.1860219978921802 	 0.0
1.18702199789218 	 0.0
1.18802199789218 	 0.0
1.1890219978921799 	 0.0
1.1900219978921798 	 0.0
1.1910219978921797 	 0.0
1.1920219978921796 	 0.0
1.1930219978921794 	 0.0
1.1940219978921793 	 0.0
1.1950219978921792 	 0.0
1.1960219978921791 	 0.0
1.197021997892179 	 0.0
1.198021997892179 	 0.0
1.1990219978921788 	 0.0
1.2000219978921787 	 0.0
1.2010219978921786 	 0.0
1.2020219978921785 	 0.0
1.2030219978921783 	 0.0
1.2040219978921782 	 0.0
1.2050219978921781 	 0.0
1.206021997892178 	 0.0
1.207021997892178 	 0.0
1.2080219978921778 	 0.0
1.2090219978921777 	 0.0
1.2100219978921776 	 0.0
1.2110219978921775 	 0.0
1.2120219978921773 	 0.0
1.2130219978921772 	 0.0
1.2140219978921771 	 0.0
1.215021997892177 	 0.0
1.216021997892177 	 0.0
1.2170219978921768 	 0.0
1.2180219978921767 	 0.0
1.2190219978921766 	 0.0
1.2200219978921765 	 0.0
1.2210219978921764 	 0.0
1.2220219978921762 	 0.0
1.2230219978921761 	 0.0
1.224021997892176 	 0.0
1.225021997892176 	 0.0
1.2260219978921758 	 0.0
1.2270219978921757 	 0.0
1.2280219978921756 	 0.0
1.2290219978921755 	 0.0
1.2300219978921754 	 0.0
1.2310219978921753 	 0.0
1.2320219978921751 	 0.0
1.233021997892175 	 0.0
1.234021997892175 	 0.0
1.2350219978921748 	 0.0
1.2360219978921747 	 0.0
1.2370219978921746 	 0.0
1.2380219978921745 	 0.0
1.2390219978921744 	 0.0
1.2400219978921743 	 0.0
1.2410219978921742 	 0.0
1.242021997892174 	 0.0
1.243021997892174 	 0.0
1.2440219978921738 	 0.0
1.2450219978921737 	 0.0
1.2460219978921736 	 0.0
1.2470219978921735 	 0.0
1.2480219978921734 	 0.0
1.2490219978921733 	 0.0
1.2500219978921732 	 0.0
1.251021997892173 	 0.0
1.252021997892173 	 0.0
1.2530219978921728 	 0.0
1.2540219978921727 	 0.0
1.2550219978921726 	 0.0
1.2560219978921725 	 0.0
1.2570219978921724 	 0.0
1.2580219978921723 	 0.0
1.2590219978921722 	 0.0
1.260021997892172 	 0.0
1.261021997892172 	 0.0
1.2620219978921718 	 0.0
1.2630219978921717 	 0.0
1.2640219978921716 	 0.0
1.2650219978921715 	 0.0
1.2660219978921714 	 0.0
1.2670219978921713 	 0.0
1.2680219978921712 	 0.0
1.269021997892171 	 0.0
1.270021997892171 	 0.0
1.2710219978921709 	 0.0
1.2720219978921707 	 0.0
1.2730219978921706 	 0.0
1.2740219978921705 	 0.0
1.2750219978921704 	 0.0
1.2760219978921703 	 0.0
1.2770219978921702 	 0.0
1.27802199789217 	 0.0
1.27902199789217 	 0.0
1.2800219978921699 	 0.0
1.2810219978921698 	 0.0
1.2820219978921696 	 0.0
1.2830219978921695 	 0.0
1.2840219978921694 	 0.0
1.2850219978921693 	 0.0
1.2860219978921692 	 0.0
1.287021997892169 	 0.0
1.288021997892169 	 0.0
1.2890219978921689 	 0.0
1.2900219978921688 	 0.005472313995994096
1.2910219978921686 	 0.03845160059034216
1.2920219978921685 	 0.10158386880396905
1.2930219978921684 	 0.19522008424400064
1.2940219978921683 	 0.31974815484993885
1.2950219978921682 	 0.47552400630757713
1.296021997892168 	 0.6629328185752464
1.297021997892168 	 0.8823644757185417
1.2980219978921679 	 1.1342018797279072
1.2990219978921678 	 1.4243831295368523
1.3000219978921677 	 1.799998113777772
1.3010219978921675 	 2.272662198842077
1.3020219978921674 	 2.843572522266998
1.3030219978921673 	 3.513926805585239
1.3040219978921672 	 4.284949713680116
1.305021997892167 	 5.157895336421241
1.306021997892167 	 6.133994186630578
1.3070219978921669 	 7.214548230247237
1.3080219978921668 	 8.400836333815732
1.3090219978921667 	 9.694161384894915
1.3100219978921666 	 11.095865043291012
1.3110219978921664 	 12.607287629464249
1.3120219978921663 	 14.229794636485117
1.3130219978921662 	 15.964770683043035
1.3140219978921661 	 17.81362732448472
1.315021997892166 	 19.77777319825668
1.316021997892166 	 21.85865981443231
1.3170219978921658 	 24.057751418212728
1.3180219978921657 	 26.376540589231162
1.3190219978921656 	 28.816532825132633
1.3200219978921655 	 31.379233353690687
1.3210219978921653 	 34.06620638991793
1.3220219978921652 	 36.87903077625141
1.3230219978921651 	 39.81928482863094
1.324021997892165 	 42.888608155880796
1.325021997892165 	 46.08861723946767
1.3260219978921648 	 49.420975374578994
1.3270219978921647 	 52.8873856123649
1.3280219978921646 	 56.489558928253025
1.3290219978921645 	 60.22920838739862
1.3300219978921644 	 64.10811924062753
1.3310219978921642 	 68.12807821266891
1.3320219978921641 	 72.29087430868661
1.333021997892164 	 76.59837104074342
1.334021997892164 	 81.05243457207943
1.3350219978921638 	 85.65494200595373
1.3360219978921637 	 90.40781454111305
1.3370219978921636 	 95.31303421572403
1.3380219978921635 	 100.37252941911167
1.3390219978921634 	 105.58833225424063
1.3400219978921633 	 110.96250364305676
1.3410219978921631 	 116.49706083370694
1.342021997892163 	 122.1941509279149
1.343021997892163 	 128.05585168951657
1.3440219978921628 	 134.08435690623003
1.3450219978921627 	 140.2818579304523
1.3460219978921626 	 146.65056293356793
1.3470219978921625 	 153.19274612689537
1.3480219978921624 	 159.91068207908427
1.3490219978921623 	 166.8067134077799
1.3500219978921622 	 173.88318334834725
1.351021997892162 	 181.14250515782825
1.352021997892162 	 188.58709308343387
1.3530219978921618 	 196.21941568448307
1.3540219978921617 	 204.04201360277654
1.3550219978921616 	 212.0573775685701
1.3560219978921615 	 220.26814249876944
1.3570219978921614 	 228.67687608246354
1.3580219978921613 	 237.2862926176229
1.3590219978921612 	 246.09903941076607
1.360021997892161 	 255.11791274682182
1.361021997892161 	 264.34564229668683
1.3620219978921608 	 273.7851090364831
1.3630219978921607 	 283.4391278405234
1.3640219978921606 	 293.3106671818745
1.3650219978921605 	 303.40263007324023
1.3660219978921604 	 313.71807539526804
1.3670219978921603 	 324.2599973338993
1.3680219978921602 	 335.03154819636035
1.36902199789216 	 346.03581648060134
1.37002199789216 	 357.2760510514712
1.3710219978921598 	 368.7554474625933
1.3720219978921597 	 380.4773258928936
1.3730219978921596 	 392.4450113300775
1.3740219978921595 	 404.66191755062385
1.3750219978921594 	 417.1314740362184
1.3760219978921593 	 429.85720113014287
1.3770219978921592 	 442.84265577770054
1.378021997892159 	 456.0914103707221
1.379021997892159 	 469.60719187277425
1.3800219978921588 	 483.39367687571513
1.3810219978921587 	 497.4546787162082
1.3820219978921586 	 511.7940211312375
1.3830219978921585 	 526.4156274610101
1.3840219978921584 	 541.3234431186692
1.3850219978921583 	 556.5215153975441
1.3860219978921582 	 572.0139155849906
1.387021997892158 	 587.8048293401444
1.388021997892158 	 603.898447973932
1.3890219978921579 	 620.2990594345049
1.3900219978921577 	 637.011040430857
1.3910219978921576 	 654.038795730549
1.3920219978921575 	 671.386841574344
1.3930219978921574 	 689.0597245170653
1.3940219978921573 	 707.0621155810005
1.3950219978921572 	 725.3986976696854
1.396021997892157 	 744.0742596271152
1.397021997892157 	 763.0936885562991
1.3980219978921569 	 782.4619068028821
1.3990219978921568 	 802.1839693240365
1.4000219978921566 	 822.2649261709284
1.4010219978921565 	 842.7100269851318
1.4020219978921564 	 863.5244980196867
1.4030219978921563 	 884.7136925067928
1.4040219978921562 	 906.2830834129986
1.405021997892156 	 928.2381436479695
1.406021997892156 	 950.5845561080299
1.4070219978921559 	 973.3279850019454
1.4080219978921558 	 996.4742301052656
1.4090219978921557 	 1020.0292195934064
1.4100219978921555 	 1043.9988871646158
1.4110219978921554 	 1068.3893874766013
1.4120219978921553 	 1093.2068619509687
1.4130219978921552 	 1118.4575968289255
1.414021997892155 	 1144.1480160838234
1.415021997892155 	 1170.2845555588121
1.4160219978921549 	 1196.873883684144
1.4170219978921548 	 1223.9226618914538
1.4180219978921547 	 1251.4377064133328
1.4190219978921546 	 1279.425981277555
1.4200219978921544 	 1307.8944695365947
1.4210219978921543 	 1336.850399191332
1.4220219978921542 	 1366.3010102270096
1.4230219978921541 	 1396.2536605236141
1.424021997892154 	 1426.7159381371614
1.425021997892154 	 1457.6954104738127
1.4260219978921538 	 1489.1999149821384
1.4270219978921537 	 1521.2373092658454
1.4280219978921536 	 1553.8155794952443
1.4290219978921535 	 1586.9429551815122
1.4300219978921533 	 1620.6276903653577
1.4310219978921532 	 1654.8781744834096
1.4320219978921531 	 1689.703049638514
1.433021997892153 	 1725.1109491379375
1.434021997892153 	 1761.1108009711822
1.4350219978921528 	 1797.7115673114902
1.4360219978921527 	 1834.9223578963215
1.4370219978921526 	 1872.752549829442
1.4380219978921525 	 1911.2115337882722
1.4390219978921523 	 1950.3089593852928
1.4400219978921522 	 1990.0545985106617
1.4410219978921521 	 2030.4583321594937
1.442021997892152 	 2071.530337353533
1.443021997892152 	 2113.280841837114
1.4440219978921518 	 2155.720242499632
1.4450219978921517 	 2198.8592303177657
1.4460219978921516 	 2242.708553258065
1.4470219978921515 	 2287.2791372272427
1.4480219978921514 	 2332.5822136116267
1.4490219978921512 	 2378.62904988165
1.4500219978921511 	 2425.4312108281233
1.451021997892151 	 2473.0004132697254
1.452021997892151 	 2521.348526749326
1.4530219978921508 	 2570.4877024370776
1.4540219978921507 	 2620.4302524220334
1.4550219978921506 	 2671.1886363740637
1.4560219978921505 	 2722.77566420982
1.4570219978921504 	 2775.2042307270062
1.4580219978921503 	 2828.487444397324
1.4590219978921501 	 2882.638762986988
1.46002199789215 	 2937.671707928775
1.46102199789215 	 2993.6001568515144
1.4620219978921498 	 3050.4381305150496
1.4630219978921497 	 3108.199881988757
1.4640219978921496 	 3166.899990526729
1.4650219978921495 	 3226.5531880305257
1.4660219978921494 	 3287.1744500958434
1.4670219978921493 	 3348.779091823255
1.4680219978921492 	 3411.3825908447957
1.469021997892149 	 3475.0007113171737
1.470021997892149 	 3539.6494780755693
1.4710219978921488 	 3605.345180689011
1.4720219978921487 	 3672.1043775552002
1.4730219978921486 	 3739.9439000341586
1.4740219978921485 	 3808.880856619193
1.4750219978921484 	 3878.932637144037
1.4760219978921483 	 3950.1169170248045
1.4770219978921482 	 4022.4516615352445
1.478021997892148 	 4095.9551301136867
1.479021997892148 	 4170.6458806997325
1.4800219978921478 	 4246.542774099143
1.4810219978921477 	 4323.664978374429
1.4820219978921476 	 4402.031973259258
1.4830219978921475 	 4481.663554594143
1.4840219978921474 	 4562.579838780839
1.4850219978921473 	 4644.801267252735
1.4860219978921472 	 4728.34861095844
1.487021997892147 	 4813.242974855107
1.488021997892147 	 4899.5058024083855
1.4890219978921468 	 4987.158880095594
1.4900219978921467 	 5076.22434190769
1.4910219978921466 	 5166.72467384679
1.4920219978921465 	 5258.682718414299
1.4930219978921464 	 5352.121679085443
1.4940219978921463 	 5447.065124765183
1.4950219978921462 	 5543.5369942204825
1.496021997892146 	 5641.561600483409
1.497021997892146 	 5741.163635219311
1.4980219978921459 	 5842.368173054093
1.4990219978921457 	 5945.200675853925
1.5000219978921456 	 6049.686996950812
1.5010219978921455 	 6155.853385306736
1.5020219978921454 	 6263.726489608694
1.5030219978921453 	 6373.333362286935
1.5040219978921452 	 6484.701463447604
1.505021997892145 	 6597.858664711256
1.506021997892145 	 6712.833252947679
1.5070219978921449 	 6829.653933897398
1.5080219978921447 	 6948.349800787888
1.5090219978921446 	 7068.950476601157
1.5100219978921445 	 7191.485909856417
1.5110219978921444 	 7315.986515351365
1.5120219978921443 	 7442.483142780745
1.5130219978921442 	 7571.007079442105
1.514021997892144 	 7701.590052743623
1.515021997892144 	 7834.264232500581
1.5160219978921439 	 7969.062233004909
1.5170219978921438 	 8106.0171148520485
1.5180219978921436 	 8245.162386508668
1.5190219978921435 	 8386.532005604073
1.5200219978921434 	 8530.16037992709
1.5210219978921433 	 8676.082368109488
1.5220219978921432 	 8824.333279976785
1.523021997892143 	 8974.94887654526
1.524021997892143 	 9127.965284337302
1.5250219978921429 	 9283.419334311566
1.5260219978921428 	 9441.348053368576
1.5270219978921427 	 9601.788999421242
1.5280219978921425 	 9764.780175476186
1.5290219978921424 	 9930.360027028286
1.5300219978921423 	 10098.567438932332
1.5310219978921422 	 10269.441731723615
1.532021997892142 	 10443.022657357986
1.533021997892142 	 10619.350394340812
1.5340219978921419 	 10798.46554221374
1.5350219978921418 	 10980.409115366574
1.5360219978921417 	 11165.22253613981
1.5370219978921416 	 11352.947627184087
1.5380219978921414 	 11543.626603039052
1.5390219978921413 	 11737.302060895414
1.5400219978921412 	 11934.016970500676
1.5410219978921411 	 12133.814663169616
1.542021997892141 	 12336.738819857892
1.543021997892141 	 12542.833458256571
1.5440219978921408 	 12752.142918864503
1.5450219978921407 	 12964.711849993346
1.5460219978921406 	 13180.585191659638
1.5470219978921405 	 13399.808158316595
1.5480219978921403 	 13622.426220377332
1.5490219978921402 	 13848.485084480233
1.5500219978921401 	 14078.030672445457
1.55102199789214 	 14311.109098871117
1.55202199789214 	 14547.766647316312
1.5530219978921398 	 14788.049745017084
1.5540219978921397 	 15032.004936080515
1.5550219978921396 	 15279.678853101539
1.5560219978921395 	 15531.11818714575
1.5570219978921394 	 15786.369656040944
1.5580219978921392 	 16045.47997091956
1.5590219978921391 	 16308.495800954148
1.560021997892139 	 16575.463653888106
1.561021997892139 	 16846.430164935085
1.5620219978921388 	 17121.44156587447
1.5630219978921387 	 17400.54396717525
1.5640219978921386 	 17683.78323184297
1.5650219978921385 	 17971.204928069204
1.5660219978921384 	 18262.854279660645
1.5670219978921383 	 18558.776114190146
1.5680219978921381 	 18859.01480881388
1.569021997892138 	 19163.614233698157
1.570021997892138 	 19472.617693003693
1.5710219978921378 	 19786.067863373595
1.5720219978921377 	 20104.006729876073
1.5730219978921376 	 20426.475519354717
1.5740219978921375 	 20753.514631140428
1.5750219978921374 	 21085.16356508457
1.5760219978921373 	 21421.460846874106
1.5770219978921372 	 21762.443950595592
1.578021997892137 	 22108.149010792968
1.579021997892137 	 22458.611566880532
1.5800219978921368 	 22813.86524127904
1.5810219978921367 	 23173.94247133981
1.5820219978921366 	 23538.87421349358
1.5830219978921365 	 23908.689848863905
1.5840219978921364 	 24283.4170860392
1.5850219978921363 	 24663.081861017068
1.5860219978921362 	 25047.708234345107
1.587021997892136 	 25437.31828549014
1.588021997892136 	 25831.9320044783
1.5890219978921358 	 26231.56718085895
1.5900219978921357 	 26636.23929005597
1.5910219978921356 	 27045.96137718294
1.5920219978921355 	 27460.7439384093
1.5930219978921354 	 27880.59479998072
1.5940219978921353 	 28305.518995006703
1.5950219978921352 	 28735.518638147554
1.596021997892135 	 29170.592798344296
1.597021997892135 	 29610.737369752514
1.5980219978921348 	 30055.94494105835
1.5990219978921347 	 30506.20466336965
1.6000219978921346 	 30961.502116896383
1.6010219978921345 	 31421.81917664865
1.6020219978921344 	 31887.13387740272
1.6030219978921343 	 32357.420278202593
1.6040219978921342 	 32832.648326685514
1.605021997892134 	 33312.78372353904
1.606021997892134 	 33797.78778741715
1.6070219978921338 	 34287.61732066494
1.6080219978921337 	 34782.224476218675
1.6090219978921336 	 35281.55662607338
1.6100219978921335 	 35785.556055105226
1.6110219978921334 	 36294.160537768104
1.6120219978921333 	 36807.302161937645
1.6130219978921332 	 37324.90790658334
1.614021997892133 	 37846.89935058704
1.615021997892133 	 38373.19255989599
1.6160219978921329 	 38903.69797951381
1.6170219978921327 	 39438.32033086894
1.6180219978921326 	 39976.9585151108
1.6190219978921325 	 40519.50552290207
1.6200219978921324 	 41065.84835128092
1.6210219978921323 	 41615.86792818331
1.6220219978921322 	 42169.43904521641
1.623021997892132 	 42726.4302992845
1.624021997892132 	 43286.70404366872
1.6250219978921319 	 43850.116349163676
1.6260219978921318 	 44416.51697587156
1.6270219978921316 	 44985.74935624609
1.6280219978921315 	 45557.65058997524
1.6290219978921314 	 46132.05101643143
1.6300219978921313 	 46708.77596851611
1.6310219978921312 	 47287.64321470929
1.632021997892131 	 47868.46472893176
1.633021997892131 	 48451.04632376721
1.6340219978921309 	 49035.18772774366
1.6350219978921308 	 49620.68267801109
1.6360219978921307 	 50207.31902879868
1.6370219978921305 	 50794.87887599626
1.6380219978921304 	 51383.13869815402
1.6390219978921303 	 51971.86951414372
1.6400219978921302 	 52560.83705767278
1.64102199789213 	 53149.801968779626
1.64202199789213 	 53738.52000238164
1.6430219978921299 	 54326.74225387585
1.6440219978921298 	 54914.21540173009
1.6450219978921297 	 55500.68196692339
1.6460219978921296 	 56085.88058902851
1.6470219978921294 	 56669.546318645494
1.6480219978921293 	 57251.41092582177
1.6490219978921292 	 57831.203224014294
1.650021997892129 	 58408.64940906663
1.651021997892129 	 58983.47341259508
1.652021997892129 	 59555.39726909777
1.6530219978921288 	 60124.14149601775
1.6540219978921287 	 60689.42548591534
1.6550219978921286 	 61250.967909828294
1.6560219978921285 	 61808.48713081991
1.6570219978921283 	 62361.70162664841
1.6580219978921282 	 62910.33042042133
1.6590219978921281 	 63454.09320614196
1.660021997892128 	 63992.712036370285
1.661021997892128 	 64525.90990667368
1.6620219978921278 	 65053.41244457683
1.6630219978921277 	 65574.94805203623
1.6640219978921276 	 66090.24835693375
1.6650219978921275 	 66599.04866311999
1.6660219978921273 	 67101.0883975272
1.6670219978921272 	 67596.11155285292
1.6680219978921271 	 68083.86712431972
1.669021997892127 	 68564.10953901357
1.670021997892127 	 69036.59907632113
1.6710219978921268 	 69501.10227800699
1.6720219978921267 	 69957.3923464997
1.6730219978921266 	 70405.2495299972
1.6740219978921265 	 70844.46149304468
1.6750219978921264 	 71274.8236712969
1.6760219978921262 	 71696.1396092342
1.6770219978921261 	 72108.22127967564
1.678021997892126 	 72510.88938400414
1.679021997892126 	 72903.97294308223
1.6800219978921258 	 73287.31230790439
1.6810219978921257 	 73660.75527479145
1.6820219978921256 	 74024.16004275964
1.6830219978921255 	 74377.3947193729
1.6840219978921254 	 74720.337487478
1.6850219978921253 	 75052.87674765367
1.6860219978921251 	 75374.91123606861
1.687021997892125 	 75686.3501175598
1.688021997892125 	 75987.113053844
1.6890219978921248 	 76277.13024688985
1.6900219978921247 	 76556.34245758035
1.6910219978921246 	 76824.70099990103
1.6920219978921245 	 77082.16771099262
1.6930219978921244 	 77328.71489750124
1.6940219978921243 	 77564.32525875686
1.6950219978921242 	 77788.99178739752
1.696021997892124 	 78002.71764813943
1.697021997892124 	 78205.51603547717
1.6980219978921238 	 78397.41001116288
1.6990219978921237 	 78578.43232238333
1.7000219978921236 	 78748.62520161494
1.7010219978921235 	 78908.04014918284
1.7020219978921234 	 79056.73769960209
1.7030219978921233 	 79194.7871728137
1.7040219978921232 	 79322.26641145976
1.705021997892123 	 79439.26150536849
1.706021997892123 	 79545.86650443316
1.7070219978921228 	 79642.1827307851
1.7080219978921227 	 79728.32003255087
1.7090219978921226 	 79804.3941294712
1.7100219978921225 	 79870.52785032708
1.7110219978921224 	 79926.85041618577
1.7120219978921223 	 79973.49710870467
1.7130219978921222 	 80010.60893507798
1.714021997892122 	 80038.33229072766
1.715021997892122 	 80056.81862080476
1.7160219978921218 	 80066.22408153194
1.7170219978921217 	 80066.70920237563
1.7180219978921216 	 80058.438549992
1.7190219978921215 	 80041.58039484569
1.7200219978921214 	 80016.30638134955
1.7210219978921213 	 79982.79120232289
1.7220219978921212 	 79941.21227851893
1.723021997892121 	 79891.74944390997
1.724021997892121 	 79834.58463737459
1.7250219978921209 	 79769.90160137136
1.7260219978921207 	 79697.88558813329
1.7270219978921206 	 79618.72307386243
1.7280219978921205 	 79532.60072816824
1.7290219978921204 	 79439.70815850937
1.7300219978921203 	 79340.23313085867
1.7310219978921202 	 79234.364333119
1.73202199789212 	 79122.29038131174
1.73302199789212 	 79004.19958898665
1.7340219978921199 	 78880.27974658647
1.7350219978921197 	 78750.71791086649
1.7360219978921196 	 78615.70020442657
1.7370219978921195 	 78475.41162537446
1.7380219978921194 	 78330.03586710895
1.7390219978921193 	 78179.75514817174
1.7400219978921192 	 78024.75005209119
1.741021997892119 	 77865.19937711186
1.742021997892119 	 77701.27999567507
1.7430219978921189 	 77533.16672349448
1.7440219978921188 	 77361.03219804807
1.7450219978921186 	 77185.04676628823
1.7460219978921185 	 77005.37838135475
1.7470219978921184 	 76822.19250805868
1.7480219978921183 	 76635.65203689362
1.7490219978921182 	 76445.91720631953
1.750021997892118 	 76253.14553304958
1.751021997892118 	 76057.49175007171
1.7520219978921179 	 75859.1077521194
1.7530219978921178 	 75658.1425483112
1.7540219978921177 	 75454.74185281972
1.7550219978921175 	 75249.04952710166
1.7560219978921174 	 75041.20533701591
1.7570219978921173 	 74831.34640880393
1.7580219978921172 	 74619.60684363806
1.759021997892117 	 74406.11770716804
1.760021997892117 	 74191.00702421069
1.7610219978921169 	 73974.3997783018
1.7620219978921168 	 73756.41791583372
1.7630219978921167 	 73537.18035450895
1.7640219978921166 	 73316.80299584534
1.7650219978921164 	 73095.39874147299
1.7660219978921163 	 72873.07751297369
1.7670219978921162 	 72649.94627501645
1.7680219978921161 	 72426.1090615533
1.769021997892116 	 72201.66700484627
1.770021997892116 	 71976.71836710378
1.7710219978921158 	 71751.35857451349
1.7720219978921157 	 71525.68025346591
1.7730219978921156 	 71299.77326877345
1.7740219978921155 	 71073.72476369332
1.7750219978921153 	 70847.61920157702
1.7760219978921152 	 70621.53840897187
1.7770219978921151 	 70395.56095197589
1.778021997892115 	 70169.76485551927
1.779021997892115 	 69944.223636801
1.7800219978921148 	 69719.00902963529
1.7810219978921147 	 69494.19036285597
1.7820219978921146 	 69269.83460895816
1.7830219978921145 	 69046.00643320584
1.7840219978921144 	 68822.76824309211
1.7850219978921142 	 68600.18023804919
1.7860219978921141 	 68378.30045930855
1.787021997892114 	 68157.18483982007
1.788021997892114 	 67936.88725414361
1.7890219978921138 	 67717.4595682345
1.7900219978921137 	 67498.951689048
1.7910219978921136 	 67281.41161389319
1.7920219978921135 	 67064.88547947511
1.7930219978921134 	 66849.41761056444
1.7940219978921133 	 66635.05056824228
1.7950219978921131 	 66421.82519767057
1.796021997892113 	 66209.78067534373
1.797021997892113 	 65998.9545557795
1.7980219978921128 	 65789.38281761468
1.7990219978921127 	 65581.0999090705
1.8000219978921126 	 65374.13879275901
1.8010219978921125 	 65168.530671804525
1.8020219978921124 	 64964.306306019476
1.8030219978921123 	 64761.49414429405
1.8040219978921122 	 64560.121640836296
1.805021997892112 	 64360.2149775813
1.806021997892112 	 64161.799104597514
1.8070219978921118 	 63964.897779709936
1.8080219978921117 	 63769.53360733277
1.8090219978921116 	 63575.72807650592
1.8100219978921115 	 63383.501598131035
1.8110219978921114 	 63192.87354140568
1.8120219978921113 	 63003.86226945295
1.8130219978921112 	 62816.48517415032
1.814021997892111 	 62630.75871015737
1.815021997892111 	 62446.69842814681
1.8160219978921108 	 62264.31900724442
1.8170219978921107 	 62083.63428668142
1.8180219978921106 	 61904.657296668214
1.8190219978921105 	 61727.40028849525
1.8200219978921104 	 61551.87476387059
1.8210219978921103 	 61378.0915035026
1.8220219978921102 	 61206.06059493754
1.82302199789211 	 61035.79145966265
1.82402199789211 	 60867.29287948526
1.8250219978921098 	 60700.572445443446
1.8260219978921097 	 60535.63889091573
1.8270219978921096 	 60372.498651986185
1.8280219978921095 	 60211.15820145902
1.8290219978921094 	 60051.623493903884
1.8300219978921093 	 59893.89998794041
1.8310219978921092 	 59737.99266788483
1.832021997892109 	 59583.90606477155
1.833021997892109 	 59431.6442767622
1.8340219978921088 	 59281.21098895599
1.8350219978921087 	 59132.60949261476
1.8360219978921086 	 58985.84270381519
1.8370219978921085 	 58840.913181542615
1.8380219978921084 	 58697.82314523827
1.8390219978921083 	 58556.57449181423
1.8400219978921082 	 58417.16881214867
1.841021997892108 	 58279.60740707435
1.842021997892108 	 58143.891302872995
1.8430219978921079 	 58010.02126628898
1.8440219978921077 	 57877.997819073986
1.8450219978921076 	 57747.82125207598
1.8460219978921075 	 57619.49163888349
1.8470219978921074 	 57493.00856906118
1.8480219978921073 	 57368.37228125458
1.8490219978921072 	 57245.581994496526
1.850021997892107 	 57124.637041326176
1.851021997892107 	 57005.536599003906
1.8520219978921069 	 56888.27970073951
1.8530219978921068 	 56772.86524655645
1.8540219978921066 	 56659.29201380353
1.8550219978921065 	 56547.55866732396
1.8560219978921064 	 56437.66376929265
1.8570219978921063 	 56329.60578873075
1.8580219978921062 	 56223.38311070837
1.859021997892106 	 56118.994045244275
1.860021997892106 	 56016.436835912216
1.8610219978921059 	 55915.70966816281
1.8620219978921058 	 55816.810677370355
1.8630219978921057 	 55719.7379566128
1.8640219978921055 	 55624.489564193296
1.8650219978921054 	 55531.063530912266
1.8660219978921053 	 55439.45786709743
1.8670219978921052 	 55349.670569399656
1.868021997892105 	 55261.69962736251
1.869021997892105 	 55175.54302977323
1.8700219978921049 	 55091.19877080133
1.8710219978921048 	 55008.66485593304
1.8720219978921047 	 54927.939307707835
1.8730219978921046 	 54849.019649493595
1.8740219978921044 	 54771.904998260754
1.8750219978921043 	 54696.592938127316
1.8760219978921042 	 54623.081613481874
1.877021997892104 	 54551.36921170674
1.878021997892104 	 54481.45396786054
1.879021997892104 	 54413.334169205344
1.8800219978921038 	 54347.00815958391
1.8810219978921037 	 54282.47434365244
1.8820219978921036 	 54219.731190973725
1.8830219978921034 	 54158.77723997549
1.8840219978921033 	 54099.61110177876
1.8850219978921032 	 54042.2314639008
1.8860219978921031 	 53986.63709383713
1.887021997892103 	 53932.826842526825
1.888021997892103 	 53880.799647704865
1.8890219978921028 	 53830.55453714632
1.8900219978921027 	 53782.09063180528
1.8910219978921026 	 53735.407148852864
1.8920219978921025 	 53690.50340461789
1.8930219978921023 	 53647.37881743274
1.8940219978921022 	 53606.03264960061
1.8950219978921021 	 53566.46505321868
1.896021997892102 	 53528.6755080178
1.897021997892102 	 53492.66386703868
1.8980219978921018 	 53458.43009825637
1.8990219978921017 	 53425.97428692653
1.9000219978921016 	 53395.296637858126
1.9010219978921015 	 53366.397477614984
1.9020219978921014 	 53339.27725664833
1.9030219978921012 	 53313.93655136288
1.9040219978921011 	 53290.37606611838
1.905021997892101 	 53268.596635168346
1.906021997892101 	 53248.59922453862
1.9070219978921008 	 53230.38493384684
1.9080219978921007 	 53213.954998064866
1.9090219978921006 	 53199.31078922563
1.9100219978921005 	 53186.453818076145
1.9110219978921004 	 53175.38573567747
1.9120219978921003 	 53166.10833495372
1.9130219978921001 	 53158.6235521907
1.9140219978921 	 53152.93346848534
1.9150219978921 	 53149.04031114737
1.9160219978920998 	 53146.94645505347
1.9170219978920997 	 53146.65442395501
1.9180219978920996 	 53148.166891740526
1.9190219978920995 	 53151.486683652314
1.9200219978920994 	 53156.616777459225
1.9210219978920993 	 53163.55979832013
1.9220219978920992 	 53172.320044459564
1.923021997892099 	 53182.90045200452
1.924021997892099 	 53195.30461967366
1.9250219978920988 	 53209.53630391582
1.9260219978920987 	 53225.599419819875
1.9270219978920986 	 53243.49804198066
1.9280219978920985 	 53263.23640532088
1.9290219978920984 	 53284.81890586832
1.9300219978920983 	 53308.250101488215
1.9310219978920982 	 53333.53471256959
1.932021997892098 	 53360.677622665804
1.933021997892098 	 53389.68387908716
1.9340219978920978 	 53420.55869344602
1.9350219978920977 	 53453.307442152276
1.9360219978920976 	 53487.935666858655
1.9370219978920975 	 53524.449074854245
1.9380219978920974 	 53562.853539405034
1.9390219978920973 	 53603.15510003974
1.9400219978920972 	 53645.359962779236
1.941021997892097 	 53689.47423933189
1.942021997892097 	 53735.50499069649
1.9430219978920968 	 53783.45866258591
1.9440219978920967 	 53833.34212809494
1.9450219978920966 	 53885.16242704672
1.9460219978920965 	 53938.92676584244
1.9470219978920964 	 53994.64251723884
1.9480219978920963 	 54052.31722005143
1.9490219978920962 	 54111.95857878035
1.950021997892096 	 54173.574463155135
1.951021997892096 	 54237.17290759589
1.9520219978920959 	 54302.762110587035
1.9530219978920957 	 54370.35043396006
1.9540219978920956 	 54439.94640208111
1.9550219978920955 	 54511.558700940055
1.9560219978920954 	 54585.19617713616
1.9570219978920953 	 54660.86783675633
1.9580219978920952 	 54738.582844141136
1.959021997892095 	 54818.35052053397
1.960021997892095 	 54900.18034260761
1.9610219978920949 	 54984.08194086408
1.9620219978920947 	 55070.06509790088
1.9630219978920946 	 55158.139746539295
1.9640219978920945 	 55248.31596780667
1.9650219978920944 	 55340.60398876932
1.9660219978920943 	 55435.014180206155
1.9670219978920942 	 55531.557054118995
1.968021997892094 	 55630.243261070886
1.969021997892094 	 55731.083056164265
1.9700219978920939 	 55834.08841935806
1.9710219978920938 	 55939.26986927603
1.9720219978920936 	 56046.638580411185
1.9730219978920935 	 56156.205849665086
1.9740219978920934 	 56267.98309249016
1.9750219978920933 	 56381.98183880119
1.9760219978920932 	 56498.21372864755
1.977021997892093 	 56616.69050763489
1.978021997892093 	 56737.424022086765
1.9790219978920929 	 56860.42621393388
1.9800219978920928 	 56985.70911532153
1.9810219978920927 	 57113.28484292207
1.9820219978920925 	 57243.16559194083
1.9830219978920924 	 57375.36362980293
1.9840219978920923 	 57509.89128950749
1.9850219978920922 	 57646.76096263669
1.986021997892092 	 57785.98509200439
1.987021997892092 	 57927.576163931255
1.9880219978920919 	 58071.54641807063
1.9890219978920918 	 58217.908966211784
1.9900219978920917 	 58366.67609371801
1.9910219978920916 	 58517.860375666
1.9920219978920914 	 58671.47438585866
1.9930219978920913 	 58827.53068652209
1.9940219978920912 	 58986.041817512974
1.9950219978920911 	 59147.0202850172
1.996021997892091 	 59310.47854972005
1.997021997892091 	 59476.4290144286
1.9980219978920908 	 59644.88401112552
1.9990219978920907 	 59815.85578743304
