0.0010219978922 	 0
0.0020219978922 	 0
0.0030219978922 	 0
0.0040219978922 	 0
0.0050219978922 	 0
0.0060219978922 	 0
0.0070219978922 	 0
0.0080219978922 	 0
0.009021997892200002 	 0
0.010021997892200003 	 0
0.011021997892200004 	 0
0.012021997892200004 	 0
0.013021997892200005 	 0
0.014021997892200006 	 0
0.015021997892200007 	 0
0.016021997892200008 	 0
0.01702199789220001 	 0
0.01802199789220001 	 0
0.01902199789220001 	 0
0.02002199789220001 	 0
0.021021997892200012 	 0
0.022021997892200013 	 0
0.023021997892200014 	 0
0.024021997892200015 	 0
0.025021997892200016 	 0
0.026021997892200017 	 0
0.027021997892200018 	 0
0.02802199789220002 	 0
0.02902199789220002 	 0
0.03002199789220002 	 0
0.03102199789220002 	 0
0.03202199789220002 	 0
0.03302199789220002 	 0
0.03402199789220002 	 0
0.03502199789220002 	 0
0.03602199789220002 	 0
0.03702199789220002 	 0
0.038021997892200024 	 0
0.039021997892200025 	 0
0.040021997892200026 	 0
0.04102199789220003 	 0
0.04202199789220003 	 0
0.04302199789220003 	 0
0.04402199789220003 	 0
0.04502199789220003 	 0
0.04602199789220003 	 0
0.04702199789220003 	 0
0.04802199789220003 	 0
0.049021997892200034 	 0
0.050021997892200035 	 0
0.051021997892200036 	 0
0.052021997892200036 	 0
0.05302199789220004 	 0
0.05402199789220004 	 0
0.05502199789220004 	 0
0.05602199789220004 	 0
0.05702199789220004 	 0
0.05802199789220004 	 0
0.05902199789220004 	 0
0.060021997892200044 	 0
0.061021997892200044 	 0
0.062021997892200045 	 0
0.06302199789220005 	 0
0.06402199789220005 	 0
0.06502199789220005 	 0
0.06602199789220005 	 0
0.06702199789220005 	 0
0.06802199789220005 	 0
0.06902199789220005 	 0
0.07002199789220005 	 0
0.07102199789220005 	 0
0.07202199789220005 	 0
0.07302199789220006 	 0
0.07402199789220006 	 0
0.07502199789220006 	 0
0.07602199789220006 	 0
0.07702199789220006 	 0
0.07802199789220006 	 0
0.07902199789220006 	 0
0.08002199789220006 	 0
0.08102199789220006 	 0
0.08202199789220006 	 0
0.08302199789220006 	 0
0.08402199789220006 	 0
0.08502199789220007 	 0
0.08602199789220007 	 0
0.08702199789220007 	 0
0.08802199789220007 	 0
0.08902199789220007 	 0
0.09002199789220007 	 0
0.09102199789220007 	 0
0.09202199789220007 	 0
0.09302199789220007 	 0
0.09402199789220007 	 0
0.09502199789220007 	 0
0.09602199789220008 	 0
0.09702199789220008 	 0
0.09802199789220008 	 0
0.09902199789220008 	 0
0.10002199789220008 	 0
0.10102199789220008 	 0
0.10202199789220008 	 0
0.10302199789220008 	 0
0.10402199789220008 	 0
0.10502199789220008 	 0
0.10602199789220008 	 0
0.10702199789220009 	 0
0.10802199789220009 	 0
0.10902199789220009 	 0
0.11002199789220009 	 0
0.11102199789220009 	 0
0.11202199789220009 	 0
0.11302199789220009 	 0
0.11402199789220009 	 0
0.11502199789220009 	 0
0.1160219978922001 	 0
0.1170219978922001 	 0
0.1180219978922001 	 0
0.1190219978922001 	 0
0.1200219978922001 	 0
0.1210219978922001 	 0
0.1220219978922001 	 0
0.1230219978922001 	 0
0.1240219978922001 	 0
0.1250219978922001 	 0
0.1260219978922001 	 0
0.1270219978922001 	 0
0.1280219978922001 	 0
0.1290219978922001 	 0
0.1300219978922001 	 0
0.1310219978922001 	 0
0.1320219978922001 	 0
0.1330219978922001 	 0
0.1340219978922001 	 0
0.1350219978922001 	 0
0.1360219978922001 	 0
0.1370219978922001 	 0
0.1380219978922001 	 0
0.1390219978922001 	 0
0.1400219978922001 	 0
0.1410219978922001 	 0
0.1420219978922001 	 0
0.1430219978922001 	 0
0.1440219978922001 	 0
0.1450219978922001 	 0
0.1460219978922001 	 0
0.1470219978922001 	 0
0.1480219978922001 	 0
0.1490219978922001 	 0
0.1500219978922001 	 0
0.1510219978922001 	 0
0.1520219978922001 	 0
0.1530219978922001 	 0
0.1540219978922001 	 0
0.15502199789220011 	 0
0.15602199789220011 	 0
0.15702199789220012 	 0
0.15802199789220012 	 0
0.15902199789220012 	 0
0.16002199789220012 	 0
0.16102199789220012 	 0
0.16202199789220012 	 0
0.16302199789220012 	 0
0.16402199789220012 	 0
0.16502199789220012 	 0
0.16602199789220012 	 0
0.16702199789220012 	 0
0.16802199789220013 	 0
0.16902199789220013 	 0
0.17002199789220013 	 0
0.17102199789220013 	 0
0.17202199789220013 	 0
0.17302199789220013 	 0
0.17402199789220013 	 0
0.17502199789220013 	 0
0.17602199789220013 	 0
0.17702199789220013 	 0
0.17802199789220013 	 0
0.17902199789220014 	 0
0.18002199789220014 	 0
0.18102199789220014 	 0
0.18202199789220014 	 0
0.18302199789220014 	 0
0.18402199789220014 	 0
0.18502199789220014 	 0
0.18602199789220014 	 0
0.18702199789220014 	 0
0.18802199789220014 	 0
0.18902199789220014 	 0
0.19002199789220015 	 0
0.19102199789220015 	 0
0.19202199789220015 	 0
0.19302199789220015 	 0
0.19402199789220015 	 0
0.19502199789220015 	 0
0.19602199789220015 	 0
0.19702199789220015 	 0
0.19802199789220015 	 0
0.19902199789220015 	 0
0.20002199789220015 	 0
0.20102199789220015 	 0
0.20202199789220016 	 0
0.20302199789220016 	 0
0.20402199789220016 	 0
0.20502199789220016 	 0
0.20602199789220016 	 0
0.20702199789220016 	 0
0.20802199789220016 	 0
0.20902199789220016 	 0
0.21002199789220016 	 0
0.21102199789220016 	 0
0.21202199789220016 	 183.6266767906544
0.21302199789220017 	 122.79579549208653
0.21402199789220017 	 101.32371936116455
0.21502199789220017 	 89.93252504735531
0.21602199789220017 	 82.856102662245
0.21702199789220017 	 78.08261519945862
0.21802199789220017 	 74.70527784373539
0.21902199789220017 	 72.24856604097626
0.22002199789220017 	 70.43651140093434
0.22102199789220017 	 69.09682549397891
0.22202199789220017 	 68.11583618490141
0.22302199789220017 	 67.4152221108541
0.22402199789220018 	 66.93909961801725
0.22502199789220018 	 66.64643027570493
0.22602199789220018 	 66.50634147088753
0.22702199789220018 	 66.49512698660763
0.22802199789220018 	 66.59425947701108
0.22902199789220018 	 66.78903537403566
0.23002199789220018 	 67.06762783925839
0.23102199789220018 	 67.42041038042956
0.23202199789220018 	 67.83946442900199
0.23302199789220018 	 68.31821467493633
0.23402199789220018 	 68.85115485041896
0.23502199789220019 	 69.43363866544146
0.23602199789220019 	 70.06171841163348
0.2370219978922002 	 70.73201894018133
0.2380219978922002 	 71.4416382318622
0.2390219978922002 	 72.18806819537485
0.2400219978922002 	 72.96913102137015
0.2410219978922002 	 73.78292761954071
0.2420219978922002 	 74.62779552891209
0.2430219978922002 	 75.50227431945783
0.2440219978922002 	 76.40507696549486
0.2450219978922002 	 77.33506601529088
0.2460219978922002 	 78.29123363978599
0.2470219978922002 	 79.27268483933749
0.2480219978922002 	 80.27862323733233
0.2490219978922002 	 81.30833900513153
0.2500219978922002 	 82.36119855265517
0.2510219978922002 	 83.43663568923438
0.2520219978922002 	 84.53414401476292
0.2530219978922002 	 85.65327034512401
0.2540219978922002 	 86.79360901092593
0.2550219978922002 	 87.95479689671545
0.2560219978922002 	 89.1365091105407
0.2570219978922002 	 90.3384551921438
0.2580219978922002 	 91.56037578307793
0.2590219978922002 	 92.80203969432905
0.2600219978922002 	 94.0632413171394
0.2610219978922002 	 95.34379833108025
0.2620219978922002 	 96.64354967035665
0.2630219978922002 	 97.96235371509466
0.2640219978922002 	 99.30008667919388
0.2650219978922002 	 100.65664117037261
0.2660219978922002 	 102.03192490144617
0.2670219978922002 	 103.42585953475849
0.2680219978922002 	 104.83837964412785
0.2690219978922002 	 106.2694317807464
0.2700219978922002 	 107.71897363123728
0.2710219978922002 	 109.18697325759393
0.2720219978922002 	 110.6734084100179
0.2730219978922002 	 112.17826590479046
0.2740219978922002 	 113.70154106027537
0.2750219978922002 	 115.24323718497915
0.2760219978922002 	 116.80336511231783
0.2770219978922002 	 118.38194277736349
0.2780219978922002 	 119.97899483138715
0.2790219978922002 	 121.59455229048919
0.2800219978922002 	 123.22865221502555
0.2810219978922002 	 124.88133741689742
0.2820219978922002 	 126.55265619209396
0.2830219978922002 	 128.24266207615534
0.28402199789220023 	 129.95141362047292
0.28502199789220023 	 131.67897418755823
0.28602199789220023 	 133.42541176360652
0.28702199789220023 	 135.19079878685275
0.28802199789220023 	 136.975211990364
0.28902199789220023 	 138.7787322580538
0.29002199789220023 	 140.60144449281702
0.29102199789220023 	 142.44343749579335
0.29202199789220024 	 144.30480385586395
0.29302199789220024 	 146.1856398485683
0.29402199789220024 	 148.08604534370428
0.29502199789220024 	 150.00612372094506
0.29602199789220024 	 151.94598179286726
0.29702199789220024 	 153.9057297348367
0.29802199789220024 	 155.8854810212516
0.29902199789220024 	 157.88535236768556
0.30002199789220024 	 159.90546367851368
0.30102199789220024 	 161.9459379996412
0.30202199789220024 	 164.0069014759874
0.30302199789220025 	 166.08848331340565
0.30402199789220025 	 168.19081574475314
0.30502199789220025 	 170.31403399983674
0.30602199789220025 	 172.45827627900087
0.30702199789220025 	 174.6236837301237
0.30802199789220025 	 176.8104004288256
0.30902199789220025 	 179.0185733616947
0.31002199789220025 	 181.2483524123611
0.31102199789220025 	 183.49989035025985
0.31202199789220025 	 185.77334282193462
0.31302199789220025 	 188.06886834475165
0.31402199789220026 	 190.38662830289704
0.31502199789220026 	 192.72678694554648
0.31602199789220026 	 195.08951138710057
0.31702199789220026 	 197.4749716093925
0.31802199789220026 	 199.88334046577626
0.31902199789220026 	 202.31479368701764
0.32002199789220026 	 204.76950988890988
0.32102199789220026 	 207.2476705815477
0.32202199789220026 	 209.74946018019435
0.32302199789220026 	 212.2750660176855
0.32402199789220026 	 214.82467835831585
0.32502199789220027 	 217.39849041315807
0.32602199789220027 	 219.99669835677224
0.32702199789220027 	 222.6195013452617
0.32802199789220027 	 225.26710153563923
0.32902199789220027 	 227.93970410647154
0.33002199789220027 	 230.6375172797645
0.33102199789220027 	 233.36075234406906
0.33202199789220027 	 236.1096236787754
0.33302199789220027 	 238.88434877957636
0.3340219978922003 	 241.6851482850775
0.3350219978922003 	 244.512246004536
0.3360219978922003 	 247.36586894671052
0.3370219978922003 	 250.2462473498112
0.3380219978922003 	 253.1536147125311
0.3390219978922003 	 256.0882078261526
0.3400219978922003 	 259.0502668077211
0.3410219978922003 	 262.04003513426943
0.3420219978922003 	 265.0577596780975
0.3430219978922003 	 268.10369074309506
0.3440219978922003 	 271.17808210210586
0.3450219978922003 	 274.28119103533066
0.3460219978922003 	 277.41327836976933
0.3470219978922003 	 280.5746085197001
0.3480219978922003 	 283.765449528196
0.3490219978922003 	 286.98607310968566
0.3500219978922003 	 290.23675469355413
0.3510219978922003 	 293.51777346879504
0.3520219978922003 	 296.8294124297136
0.3530219978922003 	 300.1719584226896
0.3540219978922003 	 303.5457021940057
0.3550219978922003 	 306.95093843874935
0.3560219978922003 	 310.38796585079734
0.3570219978922003 	 313.85708717388974
0.3580219978922003 	 317.35860925380683
0.3590219978922003 	 320.8928430916579
0.3600219978922003 	 324.46010389829326
0.3610219978922003 	 328.0607111498538
0.3620219978922003 	 331.69498864446757
0.3630219978922003 	 335.36326456011335
0.3640219978922003 	 339.0658715136589
0.3650219978922003 	 342.8031466210941
0.3660219978922003 	 346.57543155897184
0.3670219978922003 	 350.3830726270786
0.3680219978922003 	 354.226420812343
0.3690219978922003 	 358.1058318540115
0.3700219978922003 	 362.02166631009965
0.3710219978922003 	 365.9742896251488
0.3720219978922003 	 369.96407219929813
0.3730219978922003 	 373.9913894587009
0.3740219978922003 	 378.05662192730324
0.3750219978922003 	 382.16015530000806
0.3760219978922003 	 386.3023805172472
0.3770219978922003 	 390.4836938409884
0.3780219978922003 	 394.70449693219587
0.3790219978922003 	 398.96519692977563
0.3800219978922003 	 403.26620653102924
0.3810219978922003 	 407.6079440736424
0.3820219978922003 	 411.9908336192367
0.3830219978922003 	 416.41530503851396
0.3840219978922003 	 420.8817940980179
0.3850219978922003 	 425.3907425485526
0.3860219978922003 	 429.9425982152772
0.3870219978922003 	 434.5378150895163
0.3880219978922003 	 439.1768534223151
0.3890219978922003 	 443.8601798197767
0.3900219978922003 	 448.58826734020926
0.3910219978922003 	 453.36159559312506
0.3920219978922003 	 458.18065084012187
0.3930219978922003 	 463.0459260976917
0.3940219978922003 	 467.95792124198033
0.3950219978922003 	 472.9171431155575
0.39602199789220033 	 477.9241056362159
0.39702199789220033 	 482.9793299078587
0.39802199789220033 	 488.0833443335027
0.39902199789220033 	 493.2366847304526
0.40002199789220033 	 498.43989444768135
0.40102199789220033 	 503.6935244854676
0.40202199789220033 	 508.9981336173337
0.40302199789220033 	 514.3542885143346
0.40402199789220034 	 519.7625638717433
0.40502199789220034 	 525.2235425381873
0.40602199789220034 	 530.7378156472845
0.40702199789220034 	 536.3059827518287
0.40802199789220034 	 541.9286519605863
0.40902199789220034 	 547.6064400777541
0.41002199789220034 	 553.3399727451337
0.41102199789220034 	 559.1298845870868
0.41202199789220034 	 564.9768193583266
0.41302199789220034 	 570.8814300946051
0.41402199789220034 	 576.8443792663643
0.41502199789220034 	 582.8663389354152
0.41602199789220035 	 588.9479909147027
0.41702199789220035 	 595.0900269312328
0.41802199789220035 	 601.2931487922312
0.41902199789220035 	 607.5580685545981
0.42002199789220035 	 613.8855086977364
0.42102199789220035 	 620.2762022998313
0.42202199789220035 	 626.7308932176526
0.42302199789220035 	 633.2503362699568
0.42402199789220035 	 639.8352974245821
0.42502199789220035 	 646.4865539893037
0.42602199789220035 	 653.2048948065427
0.42702199789220036 	 659.9911204520178
0.42802199789220036 	 666.8460434374251
0.42902199789220036 	 673.7704884172323
0.43002199789220036 	 680.7652923996994
0.43102199789220036 	 687.8313049622036
0.43202199789220036 	 694.9693884709777
0.43302199789220036 	 702.1804183053584
0.43402199789220036 	 709.4652830866572
0.43502199789220036 	 716.8248849117512
0.43602199789220036 	 724.2601395915142
0.43702199789220036 	 731.7719768941854
0.43802199789220037 	 739.361340793817
0.43902199789220037 	 747.0291897238881
0.44002199789220037 	 754.7764968362336
0.44102199789220037 	 762.6042502654033
0.44202199789220037 	 770.5134533985778
0.44302199789220037 	 778.5051251511762
0.44402199789220037 	 786.5803002482899
0.44502199789220037 	 794.7400295120906
0.4460219978922004 	 802.9853801553409
0.4470219978922004 	 811.3174360811663
0.4480219978922004 	 819.7372981892402
0.4490219978922004 	 828.2460846885234
0.4500219978922004 	 836.8449314167394
0.4510219978922004 	 845.5349921667321
0.4520219978922004 	 854.3174390198785
0.4530219978922004 	 863.1934626867411
0.4540219978922004 	 872.1642728551137
0.4550219978922004 	 881.2310985456761
0.4560219978922004 	 890.3951884754126
0.4570219978922004 	 899.6578114290147
0.4580219978922004 	 909.0202566384481
0.4590219978922004 	 918.483834170903
0.4600219978922004 	 928.0498753253235
0.4610219978922004 	 937.7197330377437
0.4620219978922004 	 947.4947822956457
0.4630219978922004 	 957.3764205615769
0.4640219978922004 	 967.3660682062489
0.4650219978922004 	 977.4651689513696
0.4660219978922004 	 987.6751903224548
0.4670219978922004 	 997.9976241118756
0.4680219978922004 	 1008.4339868524003
0.4690219978922004 	 1018.9858203015109
0.4700219978922004 	 1029.654691936768
0.4710219978922004 	 1040.442195462501
0.4720219978922004 	 1051.3499513281504
0.4730219978922004 	 1062.3796072585176
0.4740219978922004 	 1073.5328387962868
0.4750219978922004 	 1084.8113498571079
0.4760219978922004 	 1096.2168732975765
0.4770219978922004 	 1107.7511714964685
0.4780219978922004 	 1119.4160369495644
0.4790219978922004 	 1131.2132928784326
0.4800219978922004 	 1143.1447938535523
0.4810219978922004 	 1155.2124264321355
0.4820219978922004 	 1167.4181098110892
0.4830219978922004 	 1179.763796495469
0.4840219978922004 	 1192.2514729829006
0.4850219978922004 	 1204.8831604643597
0.4860219978922004 	 1217.660915541784
0.4870219978922004 	 1230.5868309629655
0.4880219978922004 	 1243.6630363741963
0.4890219978922004 	 1256.8916990911719
0.4900219978922004 	 1270.275024888642
0.4910219978922004 	 1283.8152588093287
0.4920219978922004 	 1297.5146859926615
0.4930219978922004 	 1311.3756325238728
0.4940219978922004 	 1325.4004663040264
0.4950219978922004 	 1339.5915979415709
0.4960219978922004 	 1353.9514816660221
0.4970219978922004 	 1368.4826162644038
0.4980219978922004 	 1383.1875460410884
0.4990219978922004 	 1398.0688618017223
0.5000219978922004 	 1413.1292018618944
0.5010219978922004 	 1428.3712530812993
0.5020219978922004 	 1443.7977519240826
0.5030219978922004 	 1459.411485546173
0.5040219978922004 	 1475.2152929103565
0.5050219978922004 	 1491.2120659298907
0.5060219978922004 	 1507.4047506415445
0.5070219978922004 	 1523.796348408866
0.5080219978922004 	 1540.3899171565959
0.5090219978922004 	 1557.1885726371663
0.5100219978922004 	 1574.1954897302026
0.5110219978922004 	 1591.413903776026
0.5120219978922004 	 1608.847111944183
0.5130219978922004 	 1626.4984746380294
0.5140219978922004 	 1644.3714169364812
0.5150219978922004 	 1662.4694300740275
0.5160219978922004 	 1680.7960729601868
0.5170219978922004 	 1699.3549737396079
0.5180219978922004 	 1718.1498313940338
0.5190219978922004 	 1737.1844173874404
0.5200219978922004 	 1756.4625773556627
0.5210219978922004 	 1775.9882328418867
0.5220219978922004 	 1795.7653830794413
0.5230219978922004 	 1815.798106823336
0.5240219978922004 	 1836.0905642320936
0.5250219978922004 	 1856.6469988014576
0.5260219978922004 	 1877.4717393515714
0.5270219978922004 	 1898.5692020693718
0.5280219978922004 	 1919.9438926079108
0.5290219978922004 	 1941.6004082444392
0.5300219978922004 	 1963.5434400991164
0.5310219978922004 	 1985.7777754163153
0.5320219978922004 	 2008.3082999105236
0.5330219978922004 	 2031.1400001789214
0.5340219978922004 	 2054.2779661828536
0.5350219978922004 	 2077.7273938003714
0.5360219978922004 	 2101.493587452231
0.5370219978922004 	 2125.5819628037407
0.5380219978922004 	 2149.998049544954
0.5390219978922004 	 2174.747494251841
0.5400219978922004 	 2199.836063331082
0.5410219978922004 	 2225.2696460513266
0.5420219978922004 	 2251.054257663804
0.5430219978922004 	 2277.1960426152696
0.5440219978922004 	 2303.7012778564767
0.5450219978922004 	 2330.5763762493493
0.5460219978922004 	 2357.8278900762716
0.5470219978922004 	 2385.4625146549733
0.5480219978922004 	 2413.487092062659
0.5490219978922004 	 2441.908614973151
0.5500219978922004 	 2470.7342306109617
0.5510219978922004 	 2499.971244826367
0.5520219978922004 	 2529.627126295764
0.5530219978922004 	 2559.70951085165
0.5540219978922004 	 2590.2262059468308
0.5550219978922004 	 2621.185195257653
0.5560219978922004 	 2652.594643431144
0.5570219978922004 	 2684.4629009812693
0.5580219978922004 	 2716.79850933963
0.5590219978922004 	 2749.610206066185
0.5600219978922004 	 2782.906930225822
0.5610219978922004 	 2816.6978279367554
0.5620219978922004 	 2850.992258097123
0.5630219978922004 	 2885.7997982962556
0.5640219978922004 	 2921.1302509174825
0.5650219978922004 	 2956.993649439536
0.5660219978922004 	 2993.4002649439926
0.5670219978922004 	 3030.360612836459
0.5680219978922004 	 3067.885459789469
0.5690219978922004 	 3105.9858309155784
0.5700219978922004 	 3144.6730171793
0.5710219978922004 	 3183.958583057021
0.5720219978922004 	 3223.854374454409
0.5730219978922004 	 3264.372526891186
0.5740219978922004 	 3305.525473963632
0.5750219978922004 	 3347.3259560956126
0.5760219978922004 	 3389.7870295893763
0.5770219978922004 	 3432.92207598786
0.5780219978922004 	 3476.7448117608506
0.5790219978922004 	 3521.269298327746
0.5800219978922004 	 3566.5099524303855
0.5810219978922004 	 3612.4815568698846
0.5820219978922004 	 3659.1992716221403
0.5830219978922004 	 3706.678645347317
0.5840219978922004 	 3754.935627309289
0.5850219978922004 	 3803.9865797217067
0.5860219978922004 	 3853.848290538329
0.5870219978922004 	 3904.5379867057404
0.5880219978922004 	 3956.073347897766
0.5890219978922004 	 4008.472520751544
0.5900219978922004 	 4061.754133626301
0.5910219978922004 	 4115.937311906754
0.5920219978922004 	 4171.041693874243
0.5930219978922004 	 4227.087447169676
0.5940219978922004 	 4284.095285873575
0.5950219978922004 	 4342.086488229754
0.5960219978922005 	 4401.082915040381
0.5970219978922005 	 4461.107028761624
0.5980219978922005 	 4522.181913330379
0.5990219978922005 	 4584.331294754265
0.6000219978922005 	 4647.579562498445
0.6010219978922005 	 4711.951791704708
0.6020219978922005 	 4777.473766279894
0.6030219978922005 	 4844.172002892629
0.6040219978922005 	 4912.073775919377
0.6050219978922005 	 4981.207143382844
0.6060219978922005 	 5051.600973927987
0.6070219978922005 	 5123.284974883162
0.6080219978922005 	 5196.289721456562
0.6090219978922005 	 5270.646687120537
0.6100219978922005 	 5346.3882752391655
0.6110219978922005 	 5423.547851997577
0.6120219978922005 	 5502.159780694208
0.6130219978922005 	 5582.259457460957
0.6140219978922005 	 5663.883348479234
0.6150219978922005 	 5747.069028763747
0.6160219978922005 	 5831.855222589991
0.6170219978922005 	 5918.281845644994
0.6180219978922005 	 6006.390048985864
0.6190219978922005 	 6096.2222648949755
0.6200219978922005 	 6187.822254725609
0.6210219978922005 	 6281.2351588372385
0.6220219978922005 	 6376.507548725165
0.6230219978922005 	 6473.687481455084
0.6240219978922005 	 6572.824556519545
0.6250219978922005 	 6673.969975239961
0.6260219978922005 	 6777.176602844902
0.6270219978922005 	 6882.499033363073
0.6280219978922005 	 6989.993657477413
0.6290219978922005 	 7099.718733495416
0.6300219978922005 	 7211.734461599828
0.6310219978922005 	 7326.10306155398
0.6320219978922005 	 7442.888854045885
0.6330219978922005 	 7562.158345867099
0.6340219978922005 	 7683.980319133596
0.6350219978922005 	 7808.425924768965
0.6360219978922005 	 7935.5687804836525
0.6370219978922005 	 8065.485073498643
0.6380219978922005 	 8198.25366827715
0.6390219978922005 	 8333.956219544987
0.6400219978922005 	 8472.677290897354
0.6410219978922005 	 8614.504479309617
0.6420219978922005 	 8759.528545889183
0.6430219978922005 	 8907.843553228055
0.6440219978922005 	 9059.547009738704
0.6450219978922005 	 9214.740021381022
0.6460219978922005 	 9373.527451215465
0.6470219978922005 	 9536.018087245566
0.6480219978922005 	 9702.324819045294
0.6490219978922005 	 9872.564823698964
0.6500219978922005 	 10046.859761618312
0.6510219978922005 	 10225.335982839326
0.6520219978922005 	 10408.124744443654
0.6530219978922005 	 10595.362439793806
0.6540219978922005 	 10787.190840320067
0.6550219978922005 	 10983.757350649015
0.6560219978922005 	 11185.215277920017
0.6570219978922005 	 11391.724116196494
0.6580219978922005 	 11603.449846944906
0.6590219978922005 	 11820.565256624877
0.6600219978922005 	 12043.250272511168
0.6610219978922005 	 12271.692317950547
0.6620219978922005 	 12506.086688347688
0.6630219978922005 	 12746.636949270618
0.6640219978922005 	 12993.555358172556
0.6650219978922005 	 13247.063311341857
0.6660219978922005 	 13507.39181781586
0.6670219978922005 	 13774.782002130283
0.6680219978922005 	 14049.485637922511
0.6690219978922005 	 14331.765714567906
0.6700219978922005 	 14621.89703920171
0.6710219978922005 	 14920.166876670195
0.6720219978922005 	 15226.875630160825
0.6730219978922005 	 15542.337565487749
0.6740219978922005 	 15866.881582256272
0.6750219978922005 	 16200.852035398439
0.6760219978922005 	 16544.609610868407
0.6770219978922005 	 16898.532259608262
0.6780219978922005 	 17263.016194249416
0.6790219978922005 	 17638.476953402325
0.6800219978922005 	 18025.350538813353
0.6810219978922005 	 18424.09463113496
0.6820219978922005 	 18835.189890569935
0.6830219978922005 	 19259.14134921532
0.6840219978922005 	 19696.479902555373
0.6850219978922005 	 20147.763908238827
0.6860219978922005 	 20613.580901033743
0.6870219978922005 	 21094.549433690143
0.6880219978922005 	 21591.321054364194
0.6890219978922005 	 22104.582432283805
0.6900219978922005 	 22635.05764446661
0.6910219978922005 	 23183.510637560255
0.6920219978922005 	 23750.74788027053
0.6930219978922005 	 24337.62122339347
0.6940219978922005 	 24945.030986193036
0.6950219978922005 	 25573.929289789183
0.6960219978922005 	 26225.323660362643
0.6970219978922005 	 26900.280927376894
0.6980219978922005 	 27599.931444691298
0.6990219978922005 	 28325.473665433157
0.7000219978922005 	 29078.179104850493
0.7010219978922005 	 29859.397729129814
0.7020219978922005 	 30670.563812392164
0.7030219978922005 	 31513.202308837772
0.7040219978922005 	 32388.9357923667
0.7050219978922005 	 33299.492022050916
0.7060219978922005 	 34246.71219866269
0.7070219978922005 	 35232.55998519348
0.7080219978922005 	 36259.131373056385
0.7090219978922006 	 37328.66548560724
0.7100219978922006 	 38443.55642191987
0.7110219978922006 	 39606.36625662063
0.7120219978922006 	 40819.839326266956
0.7130219978922006 	 42086.91794952401
0.7140219978922006 	 43410.75974759277
0.7150219978922006 	 44794.75675335256
0.7160219978922006 	 46242.55652297505
0.7170219978922006 	 47758.08549286983
0.7180219978922006 	 49345.5748583986
0.7190219978922006 	 51009.589289591415
0.7200219978922006 	 52755.05884402471
0.7210219978922006 	 54587.31448917496
0.7220219978922006 	 56512.12770719977
0.7230219978922006 	 58535.754725816805
0.7240219978922006 	 60664.98600155495
0.7250219978922006 	 62907.20167844121
0.7260219978922006 	 65270.43385880602
0.7270219978922006 	 67763.43665668547
0.7280219978922006 	 70395.76516219127
0.7290219978922006 	 73177.86463213454
0.7300219978922006 	 76121.17144402795
0.7310219978922006 	 79238.22761467379
0.7320219978922006 	 82542.81099987174
0.7330219978922006 	 86050.08366944155
0.7340219978922006 	 89776.76140556183
0.7350219978922006 	 93741.30781953798
0.7360219978922006 	 97964.15724400038
0.7370219978922006 	 102467.97136114634
0.7380219978922006 	 107277.93550695853
0.7390219978922006 	 112422.10178938488
0.7400219978922006 	 117931.78762995946
0.7410219978922006 	 123842.04015323463
0.7420219978922006 	 130192.17909648741
0.7430219978922006 	 137026.4337093983
0.7440219978922006 	 144394.69261017384
0.7450219978922006 	 152353.3899571901
0.7460219978922006 	 160966.55684111282
0.7470219978922006 	 170307.07384148444
0.7480219978922006 	 180458.16967521782
0.7490219978922006 	 191515.22239535142
0.7500219978922006 	 203587.93448821368
0.7510219978922006 	 216802.97256454616
0.7520219978922006 	 231307.18764462805
0.7530219978922006 	 247271.56535918138
0.7540219978922006 	 264896.09958097985
0.7550219978922006 	 284415.8420503232
0.7560219978922006 	 306108.4600693627
0.7570219978922006 	 330303.7422768047
0.7580219978922006 	 357395.6402770667
0.7590219978922006 	 387857.63795949373
0.7600219978922006 	 422262.52471967635
0.7610219978922006 	 461308.0488156436
0.7620219978922006 	 505850.4951878015
0.7630219978922006 	 556949.0467051843
0.7640219978922006 	 615924.967265373
0.7650219978922006 	 684441.3688604779
0.7660219978922006 	 764611.8655106021
0.7670219978922006 	 859150.1892862974
0.7680219978922006 	 971578.4705682528
0.7690219978922006 	 1106520.2788010768
0.7700219978922006 	 1270116.9391748745
0.7710219978922006 	 1470623.5713425593
0.7720219978922006 	 1719265.6862865356
0.7730219978922006 	 2031465.571267065
0.7740219978922006 	 2428565.0468131616
0.7750219978922006 	 2940122.46783942
0.7760219978922006 	 3606574.934311474
0.7770219978922006 	 4481043.289825623
0.7780219978922006 	 5626094.903424714
0.7790219978922006 	 7094066.836515766
0.7800219978922006 	 8867552.051129568
0.7810219978922006 	 10739247.15591963
0.7820219978922006 	 12202543.574914305
0.7830219978922006 	 12622684.032601703
0.7840219978922006 	 11780733.464367202
0.7850219978922006 	 10112528.38391768
0.7860219978922006 	 8251989.211058684
0.7870219978922006 	 6590933.655942896
0.7880219978922006 	 5250394.390120073
0.7890219978922006 	 4213171.707369665
0.7900219978922006 	 3420627.6246949416
0.7910219978922006 	 2813769.4060009415
0.7920219978922006 	 2344893.669718948
0.7930219978922006 	 1978282.5911726071
0.7940219978922006 	 1687930.647618871
0.7950219978922006 	 1455029.2297520202
0.7960219978922006 	 1265927.0818125121
0.7970219978922006 	 1110632.0345597474
0.7980219978922006 	 981751.1400024919
0.7990219978922006 	 873750.392662231
0.8000219978922006 	 782438.0719313652
0.8010219978922006 	 704602.2405251852
0.8020219978922006 	 637754.2499419125
0.8030219978922006 	 579945.4313724099
0.8040219978922006 	 529634.6862601575
0.8050219978922006 	 485591.8026411166
0.8060219978922006 	 446826.0994821132
0.8070219978922006 	 412533.21415358875
0.8080219978922006 	 382055.02145743155
0.8090219978922006 	 354849.15393876476
0.8100219978922006 	 330465.6117727216
0.8110219978922006 	 308528.65747329145
0.8120219978922006 	 288722.68606853415
0.8130219978922006 	 270781.111870591
0.8140219978922006 	 254477.5632756455
0.8150219978922006 	 239618.85744086435
0.8160219978922006 	 226039.3578821701
0.8170219978922006 	 213596.4142666799
0.8180219978922006 	 202166.65484189204
0.8190219978922006 	 191642.95499633145
0.8200219978922006 	 181931.94529671338
0.8210219978922007 	 172951.9524991178
0.8220219978922007 	 164631.29000615314
0.8230219978922007 	 156906.83186479646
0.8240219978922007 	 149722.81800403257
0.8250219978922007 	 143029.84897842657
0.8260219978922007 	 136784.03673988927
0.8270219978922007 	 130946.28444693195
0.8280219978922007 	 125481.67344535342
0.8290219978922007 	 120358.93962367364
0.8300219978922007 	 115550.02459420252
0.8310219978922007 	 111029.68975473121
0.8320219978922007 	 106775.18338357558
0.8330219978922007 	 102765.95261804247
0.8340219978922007 	 98983.39354556245
0.8350219978922007 	 95410.63376199896
0.8360219978922007 	 92032.34267334676
0.8370219978922007 	 88834.56557488386
0.8380219978922007 	 85804.57816723207
0.8390219978922007 	 82930.75868671037
0.8400219978922007 	 80202.4752577386
0.8410219978922007 	 77609.98643386156
0.8420219978922007 	 75144.35319405874
0.8430219978922007 	 72797.36091276717
0.8440219978922007 	 70561.45003388003
0.8450219978922007 	 68429.65435774952
0.8460219978922007 	 66395.54600148654
0.8470219978922007 	 64453.18622120159
0.8480219978922007 	 62597.0813940168
0.8490219978922007 	 60822.143550803936
0.8500219978922007 	 59123.65493021585
0.8510219978922007 	 57497.236092812105
0.8520219978922007 	 55938.81719268575
0.8530219978922007 	 54444.61205445889
0.8540219978922007 	 53011.09474704641
0.8550219978922007 	 51634.978383229434
0.8560219978922007 	 50313.19590669233
0.8570219978922007 	 49042.88265648999
0.8580219978922007 	 47821.360523539304
0.8590219978922007 	 46646.12353519097
0.8600219978922007 	 45514.824722679085
0.8610219978922007 	 44425.26414263405
0.8620219978922007 	 43375.377938208345
0.8630219978922007 	 42363.22833797058
0.8640219978922007 	 41386.99450180405
0.8650219978922007 	 40444.96413280716
0.8660219978922007 	 39535.52578280049
0.8670219978922007 	 38657.1617866486
0.8680219978922007 	 37808.44176733281
0.8690219978922007 	 36988.01665967034
0.8700219978922007 	 36194.61320586451
0.8710219978922007 	 35427.02888076975
0.8720219978922007 	 34684.12720893393
0.8730219978922007 	 33964.833439209186
0.8740219978922007 	 33268.13054604144
0.8750219978922007 	 32593.055529519443
0.8760219978922007 	 31938.695988918127
0.8770219978922007 	 31304.18694684862
0.8780219978922007 	 30688.707903258008
0.8790219978922007 	 30091.480100435063
0.8800219978922007 	 29511.76398189807
0.8810219978922007 	 28948.856829586104
0.8820219978922007 	 28402.090565168895
0.8830219978922007 	 27870.829702546234
0.8840219978922007 	 27354.4694397406
0.8850219978922007 	 26852.433879411295
0.8860219978922007 	 26364.174368144708
0.8870219978922007 	 25889.167945512632
0.8880219978922007 	 25426.915894651822
0.8890219978922007 	 24976.942386805786
0.8900219978922007 	 24538.79321289613
0.8910219978922007 	 24112.034595759087
0.8920219978922007 	 23696.252077200013
0.8930219978922007 	 23291.049474489057
0.8940219978922007 	 22896.047901350146
0.8950219978922007 	 22510.88484888717
0.8960219978922007 	 22135.213322246327
0.8970219978922007 	 21768.70102914188
0.8980219978922007 	 21411.029616668107
0.8990219978922007 	 21061.893953094634
0.9000219978922007 	 20721.001451590517
0.9010219978922007 	 20388.07143305146
0.9020219978922007 	 20062.83452541397
0.9030219978922007 	 19745.032097032214
0.9040219978922007 	 19434.415721869835
0.9050219978922007 	 19130.74667442118
0.9060219978922007 	 18833.795452424223
0.9070219978922007 	 18543.341325565987
0.9080219978922007 	 18259.171908505643
0.9090219978922007 	 17981.082756657335
0.9100219978922007 	 17708.876983280716
0.9110219978922007 	 17442.364896526604
0.9120219978922007 	 17181.363655174326
0.9130219978922007 	 16925.696941882343
0.9140219978922007 	 16675.194652849226
0.9150219978922007 	 16429.692602854444
0.9160219978922007 	 16189.032244713038
0.9170219978922007 	 15953.060402238605
0.9180219978922007 	 15721.629015865386
0.9190219978922007 	 15494.594900130644
0.9200219978922007 	 15271.819512266416
0.9210219978922007 	 15053.168731192893
0.9220219978922007 	 14838.512646245752
0.9230219978922007 	 14627.725355006429
0.9240219978922007 	 14420.684769638237
0.9250219978922007 	 14217.272431161486
0.9260219978922007 	 14017.373331129544
0.9270219978922007 	 13820.87574019289
0.9280219978922007 	 13627.671043061393
0.9290219978922007 	 13437.653579396312
0.9300219978922007 	 13250.720490181491
0.9310219978922007 	 13066.771569140432
0.9320219978922007 	 12885.709118779952
0.9330219978922007 	 12707.437810654064
0.9340219978922008 	 12531.864549451884
0.9350219978922008 	 12358.898340522182
0.9360219978922008 	 12188.450160454078
0.9370219978922008 	 12020.432830338015
0.9380219978922008 	 11854.76089133392
0.9390219978922008 	 11691.350482174777
0.9400219978922008 	 11530.119218232343
0.9410219978922008 	 11370.986071768655
0.9420219978922008 	 11213.871252992001
0.9430219978922008 	 11058.69609152758
0.9440219978922008 	 10905.382917904179
0.9450219978922008 	 10753.854944644567
0.9460219978922008 	 10604.036146532782
0.9470219978922008 	 10455.85113961285
0.9480219978922008 	 10309.225058452597
0.9490219978922008 	 10164.083431181029
0.9500219978922008 	 10020.352051779688
0.9510219978922008 	 9877.956849076
0.9520219978922008 	 9736.823751849615
0.9530219978922008 	 9596.87854942165
0.9540219978922008 	 9458.046747049459
0.9550219978922008 	 9320.253415397647
0.9560219978922008 	 9183.423033296986
0.9570219978922008 	 9047.479322937415
0.9580219978922008 	 8912.345076568503
0.9590219978922008 	 8777.941973699333
0.9600219978922008 	 8644.190387700028
0.9610219978922008 	 8511.009180607423
0.9620219978922008 	 8378.315484827646
0.9630219978922008 	 8246.024470307502
0.9640219978922008 	 8114.049095614218
0.9650219978922008 	 7982.299841218425
0.9660219978922008 	 7850.6844231188215
0.9670219978922008 	 7719.1074847778245
0.9680219978922008 	 7587.470265157096
0.9690219978922008 	 7455.670240452173
0.9700219978922008 	 7323.600736927323
0.9710219978922008 	 7191.1505120522015
0.9720219978922008 	 7058.203300945796
0.9730219978922008 	 6924.637324951204
0.9740219978922008 	 6790.3247590129
0.9750219978922008 	 6655.131154426357
0.9760219978922008 	 6518.914813510861
0.9770219978922008 	 6381.526112862968
0.9780219978922008 	 6242.80677214327
0.9790219978922008 	 6102.589065921667
0.9800219978922008 	 5960.694977079986
0.9810219978922008 	 5816.935291822509
0.9820219978922008 	 5671.108638723943
0.9830219978922008 	 5523.0004778037
0.9840219978922008 	 5372.382050858947
0.9850219978922008 	 5219.009311934266
0.9860219978922008 	 5062.621867885493
0.9870219978922008 	 4902.941974995826
0.9880219978922008 	 4739.673660685737
0.9890219978922008 	 4572.502072679758
0.9900219978922008 	 4401.093206203402
0.9910219978922008 	 4225.094229783173
0.9920219978922008 	 4044.1347323508426
0.9930219978922008 	 3857.8293642450312
0.9940219978922008 	 3665.7825662611585
0.9950219978922008 	 3467.59641107453
0.9960219978922008 	 3262.883077991361
0.9970219978922008 	 3051.284236823551
0.9980219978922008 	 2832.500777418144
0.9990219978922008 	 2606.3381294716637
1.0000219978922007 	 2372.7752743294445
1.0010219978922006 	 2132.070136957366
1.0020219978922005 	 1884.9215385642578
1.0030219978922004 	 1632.720367498689
1.0040219978922003 	 1377.943851787974
1.0050219978922001 	 1124.7837863132975
1.0060219978922 	 880.1656631026059
1.0070219978922 	 655.4372982516813
1.0080219978921998 	 469.23676600319214
1.0090219978921997 	 352.5049811938376
1.0100219978921996 	 357.5421751716594
1.0110219978921995 	 575.008084358207
1.0120219978921994 	 1167.2603162461955
1.0130219978921993 	 2437.0366743132445
1.0140219978921992 	 4976.713424987435
1.015021997892199 	 10009.769450165726
1.016021997892199 	 20193.70322851564
1.0170219978921988 	 41354.61746943851
1.0180219978921987 	 84000.26020201182
1.0190219978921986 	 148373.90938117742
1.0200219978921985 	 179690.77396707598
1.0210219978921984 	 149964.488070237
1.0220219978921983 	 110204.34008524774
1.0230219978921982 	 81892.74695654107
1.024021997892198 	 63543.902900456
1.025021997892198 	 51428.927955000494
1.0260219978921978 	 43093.42528029652
1.0270219978921977 	 37115.6528367817
1.0280219978921976 	 32669.170824816967
1.0290219978921975 	 29257.252284358896
1.0300219978921974 	 26569.495709212864
1.0310219978921973 	 24404.552082137376
1.0320219978921972 	 22627.31659188068
1.033021997892197 	 21144.368634586186
1.034021997892197 	 19889.3744152984
1.0350219978921968 	 18814.11733291112
1.0360219978921967 	 17882.815766458567
1.0370219978921966 	 17068.42248903722
1.0380219978921965 	 16350.153672423023
1.0390219978921964 	 15711.80127940227
1.0400219978921963 	 15140.556719446286
1.0410219978921962 	 14626.175562994122
1.042021997892196 	 14160.374363467512
1.043021997892196 	 13736.388349875937
1.0440219978921959 	 13348.642495857704
1.0450219978921957 	 12992.503728562493
1.0460219978921956 	 12664.092032967439
1.0470219978921955 	 12360.134866661761
1.0480219978921954 	 12077.853810942226
1.0490219978921953 	 11814.875485764851
1.0500219978921952 	 11569.160918899572
1.051021997892195 	 11338.949087505689
1.052021997892195 	 11122.711442879332
1.0530219978921949 	 10919.115019286846
1.0540219978921948 	 10726.992305393207
1.0550219978921946 	 10545.316483244018
1.0560219978921945 	 10373.180957589546
1.0570219978921944 	 10209.78233731994
1.0580219978921943 	 10054.406211979007
1.0590219978921942 	 9906.415204799956
1.060021997892194 	 9765.23889032405
1.061021997892194 	 9630.36524733432
1.0620219978921939 	 9501.333382371888
1.0630219978921938 	 9377.727309800328
1.0640219978921936 	 9259.170614455299
1.0650219978921935 	 9145.321854770693
1.0660219978921934 	 9035.870589734412
1.0670219978921933 	 8930.533933486991
1.0680219978921932 	 8829.05355789823
1.069021997892193 	 8731.193076864396
1.070021997892193 	 8636.73575699736
1.0710219978921929 	 8545.48250832563
1.0720219978921928 	 8457.250115984123
1.0730219978921927 	 8371.869679943862
1.0740219978921925 	 8289.185234865967
1.0750219978921924 	 8209.052526351923
1.0760219978921923 	 8131.33792335742
1.0770219978921922 	 8055.917449465511
1.078021997892192 	 7982.67591817619
1.079021997892192 	 7911.506159444677
1.0800219978921919 	 7842.308326456097
1.0810219978921918 	 7774.989273113518
1.0820219978921917 	 7709.4619939829245
1.0830219978921916 	 7645.645119519747
1.0840219978921914 	 7583.462460326295
1.0850219978921913 	 7522.842594982047
1.0860219978921912 	 7463.71849667106
1.0870219978921911 	 7406.0271944182505
1.088021997892191 	 7349.709465253875
1.089021997892191 	 7294.709554065667
1.0900219978921908 	 7240.974918279241
1.0910219978921907 	 7188.455994839448
1.0920219978921906 	 7137.105987254726
1.0930219978921905 	 7086.880670718724
1.0940219978921903 	 7037.738213544935
1.0950219978921902 	 6989.639013343616
1.0960219978921901 	 6942.5455465404575
1.09702199789219 	 6896.422229986442
1.09802199789219 	 6851.235293540092
1.0990219978921898 	 6806.952662620146
1.1000219978921897 	 6763.543849829587
1.1010219978921896 	 6720.979854843398
1.1020219978921895 	 6679.2330718334915
1.1030219978921894 	 6638.277203776199
1.1040219978921892 	 6598.087183051892
1.1050219978921891 	 6558.639097803382
1.106021997892189 	 6519.910123570786
1.107021997892189 	 6481.878459766109
1.1080219978921888 	 6444.523270591646
1.1090219978921887 	 6407.824630042751
1.1100219978921886 	 6371.76347066848
1.1110219978921885 	 6336.321535793059
1.1120219978921884 	 6301.481334927529
1.1130219978921883 	 6267.226102125098
1.1140219978921881 	 6233.539757054956
1.115021997892188 	 6200.40686858895
1.116021997892188 	 6167.812620713165
1.1170219978921878 	 6135.742780592149
1.1180219978921877 	 6104.183668628115
1.1190219978921876 	 6073.122130370494
1.1200219978921875 	 6042.545510143059
1.1210219978921874 	 6012.44162626653
1.1220219978921873 	 5982.7987477646475
1.1230219978921872 	 5953.605572450242
1.124021997892187 	 5924.8512062964255
1.125021997892187 	 5896.525144004981
1.1260219978921868 	 5868.617250691201
1.1270219978921867 	 5841.117744610382
1.1280219978921866 	 5814.017180856961
1.1290219978921865 	 5787.306435972407
1.1300219978921864 	 5760.976693402759
1.1310219978921863 	 5735.019429751117
1.1320219978921862 	 5709.4264017742635
1.133021997892186 	 5684.189634076375
1.134021997892186 	 5659.301407456185
1.1350219978921858 	 5634.7542478668865
1.1360219978921857 	 5610.540915951215
1.1370219978921856 	 5586.654397116458
1.1380219978921855 	 5563.087892116858
1.1390219978921854 	 5539.834808112961
1.1400219978921853 	 5516.888750179492
1.1410219978921852 	 5494.243513235478
1.142021997892185 	 5471.893074371807
1.143021997892185 	 5449.831585553311
1.1440219978921848 	 5428.05336667378
1.1450219978921847 	 5406.552898943883
1.1460219978921846 	 5385.324818593133
1.1470219978921845 	 5364.363910868342
1.1480219978921844 	 5343.6651043120555
1.1490219978921843 	 5323.223465305593
1.1500219978921842 	 5303.034192862152
1.151021997892184 	 5283.092613656505
1.152021997892184 	 5263.3941772784665
1.1530219978921838 	 5243.934451698248
1.1540219978921837 	 5224.709118932491
1.1550219978921836 	 5205.713970900348
1.1560219978921835 	 5186.94490545979
1.1570219978921834 	 5168.397922614799
1.1580219978921833 	 5150.069120884586
1.1590219978921832 	 5131.954693826727
1.160021997892183 	 5114.0509267062735
1.161021997892183 	 5096.354193303628
1.1620219978921829 	 5078.860952854194
1.1630219978921827 	 5061.567747113328
1.1640219978921826 	 5044.471197540446
1.1650219978921825 	 5027.568002596359
1.1660219978921824 	 5010.854935148583
1.1670219978921823 	 4994.328839979195
1.1680219978921822 	 4977.986631390521
1.169021997892182 	 4961.825290903901
1.170021997892182 	 4945.841865047232
1.1710219978921819 	 4930.033463227122
1.1720219978921818 	 4914.397255681699
1.1730219978921816 	 4898.930471510386
1.1740219978921815 	 4883.630396777158
1.1750219978921814 	 4868.494372683843
1.1760219978921813 	 4853.519793810431
1.1770219978921812 	 4838.704106419284
1.178021997892181 	 4824.044806820474
1.179021997892181 	 4809.539439795496
1.1800219978921809 	 4795.185597076832
1.1810219978921808 	 4780.980915880925
1.1820219978921807 	 4766.923077492207
1.1830219978921805 	 4753.009805896062
1.1840219978921804 	 4739.238866458544
1.1850219978921803 	 4725.608064650947
1.1860219978921802 	 4712.115244817282
1.18702199789218 	 4698.7582889828755
1.18802199789218 	 4685.535115702403
1.1890219978921799 	 4672.443678945696
1.1900219978921798 	 4659.481967019788
1.1910219978921797 	 4646.648001525716
1.1920219978921796 	 4633.939836348688
1.1930219978921794 	 4621.355556680257
1.1940219978921793 	 4608.8932780712075
1.1950219978921792 	 4596.551145513994
1.1960219978921791 	 4584.327332553477
1.197021997892179 	 4572.22004042498
1.198021997892179 	 4560.227497218441
1.1990219978921788 	 4548.347957067817
1.2000219978921787 	 4536.579699364649
1.2010219978921786 	 4524.921027994956
1.2020219978921785 	 4513.370270598514
1.2030219978921783 	 4501.925777849727
1.2040219978921782 	 4490.585922759283
1.2050219978921781 	 4479.349099995792
1.206021997892178 	 4468.21372522674
1.207021997892178 	 4457.178234477985
1.2080219978921778 	 4446.241083511204
1.2090219978921777 	 4435.400747218589
1.2100219978921776 	 4424.655719034239
1.2110219978921775 	 4414.004510361593
1.2120219978921773 	 4403.445650016449
1.2130219978921772 	 4392.977683684926
1.2140219978921771 	 4382.5991733959445
1.215021997892177 	 4372.30869700771
1.216021997892177 	 4362.104847707705
1.2170219978921768 	 4351.98623352581
1.2180219978921767 	 4341.95147686007
1.2190219978921766 	 4331.9992140147215
1.2200219978921765 	 4322.128094750125
1.2210219978921764 	 4312.336781844159
1.2220219978921762 	 4302.623950664803
1.2230219978921761 	 4292.988288753512
1.224021997892176 	 4283.428495419089
1.225021997892176 	 4273.943281341751
1.2260219978921758 	 4264.531368187072
1.2270219978921757 	 4255.191488229539
1.2280219978921756 	 4245.922383985456
1.2290219978921755 	 4236.722807854944
1.2300219978921754 	 4227.59152177276
1.2310219978921753 	 4218.527296867761
1.2320219978921751 	 4209.528913130755
1.233021997892175 	 4200.595159090538
1.234021997892175 	 4191.724831497913
1.2350219978921748 	 4182.916735017527
1.2360219978921747 	 4174.169681927309
1.2370219978921746 	 4165.482491825389
1.2380219978921745 	 4156.853991344281
1.2390219978921744 	 4148.283013872234
1.2400219978921743 	 4139.76839928156
1.2410219978921742 	 4131.308993663834
1.242021997892174 	 4122.903649071854
1.243021997892174 	 4114.551223268175
1.2440219978921738 	 4106.250579480199
1.2450219978921737 	 4098.000586161631
1.2460219978921736 	 4089.800116760263
1.2470219978921735 	 4081.6480494919583
1.2480219978921734 	 4073.543267120778
1.2490219978921733 	 4065.484656745175
1.2500219978921732 	 4057.4711095901243
1.251021997892173 	 4049.5015208052264
1.252021997892173 	 4041.574789268641
1.2530219978921728 	 4033.6898173968125
1.2540219978921727 	 4025.8455109600022
1.2550219978921726 	 4018.0407789034703
1.2560219978921725 	 4010.274533174389
1.2570219978921724 	 4002.5456885543736
1.2580219978921723 	 3994.8531624976345
1.2590219978921722 	 3987.1958749747305
1.260021997892172 	 3979.572748321897
1.261021997892172 	 3971.9827070959313
1.2620219978921718 	 3964.4246779346677
1.2630219978921717 	 3956.897589422931
1.2640219978921716 	 3949.400371964132
1.2650219978921715 	 3941.9319576573434
1.2660219978921714 	 3934.491280179983
1.2670219978921713 	 3927.0772746760567
1.2680219978921712 	 3919.6888776499745
1.269021997892171 	 3912.325026866009
1.270021997892171 	 3904.984661253358
1.2710219978921709 	 3897.666720816855
1.2720219978921707 	 3890.370146553412
1.2730219978921706 	 3883.0938803741155
1.2740219978921705 	 3875.8368650321204
1.2750219978921704 	 3868.598044056307
1.2760219978921703 	 3861.3763616907872
1.2770219978921702 	 3854.170762840256
1.27802199789217 	 3846.980193021283
1.27902199789217 	 3839.8035983195673
1.2800219978921699 	 3832.639925353179
1.2810219978921698 	 3825.488121241909
1.2820219978921696 	 3818.3471335827026
1.2830219978921695 	 3811.2159104312655
1.2840219978921694 	 3804.0934002899553
1.2850219978921693 	 3796.9785521018825
1.2860219978921692 	 3789.8703152514277
1.287021997892169 	 3782.767639571127
1.288021997892169 	 3775.6694753550473
1.2890219978921689 	 3768.5747733786948
1.2900219978921688 	 3761.4824849255174
1.2910219978921686 	 3754.3915618200563
1.2920219978921685 	 3747.300956467839
1.2930219978921684 	 3740.2096219020464
1.2940219978921683 	 3733.116511837039
1.2950219978921682 	 3726.020580728789
1.296021997892168 	 3718.920783842295
1.297021997892168 	 3711.816077326016
1.2980219978921679 	 3704.7054182934453
1.2990219978921678 	 3697.5877649117983
1.3000219978921677 	 3690.4620764979286
1.3010219978921675 	 3683.3273136215353
1.3020219978921674 	 3676.1824382156897
1.3030219978921673 	 3669.0264136947226
1.3040219978921672 	 3661.858205079558
1.305021997892167 	 3654.6767791305388
1.306021997892167 	 3647.4811044877342
1.3070219978921669 	 3640.2701518188674
1.3080219978921668 	 3633.04289397478
1.3090219978921667 	 3625.7983061525924
1.3100219978921666 	 3618.535366066493
1.3110219978921664 	 3611.2530541262363
1.3120219978921663 	 3603.9503536233547
1.3130219978921662 	 3596.626250925105
1.3140219978921661 	 3589.2797356761453
1.315021997892166 	 3581.90980100799
1.316021997892166 	 3574.5154437561837
1.3170219978921658 	 3567.095664685258
1.3180219978921657 	 3559.64946872139
1.3190219978921656 	 3552.1758651928176
1.3200219978921655 	 3544.6738680779035
1.3210219978921653 	 3537.1424962609085
1.3220219978921652 	 3529.5807737953583
1.3230219978921651 	 3521.9877301750016
1.324021997892165 	 3514.3624006122914
1.325021997892165 	 3506.703826324308
1.3260219978921648 	 3499.011054826105
1.3270219978921647 	 3491.283140231338
1.3280219978921646 	 3483.519143560117
1.3290219978921645 	 3475.7181330539843
1.3300219978921644 	 3467.8791844979078
1.3310219978921642 	 3460.001381549164
1.3320219978921641 	 3452.0838160729745
1.333021997892164 	 3444.12558848479
1.334021997892164 	 3436.1258080990574
1.3350219978921638 	 3428.0835934842517
1.3360219978921637 	 3419.9980728241258
1.3370219978921636 	 3411.8683842848573
1.3380219978921635 	 3403.6936763880094
1.3390219978921634 	 3395.4731083890315
1.3400219978921633 	 3387.2058506611033
1.3410219978921631 	 3378.8910850840966
1.342021997892163 	 3370.5280054384107
1.343021997892163 	 3362.1158178034193
1.3440219978921628 	 3353.6537409602824
1.3450219978921627 	 3345.1410067988018
1.3460219978921626 	 3336.576860728095
1.3470219978921625 	 3327.9605620907164
1.3480219978921624 	 3319.291384579953
1.3490219978921623 	 3310.5686166599558
1.3500219978921622 	 3301.791561988345
1.351021997892162 	 3292.9595398409756
1.352021997892162 	 3284.0718855384603
1.3530219978921618 	 3275.127950874099
1.3540219978921617 	 3266.1271045428066
1.3550219978921616 	 3257.068732570644
1.3560219978921615 	 3247.952238744546
1.3570219978921614 	 3238.7770450418166
1.3580219978921613 	 3229.54259205896
1.3590219978921612 	 3220.248339439396
1.360021997892161 	 3210.893766299597
1.361021997892161 	 3201.478371653213
1.3620219978921608 	 3192.0016748326657
1.3630219978921607 	 3182.463215907768
1.3640219978921606 	 3172.8625561008266
1.3650219978921605 	 3163.1992781977997
1.3660219978921604 	 3153.4729869549005
1.3670219978921603 	 3143.683309500247
1.3680219978921602 	 3133.8298957299253
1.36902199789216 	 3123.912418698018
1.37002199789216 	 3113.9305750000276
1.3710219978921598 	 3103.8840851491673
1.3720219978921597 	 3093.7726939449644
1.3730219978921596 	 3083.596170833666
1.3740219978921595 	 3073.354310259851
1.3750219978921594 	 3063.046932008758
1.3760219978921593 	 3052.6738815387357
1.3770219978921592 	 3042.2350303032817
1.378021997892159 	 3031.73027606215
1.379021997892159 	 3021.159543180935
1.3800219978921588 	 3010.5227829186406
1.3810219978921587 	 2999.819973702672
1.3820219978921586 	 2989.051121390712
1.3830219978921585 	 2978.216259518998
1.3840219978921584 	 2967.3154495364306
1.3850219978921583 	 2956.348781024043
1.3860219978921582 	 2945.316371899331
1.387021997892158 	 2934.218368604914
1.388021997892158 	 2923.0549462811155
1.3890219978921579 	 2911.8263089219454
1.3900219978921577 	 2900.5326895140547
1.3910219978921576 	 2889.17435015822
1.3920219978921575 	 2877.7515821729544
1.3930219978921574 	 2866.264706179811
1.3940219978921573 	 2854.714072170024
1.3950219978921572 	 2843.1000595521004
1.396021997892157 	 2831.4230771800167
1.397021997892157 	 2819.6835633617147
1.3980219978921569 	 2807.881985847554
1.3990219978921568 	 2796.0188417984714
1.4000219978921566 	 2784.094657733583
1.4010219978921565 	 2772.1099894569847
1.4020219978921564 	 2760.06542196353
1.4030219978921563 	 2747.9615693234514
1.4040219978921562 	 2735.7990745455986
1.405021997892156 	 2723.5786094192354
1.406021997892156 	 2711.300874334222
1.4070219978921559 	 2698.9665980795926
1.4080219978921558 	 2686.5765376203904
1.4090219978921557 	 2674.131477852836
1.4100219978921555 	 2661.6322313377723
1.4110219978921554 	 2649.079638012497
1.4120219978921553 	 2636.4745648809835
1.4130219978921552 	 2623.8179056826893
1.414021997892155 	 2611.110580539999
1.415021997892155 	 2598.3535355845424
1.4160219978921549 	 2585.547742562556
1.4170219978921548 	 2572.6941984195114
1.4180219978921547 	 2559.793924864315
1.4190219978921546 	 2546.847967913324
1.4200219978921544 	 2533.857397414536
1.4210219978921543 	 2520.8233065522986
1.4220219978921542 	 2507.746811332918
1.4230219978921541 	 2494.6290500515943
1.424021997892154 	 2481.4711827411165
1.425021997892154 	 2468.2743906027813
1.4260219978921538 	 2455.0398754200714
1.4270219978921537 	 2441.7688589555655
1.4280219978921536 	 2428.462582331683
1.4290219978921535 	 2415.122305395802
1.4300219978921533 	 2401.749306070396
1.4310219978921532 	 2388.344879688761
1.4320219978921531 	 2374.910338317033
1.433021997892153 	 2361.447010063122
1.434021997892153 	 2347.95623837329
1.4350219978921528 	 2334.4393813170605
1.4360219978921527 	 2320.897810861167
1.4370219978921526 	 2307.3329121333354
1.4380219978921525 	 2293.7460826766055
1.4390219978921523 	 2280.138731694989
1.4400219978921522 	 2266.5122792912416
1.4410219978921521 	 2252.8681556975434
1.442021997892152 	 2239.2078004999025
1.443021997892152 	 2225.532661857056
1.4440219978921518 	 2211.84419571475
1.4450219978921517 	 2198.1438650161576
1.4460219978921516 	 2184.4331389093018
1.4470219978921515 	 2170.7134919523005
1.4480219978921514 	 2156.9864033172644
1.4490219978921512 	 2143.253355993672
1.4500219978921511 	 2129.5158359920556
1.451021997892151 	 2115.7753315488108
1.452021997892151 	 2102.033332332966
1.4530219978921508 	 2088.2913286556927
1.4540219978921507 	 2074.5508106833863
1.4550219978921506 	 2060.8132676550945
1.4560219978921505 	 2047.0801871050842
1.4570219978921504 	 2033.3530540913016
1.4580219978921503 	 2019.6333504304982
1.4590219978921501 	 2005.9225539407685
1.46002199789215 	 1992.2221376921811
1.46102199789215 	 1978.533569266284
1.4620219978921498 	 1964.8583100251085
1.4630219978921497 	 1951.1978143903689
1.4640219978921496 	 1937.5535291335268
1.4650219978921495 	 1923.9268926773027
1.4660219978921494 	 1910.3193344093045
1.4670219978921493 	 1896.7322740082927
1.4680219978921492 	 1883.1671207836932
1.469021997892149 	 1869.6252730288797
1.470021997892149 	 1856.108117388711
1.4710219978921488 	 1842.6170282418673
1.4720219978921487 	 1829.1533670983813
1.4730219978921486 	 1815.718482012854
1.4740219978921485 	 1802.3137070137175
1.4750219978921484 	 1788.9403615489657
1.4760219978921483 	 1775.5997499486652
1.4770219978921482 	 1762.2931609046223
1.478021997892148 	 1749.0218669674396
1.479021997892148 	 1735.7871240613013
1.4800219978921478 	 1722.5901710166718
1.4810219978921477 	 1709.432229121166
1.4820219978921476 	 1696.31450168875
1.4830219978921475 	 1683.2381736474354
1.4840219978921474 	 1670.2044111456373
1.4850219978921473 	 1657.2143611772435
1.4860219978921472 	 1644.2691512255071
1.487021997892147 	 1631.3698889258317
1.488021997892147 	 1618.5176617474492
1.4890219978921468 	 1605.7135366939876
1.4900219978921467 	 1592.9585600229598
1.4910219978921466 	 1580.2537569840429
1.4920219978921465 	 1567.6001315761687
1.4930219978921464 	 1554.9986663232633
1.4940219978921463 	 1542.4503220685594
1.4950219978921462 	 1529.9560377873372
1.496021997892146 	 1517.5167304179156
1.497021997892146 	 1505.1332947107674
1.4980219978921459 	 1492.8066030954956
1.4990219978921457 	 1480.5375055655147
1.5000219978921456 	 1468.3268295801693
1.5010219978921455 	 1456.1753799840565
1.5020219978921454 	 1444.0839389432758
1.5030219978921453 	 1432.053265898333
1.5040219978921452 	 1420.0840975334072
1.505021997892145 	 1408.1771477616585
1.506021997892145 	 1396.333107726263
1.5070219978921449 	 1384.5526458168429
1.5080219978921447 	 1372.8364077009471
1.5090219978921446 	 1361.1850163702218
1.5100219978921445 	 1349.5990722009105
1.5110219978921444 	 1338.0791530283125
1.5120219978921443 	 1326.6258142348274
1.5130219978921442 	 1315.2395888511705
1.514021997892144 	 1303.9209876703999
1.515021997892144 	 1292.6704993743435
1.5160219978921439 	 1281.4885906720092
1.5170219978921438 	 1270.3757064495944
1.5180219978921436 	 1259.3322699316757
1.5190219978921435 	 1248.3586828531572
1.5200219978921434 	 1237.4553256415772
1.5210219978921433 	 1226.622557609362
1.5220219978921432 	 1215.8607171555882
1.523021997892143 	 1205.1701219768713
1.524021997892143 	 1194.5510692869425
1.5250219978921429 	 1184.003836044512
1.5260219978921428 	 1173.5286791890076
1.5270219978921427 	 1163.1258358837879
1.5280219978921425 	 1152.7955237664123
1.5290219978921424 	 1142.5379412055784
1.5300219978921423 	 1132.3532675643344
1.5310219978921422 	 1122.2416634691622
1.532021997892142 	 1112.2032710845529
1.533021997892142 	 1102.2382143926982
1.5340219978921419 	 1092.3465994779172
1.5350219978921418 	 1082.528514815437
1.5360219978921417 	 1072.7840315642036
1.5370219978921416 	 1063.113203863317
1.5380219978921414 	 1053.5160691317783
1.5390219978921413 	 1043.992648371195
1.5400219978921412 	 1034.5429464711115
1.5410219978921411 	 1025.1669525166367
1.542021997892141 	 1015.8646400980516
1.543021997892141 	 1006.6359676220903
1.5440219978921408 	 997.4808786245904
1.5450219978921407 	 988.3993020842091
1.5460219978921406 	 979.3911527369435
1.5470219978921405 	 970.4563313911488
1.5480219978921403 	 961.594725242814
1.5490219978921402 	 952.8062081908092
1.5500219978921401 	 944.0906411518783
1.55102199789214 	 935.4478723751196
1.55202199789214 	 926.8777377557204
1.5530219978921398 	 918.3800611477284
1.5540219978921397 	 909.9546546756419
1.5550219978921396 	 901.6013190446066
1.5560219978921395 	 893.3198438490173
1.5570219978921394 	 885.1100078793502
1.5580219978921392 	 876.9715794270209
1.5590219978921391 	 868.9043165871108
1.560021997892139 	 860.907967558789
1.561021997892139 	 852.9822709432746
1.5620219978921388 	 845.1269560391842
1.5630219978921387 	 837.3417431351345
1.5640219978921386 	 829.6263437994514
1.5650219978921385 	 821.9804611668671
1.5660219978921384 	 814.403790222089
1.5670219978921383 	 806.896018080119
1.5680219978921381 	 799.4568242632316
1.569021997892138 	 792.0858809745007
1.570021997892138 	 784.7828533677844
1.5710219978921378 	 777.5473998141047
1.5720219978921377 	 770.3791721643146
1.5730219978921376 	 763.2778160079976
1.5740219978921375 	 756.2429709285412
1.5750219978921374 	 749.274270754305
1.5760219978921373 	 742.3713438058523
1.5770219978921372 	 735.5338131391818
1.578021997892137 	 728.7612967849218
1.579021997892137 	 722.0534079834541
1.5800219978921368 	 715.4097554159375
1.5810219978921367 	 708.8299434311839
1.5820219978921366 	 702.3135722684015
1.5830219978921365 	 695.8602382757532
1.5840219978921364 	 689.4695341247353
1.5850219978921363 	 683.1410490203643
1.5860219978921362 	 676.874368907167
1.587021997892136 	 670.6690766709726
1.588021997892136 	 664.5247523365107
1.5890219978921358 	 658.4409732608217
1.5900219978921357 	 652.4173143224882
1.5910219978921356 	 646.4533481067072
1.5920219978921355 	 640.5486450862087
1.5930219978921354 	 634.7027737980508
1.5940219978921353 	 628.9153010163085
1.5950219978921352 	 623.1857919206822
1.596021997892135 	 617.5138102610504
1.597021997892135 	 611.8989185180051
1.5980219978921348 	 606.3406780593925
1.5990219978921347 	 600.8386492929011
1.6000219978921346 	 595.3923918147259
1.6010219978921345 	 590.0014645543537
1.6020219978921344 	 584.6654259155079
1.6030219978921343 	 579.3838339132928
1.6040219978921342 	 574.1562463075808
1.605021997892134 	 568.9822207326878
1.606021997892134 	 563.8613148233865
1.6070219978921338 	 558.793086337292
1.6080219978921337 	 553.7770932736887
1.6090219978921336 	 548.8128939888265
1.6100219978921335 	 543.9000473077507
1.6110219978921334 	 539.0381126327081
1.6120219978921333 	 534.2266500481921
1.6130219978921332 	 529.4652204226596
1.614021997892133 	 524.7533855069966
1.615021997892133 	 520.0907080297668
1.6160219978921329 	 515.4767517893065
1.6170219978921327 	 510.9110817427165
1.6180219978921326 	 506.39326409180967
1.6190219978921325 	 501.9228663660596
1.6200219978921324 	 497.49945750261776
1.6210219978921323 	 493.1226079234427
1.6220219978921322 	 488.7918896096037
1.623021997892132 	 484.50687617280875
1.624021997892132 	 480.2671429242159
1.6250219978921319 	 476.07226694057874
1.6260219978921318 	 471.921827127784
1.6270219978921316 	 467.81540428183104
1.6280219978921315 	 463.7525811473146
1.6290219978921314 	 459.7329424734554
1.6300219978921313 	 455.75607506773883
1.6310219978921312 	 451.8215678472134
1.632021997892131 	 447.9290118874971
1.633021997892131 	 444.07800046955214
1.6340219978921309 	 440.26812912427204
1.6350219978921308 	 436.49899567493395
1.6360219978921307 	 432.77020027757334
1.6370219978921305 	 429.08134545932205
1.6380219978921304 	 425.4320361547638
1.6390219978921303 	 421.82187974035867
1.6400219978921302 	 418.2504860669791
1.64102199789213 	 414.7174674906114
1.64202199789213 	 411.22243890126407
1.6430219978921299 	 407.7650177501366
1.6440219978921298 	 404.34482407508625
1.6450219978921297 	 400.96148052444653
1.6460219978921296 	 397.6146123792335
1.6470219978921294 	 394.303847573793
1.6480219978921293 	 391.02881671492634
1.6490219978921292 	 387.789153099535
1.650021997892129 	 384.5844927308324
1.651021997892129 	 381.41447433316023
1.652021997892129 	 378.2787393654491
1.6530219978921288 	 375.1769320333665
1.6540219978921287 	 372.1086993001877
1.6550219978921286 	 369.07369089642856
1.6560219978921285 	 366.0715593282809
1.6570219978921283 	 363.10195988488437
1.6580219978921282 	 360.1645506444692
1.6590219978921281 	 357.25899247941277
1.660021997892128 	 354.384949060234
1.661021997892128 	 351.54208685856946
1.6620219978921278 	 348.7300751491609
1.6630219978921277 	 345.948586010883
1.6640219978921276 	 343.19729432685006
1.6650219978921275 	 340.47587778362873
1.6660219978921273 	 337.7840168695888
1.6670219978921272 	 335.12139487242155
1.6680219978921271 	 332.4876978758547
1.669021997892127 	 329.8826147555918
1.670021997892127 	 327.30583717451043
1.6710219978921268 	 324.7570595771343
1.6720219978921267 	 322.2359791834177
1.6730219978921266 	 319.74229598186287
1.6740219978921265 	 317.2757127219951
1.6750219978921264 	 314.83593490622343
1.6760219978921262 	 312.42267078110905
1.6770219978921261 	 310.03563132806556
1.678021997892126 	 307.67453025351404
1.679021997892126 	 305.339083978516
1.6800219978921258 	 303.029011627905
1.6810219978921257 	 300.74403501893977
1.6820219978921256 	 298.4838786494974
1.6830219978921255 	 296.2482696858303
1.6840219978921254 	 294.036937949902
1.6850219978921253 	 291.84961590632525
1.6860219978921251 	 289.68603864891975
1.687021997892125 	 287.54594388690475
1.688021997892125 	 285.429071930749
1.6890219978921248 	 283.33516567769226
1.6900219978921247 	 281.2639705969553
1.6910219978921246 	 279.21523471465497
1.6920219978921245 	 277.18870859844145
1.6930219978921244 	 275.1841453418676
1.6940219978921243 	 273.2013005485168
1.6950219978921242 	 271.2399323158873
1.696021997892124 	 269.2998012190628
1.697021997892124 	 267.38067029417175
1.6980219978921238 	 265.4823050216567
1.6990219978921237 	 263.60447330935835
1.7000219978921236 	 261.7469454754346
1.7010219978921235 	 259.90949423111994
1.7020219978921234 	 258.0918946633433
1.7030219978921233 	 256.29392421720684
1.7040219978921232 	 254.51536267834834
1.705021997892123 	 252.75599215518523
1.706021997892123 	 251.01559706106093
1.7070219978921228 	 249.2939640962967
1.7080219978921227 	 247.590882230161
1.7090219978921226 	 245.90614268276585
1.7100219978921225 	 244.23953890689862
1.7110219978921224 	 242.5908665697988
1.7120219978921223 	 240.9599235348841
1.7130219978921222 	 239.3465098434409
1.714021997892122 	 237.75042769628115
1.715021997892122 	 236.17148143537412
1.7160219978921218 	 234.60947752546275
1.7170219978921217 	 233.06422453566975
1.7180219978921216 	 231.53553312109787
1.7190219978921215 	 230.02321600443753
1.7200219978921214 	 228.5270879575797
1.7210219978921213 	 227.04696578324635
1.7220219978921212 	 225.58266829664137
1.723021997892121 	 224.13401630712798
1.724021997892121 	 222.70083259993766
1.7250219978921209 	 221.28294191791716
1.7260219978921207 	 219.88017094331653
1.7270219978921206 	 218.49234827962377
1.7280219978921205 	 217.11930443345102
1.7290219978921204 	 215.76087179647624
1.7300219978921203 	 214.41688462744412
1.7310219978921202 	 213.08717903423042
1.73202199789212 	 211.7715929559745
1.73302199789212 	 210.46996614528214
1.7340219978921199 	 209.18214015050248
1.7350219978921197 	 207.90795829808462
1.7360219978921196 	 206.6472656750119
1.7370219978921195 	 205.3999091113231
1.7380219978921194 	 204.1657371627191
1.7390219978921193 	 202.944600093259
1.7400219978921192 	 201.73634985814817
1.741021997892119 	 200.5408400866221
1.742021997892119 	 199.35792606492453
1.7430219978921189 	 198.1874647193883
1.7440219978921188 	 197.02931459961323
1.7450219978921186 	 195.88333586175037
1.7460219978921185 	 194.74939025188982
1.7470219978921184 	 193.62734108955493
1.7480219978921183 	 192.51705325130544
1.7490219978921182 	 191.41839315445043
1.750021997892118 	 190.33122874087252
1.751021997892118 	 189.2554294609645
1.7520219978921179 	 188.19086625767943
1.7530219978921178 	 187.13741155069727
1.7540219978921177 	 186.09493922070635
1.7550219978921175 	 185.06332459380195
1.7560219978921174 	 184.04244442600316
1.7570219978921173 	 183.03217688788996
1.7580219978921172 	 182.03240154935617
1.759021997892117 	 181.0429993644875
1.760021997892117 	 180.06385265655678
1.7610219978921169 	 179.09484510314226
1.7620219978921168 	 178.1358617213676
1.7630219978921167 	 177.18678885326358
1.7640219978921166 	 176.24751415125414
1.7650219978921164 	 175.31792656376268
1.7660219978921163 	 174.39791632094517
1.7670219978921162 	 173.48737492054298
1.7680219978921161 	 172.58619511386172
1.769021997892116 	 171.69427089187303
1.770021997892116 	 170.81149747144013
1.7710219978921158 	 169.93777128166613
1.7720219978921157 	 169.07298995036768
1.7730219978921156 	 168.21705229067067
1.7740219978921155 	 167.36985828772995
1.7750219978921153 	 166.53130908557165
1.7760219978921152 	 165.70130697405963
1.7770219978921151 	 164.8797553759834
1.778021997892115 	 164.0665588342696
1.779021997892115 	 163.26162299931403
1.7800219978921148 	 162.46485461643755
1.7810219978921147 	 161.67616151346166
1.7820219978921146 	 160.89545258840582
1.7830219978921145 	 160.1226377973047
1.7840219978921144 	 159.35762814214706
1.7850219978921142 	 158.60033565893164
1.7860219978921141 	 157.8506734058447
1.787021997892114 	 157.1085554515542
1.788021997892114 	 156.37389686362306
1.7890219978921138 	 155.64661369703933
1.7900219978921137 	 154.92662298286328
1.7910219978921136 	 154.21384271699083
1.7920219978921135 	 153.5081918490312
1.7930219978921134 	 152.80959027130206
1.7940219978921133 	 152.11795880793585
1.7950219978921131 	 151.43321920410247
1.796021997892113 	 150.75529411534254
1.797021997892113 	 150.08410709701323
1.7980219978921128 	 149.41958259384694
1.7990219978921127 	 148.761645929619
1.8000219978921126 	 148.11022329692523
1.8010219978921125 	 147.4652417470701
1.8020219978921124 	 146.8266291800621
1.8030219978921123 	 146.19431433471632
1.8040219978921122 	 145.568226778865
1.805021997892112 	 144.94829689967358
1.806021997892112 	 144.33445589406165
1.8070219978921118 	 143.72663575922857
1.8080219978921117 	 143.12476928328246
1.8090219978921116 	 142.5287900359728
1.8100219978921115 	 141.93863235952333
1.8110219978921114 	 141.354231359568
1.8120219978921113 	 140.77552289618575
1.8130219978921112 	 140.2024435750353
1.814021997892111 	 139.6349307385885
1.815021997892111 	 139.0729224574613
1.8160219978921108 	 138.51635752184265
1.8170219978921107 	 137.96517543301724
1.8180219978921106 	 137.41931639498597
1.8190219978921105 	 136.87872130617944
1.8200219978921104 	 136.34333175126494
1.8210219978921103 	 135.81308999304702
1.8220219978921102 	 135.28793896445876
1.82302199789211 	 134.76782226064543
1.82402199789211 	 134.25268413113656
1.8250219978921098 	 133.74246947210952
1.8260219978921097 	 133.23712381873892
1.8270219978921096 	 132.7365933376365
1.8280219978921095 	 132.24082481937535
1.8290219978921094 	 131.74976567110176
1.8300219978921093 	 131.26336390923134
1.8310219978921092 	 130.78156815222965
1.832021997892109 	 130.3043276134761
1.833021997892109 	 129.83159209421112
1.8340219978921088 	 129.3633119765643
1.8350219978921087 	 128.89943821666418
1.8360219978921086 	 128.43992233782745
1.8370219978921085 	 127.98471642382856
1.8380219978921084 	 127.53377311224698
1.8390219978921083 	 127.08704558789238
1.8400219978921082 	 126.64448757630718
1.841021997892108 	 126.2060533373445
1.842021997892108 	 125.77169765882235
1.8430219978921079 	 125.34137585025155
1.8440219978921077 	 124.91504373663788
1.8450219978921076 	 124.49265765235722
1.8460219978921075 	 124.0741744351024
1.8470219978921074 	 123.65955141990214
1.8480219978921073 	 123.2487464332108
1.8490219978921072 	 122.841717787067
1.850021997892107 	 122.43842427332214
1.851021997892107 	 122.0388251579379
1.8520219978921069 	 121.64288017534989
1.8530219978921068 	 121.25054952289997
1.8540219978921066 	 120.86179385533332
1.8550219978921065 	 120.47657427936196
1.8560219978921064 	 120.09485234829204
1.8570219978921063 	 119.71659005671653
1.8580219978921062 	 119.34174983527033
1.859021997892106 	 118.97029454544759
1.860021997892106 	 118.60218747448206
1.8610219978921059 	 118.23739233028772
1.8620219978921058 	 117.875873236461
1.8630219978921057 	 117.51759472734119
1.8640219978921055 	 117.16252174313179
1.8650219978921054 	 116.81061962507955
1.8660219978921053 	 116.46185411071079
1.8670219978921052 	 116.11619132912635
1.868021997892105 	 115.77359779635175
1.869021997892105 	 115.43404041074388
1.8700219978921049 	 115.09748644845274
1.8710219978921048 	 114.76390355893795
1.8720219978921047 	 114.43325976053875
1.8730219978921046 	 114.10552343609827
1.8740219978921044 	 113.78066332863973
1.8750219978921043 	 113.45864853709486
1.8760219978921042 	 113.13944851208437
1.877021997892104 	 112.8230330517488
1.878021997892104 	 112.5093722976299
1.879021997892104 	 112.19843673060153
1.8800219978921038 	 111.8901971668503
1.8810219978921037 	 111.58462475390434
1.8820219978921036 	 111.2816909667097
1.8830219978921034 	 110.98136760375525
1.8840219978921033 	 110.68362678324341
1.8850219978921032 	 110.38844093930778
1.8860219978921031 	 110.09578281827642
1.887021997892103 	 109.80562547498057
1.888021997892103 	 109.51794226910738
1.8890219978921028 	 109.2327068615975
1.8900219978921027 	 108.94989321108683
1.8910219978921026 	 108.66947557038927
1.8920219978921025 	 108.39142848302463
1.8930219978921023 	 108.11572677978708
1.8940219978921022 	 107.84234557535574
1.8950219978921021 	 107.57126026494582
1.896021997892102 	 107.30244652100154
1.897021997892102 	 107.03588028992758
1.8980219978921018 	 106.7715377888616
1.8990219978921017 	 106.50939550248499
1.9000219978921016 	 106.24943017987292
1.9010219978921015 	 105.99161883138203
1.9020219978921014 	 105.73593872557615
1.9030219978921012 	 105.48236738618957
1.9040219978921011 	 105.23088258912705
1.905021997892101 	 104.9814623594994
1.906021997892101 	 104.73408496869662
1.9070219978921008 	 104.48872893149509
1.9080219978921007 	 104.24537300320056
1.9090219978921006 	 104.00399617682608
1.9100219978921005 	 103.76457768030286
1.9110219978921004 	 103.5270969737271
1.9120219978921003 	 103.29153374663811
1.9130219978921001 	 103.05786791533079
1.9140219978921 	 102.82607962019999
1.9150219978921 	 102.59614922311764
1.9160219978920998 	 102.36805730484117
1.9170219978920997 	 102.14178466245417
1.9180219978920996 	 101.91731230683654
1.9190219978920995 	 101.69462146016738
1.9200219978920994 	 101.47369355345613
1.9210219978920993 	 101.25451022410557
1.9220219978920992 	 101.03705331350243
1.923021997892099 	 100.82130486463872
1.924021997892099 	 100.60724711976106
1.9250219978920988 	 100.39486251804863
1.9260219978920987 	 100.18413369331996
1.9270219978920986 	 99.975043471766
1.9280219978920985 	 99.7675748697122
1.9290219978920984 	 99.56171109140637
1.9300219978920983 	 99.35743552683456
1.9310219978920982 	 99.15473174956257
1.932021997892098 	 98.95358351460331
1.933021997892098 	 98.75397475631105
1.9340219978920978 	 98.55588958629966
1.9350219978920977 	 98.35931229138782
1.9360219978920976 	 98.16422733156753
1.9370219978920975 	 97.97061933799729
1.9380219978920974 	 97.77847311102072
1.9390219978920973 	 97.58777361820809
1.9400219978920972 	 97.39850599242133
1.941021997892097 	 97.21065552990359
1.942021997892097 	 97.02420768839008
1.9430219978920968 	 96.83914808524356
1.9440219978920967 	 96.65546249561102
1.9450219978920966 	 96.47313685060286
1.9460219978920965 	 96.29215723549468
1.9470219978920964 	 96.11250988794961
1.9480219978920963 	 95.93418119626313
1.9490219978920962 	 95.75715769762824
1.950021997892096 	 95.58142607642182
1.951021997892096 	 95.40697316251216
1.9520219978920959 	 95.23378592958534
1.9530219978920957 	 95.06185149349349
1.9540219978920956 	 94.89115711062172
1.9550219978920955 	 94.72169017627525
1.9560219978920954 	 94.55343822308552
1.9570219978920953 	 94.38638891943586
1.9580219978920952 	 94.22053006790537
1.959021997892095 	 94.0558496037327
1.960021997892095 	 93.89233559329688
1.9610219978920949 	 93.72997623261729
1.9620219978920947 	 93.56875984587079
1.9630219978920946 	 93.40867488392767
1.9640219978920945 	 93.24970992290459
1.9650219978920944 	 93.09185366273432
1.9660219978920943 	 92.93509492575342
1.9670219978920942 	 92.77942265530665
1.968021997892094 	 92.6248259143674
1.969021997892094 	 92.47129388417551
1.9700219978920939 	 92.3188158628911
1.9710219978920938 	 92.16738126426365
1.9720219978920936 	 92.01697961631851
1.9730219978920935 	 91.86760056005754
1.9740219978920934 	 91.71923384817619
1.9750219978920933 	 91.5718693437955
1.9760219978920932 	 91.42549701920974
1.977021997892093 	 91.28010695464766
1.978021997892093 	 91.13568933705038
1.9790219978920929 	 90.992234458862
1.9800219978920928 	 90.8497327168356
1.9810219978920927 	 90.70817461085342
1.9820219978920925 	 90.56755074276086
1.9830219978920924 	 90.42785181521391
1.9840219978920923 	 90.28906863054111
1.9850219978920922 	 90.1511920896185
1.986021997892092 	 90.01421319075774
1.987021997892092 	 89.87812302860799
1.9880219978920919 	 89.74291279307012
1.9890219978920918 	 89.60857376822452
1.9900219978920917 	 89.47509733127087
1.9910219978920916 	 89.34247495148101
1.9920219978920914 	 89.21069818916372
1.9930219978920913 	 89.07975869464201
1.9940219978920912 	 88.94964820724306
1.9950219978920911 	 88.82035855429862
1.996021997892091 	 88.69188165015845
1.997021997892091 	 88.56420949521517
1.9980219978920908 	 88.43733417494018
1.9990219978920907 	 88.3112478589314
