0.0010219978922 	 0.0
0.0020219978922 	 1.7599813012665306e-11
0.0030219978922 	 2.6893692370594914e-11
0.0040219978922 	 3.591916796967993e-11
0.0050219978922 	 4.489234372068442e-11
0.0060219978922 	 5.3849698850796316e-11
0.0070219978922 	 6.280094944430547e-11
0.0080219978922 	 7.174944124233011e-11
0.009021997892200002 	 8.069653873411286e-11
0.010021997892200003 	 8.964287004722814e-11
0.011021997892200004 	 9.858875202637764e-11
0.012021997892200004 	 1.0753435638048015e-10
0.013021997892200005 	 1.1647978170675414e-10
0.014021997892200006 	 1.2542508738743663e-10
0.015021997892200007 	 1.3437031064818484e-10
0.016021997892200008 	 1.4331547563503127e-10
0.01702199789220001 	 1.5226059847776233e-10
0.01802199789220001 	 1.6120569023114586e-10
0.01902199789220001 	 1.7015075864456138e-10
0.02002199789220001 	 1.7909580926003985e-10
0.021021997892200012 	 1.8804084611240205e-10
0.022021997892200013 	 1.9698587218664853e-10
0.023021997892200014 	 2.0593088972333628e-10
0.024021997892200015 	 2.1487590042650326e-10
0.025021997892200016 	 2.2382090560777936e-10
0.026021997892200017 	 2.3276590628789969e-10
0.027021997892200018 	 2.417109032692792e-10
0.02802199789220002 	 2.50655897188609e-10
0.02902199789220002 	 2.5960088855545453e-10
0.03002199789220002 	 2.685458777809119e-10
0.03102199789220002 	 2.7749086519911263e-10
0.03202199789220002 	 2.86435851083524e-10
0.03302199789220002 	 2.953808356594208e-10
0.03402199789220002 	 3.04325819113509e-10
0.03502199789220002 	 3.132708016014163e-10
0.03602199789220002 	 3.222157832535637e-10
0.03702199789220002 	 3.311607641798028e-10
0.038021997892200024 	 3.401057444731037e-10
0.039021997892200025 	 3.4905072421250593e-10
0.040021997892200026 	 3.579957034654942e-10
0.04102199789220003 	 3.6694068228992173e-10
0.04202199789220003 	 3.7588566073557717e-10
0.04302199789220003 	 3.848306388454658e-10
0.04402199789220003 	 3.937756166568643e-10
0.04502199789220003 	 4.027205942021911e-10
0.04602199789220003 	 4.116655715097297e-10
0.04702199789220003 	 4.2061054860423077e-10
0.04802199789220003 	 4.295555255074172e-10
0.049021997892200034 	 4.385005022384065e-10
0.050021997892200035 	 4.4744547881406916e-10
0.051021997892200036 	 4.5639045524933046e-10
0.052021997892200036 	 4.6533543155742696e-10
0.05302199789220004 	 4.742804077501254e-10
0.05402199789220004 	 4.832253838379105e-10
0.05502199789220004 	 4.921703598301433e-10
0.05602199789220004 	 5.011153357352008e-10
0.05702199789220004 	 5.100603115605938e-10
0.05802199789220004 	 5.190052873130696e-10
0.05902199789220004 	 5.279502629987012e-10
0.060021997892200044 	 5.368952386229649e-10
0.061021997892200044 	 5.458402141908069e-10
0.062021997892200045 	 5.547851897067027e-10
0.06302199789220005 	 5.637301651747088e-10
0.06402199789220005 	 5.726751405985069e-10
0.06502199789220005 	 5.816201159814447e-10
0.06602199789220005 	 5.9056509132657e-10
0.06702199789220005 	 5.995100666366616e-10
0.06802199789220005 	 6.084550419142572e-10
0.06902199789220005 	 6.174000171616766e-10
0.07002199789220005 	 6.263449923810444e-10
0.07102199789220005 	 6.352899675743075e-10
0.07202199789220005 	 6.442349427432532e-10
0.07302199789220006 	 6.531799178895239e-10
0.07402199789220006 	 6.621248930146306e-10
0.07502199789220006 	 6.71069868119965e-10
0.07602199789220006 	 6.800148432068106e-10
0.07702199789220006 	 6.889598182763523e-10
0.07802199789220006 	 6.979047933296845e-10
0.07902199789220006 	 7.068497683678201e-10
0.08002199789220006 	 7.157947433916969e-10
0.08102199789220006 	 7.247397184021839e-10
0.08202199789220006 	 7.336846934000874e-10
0.08302199789220006 	 7.426296683861564e-10
0.08402199789220006 	 7.515746433610863e-10
0.08502199789220007 	 7.605196183255248e-10
0.08602199789220007 	 7.694645932800749e-10
0.08702199789220007 	 7.78409568225298e-10
0.08802199789220007 	 7.873545431617177e-10
0.08902199789220007 	 7.962995180898232e-10
0.09002199789220007 	 8.052444930100712e-10
0.09102199789220007 	 8.141894679228885e-10
0.09202199789220007 	 8.231344428286741e-10
0.09302199789220007 	 8.320794177278027e-10
0.09402199789220007 	 8.410243926206241e-10
0.09502199789220007 	 8.499693675074665e-10
0.09602199789220008 	 8.589143423886386e-10
0.09702199789220008 	 8.67859317264429e-10
0.09802199789220008 	 8.768042921351099e-10
0.09902199789220008 	 8.857492670009366e-10
0.10002199789220008 	 8.946942418621489e-10
0.10102199789220008 	 9.036392167189733e-10
0.10202199789220008 	 9.12584191571623e-10
0.10302199789220008 	 9.215291664202982e-10
0.10402199789220008 	 9.304741412651885e-10
0.10502199789220008 	 9.394191161064717e-10
0.10602199789220008 	 9.48364090944317e-10
0.10702199789220009 	 9.573090657788838e-10
0.10802199789220009 	 9.662540406103214e-10
0.10902199789220009 	 9.751990154387725e-10
0.11002199789220009 	 9.841439902643715e-10
0.11102199789220009 	 9.930889650872462e-10
0.11202199789220009 	 1.0020339399075167e-09
0.11302199789220009 	 1.0109789147252972e-09
0.11402199789220009 	 1.019923889540696e-09
0.11502199789220009 	 1.0288688643538158e-09
0.1160219978922001 	 1.0378138391647537e-09
0.1170219978922001 	 1.0467588139736025e-09
0.1180219978922001 	 1.0557037887804497e-09
0.1190219978922001 	 1.0646487635853787e-09
0.1200219978922001 	 1.0735937383884689e-09
0.1210219978922001 	 1.0825387131897953e-09
0.1220219978922001 	 1.0914836879894301e-09
0.1230219978922001 	 1.1004286627874412e-09
0.1240219978922001 	 1.1093736375838935e-09
0.1250219978922001 	 1.1183186123788483e-09
0.1260219978922001 	 1.127263587172366e-09
0.1270219978922001 	 1.1362085619645016e-09
0.1280219978922001 	 1.145153536755309e-09
0.1290219978922001 	 1.154098511544839e-09
0.1300219978922001 	 1.1630434863331406e-09
0.1310219978922001 	 1.1719884611202604e-09
0.1320219978922001 	 1.1809334359062424e-09
0.1330219978922001 	 1.1898784106911294e-09
0.1340219978922001 	 1.1988233854749618e-09
0.1350219978922001 	 1.2077683602577788e-09
0.1360219978922001 	 1.216713335039617e-09
0.1370219978922001 	 1.2256583098205117e-09
0.1380219978922001 	 1.2346032846004975e-09
0.1390219978922001 	 1.243548259379606e-09
0.1400219978922001 	 1.2525095553151397e-09
0.1410219978922001 	 1.2619755824216686e-09
0.1420219978922001 	 1.2729478963076576e-09
0.1430219978922001 	 1.2864192369384337e-09
0.1440219978922001 	 1.3033460199481843e-09
0.1450219978922001 	 1.3246502992875246e-09
0.1460219978922001 	 1.351221619885677e-09
0.1470219978922001 	 1.3839187672083817e-09
0.1480219978922001 	 1.4235714201227294e-09
0.1490219978922001 	 1.470981713045084e-09
0.1500219978922001 	 1.5269257129453494e-09
0.1510219978922001 	 1.5921548164074581e-09
0.1520219978922001 	 1.6673970715998292e-09
0.1530219978922001 	 1.7533584296884166e-09
0.1540219978922001 	 1.8507239299270217e-09
0.15502199789220011 	 1.9601588223828593e-09
0.15602199789220011 	 2.082309631998375e-09
0.15702199789220012 	 2.217805167451447e-09
0.15802199789220012 	 2.3672574780540538e-09
0.15902199789220012 	 2.531262761722901e-09
0.16002199789220012 	 2.710402226863274e-09
0.16102199789220012 	 2.905242910828391e-09
0.16202199789220012 	 3.1163384574498226e-09
0.16302199789220012 	 3.3442298559791813e-09
0.16402199789220012 	 3.5894461436365466e-09
0.16502199789220012 	 3.852505073825864e-09
0.16602199789220012 	 4.133913751951751e-09
0.16702199789220012 	 4.434169240654379e-09
0.16802199789220013 	 4.753759136169258e-09
0.16902199789220013 	 5.093162117416332e-09
0.17002199789220013 	 5.452848469326672e-09
0.17102199789220013 	 5.833280581825663e-09
0.17202199789220013 	 6.234913425807534e-09
0.17302199789220013 	 6.658195007357876e-09
0.17402199789220013 	 7.103566801407242e-09
0.17502199789220013 	 7.571464165930207e-09
0.17602199789220013 	 8.062316737740077e-09
0.17702199789220013 	 8.576548810868849e-09
0.17802199789220013 	 9.114579698465839e-09
0.17902199789220014 	 9.676824079094995e-09
0.18002199789220014 	 1.0263692328261749e-08
0.18102199789220014 	 1.0875590835953094e-08
0.18202199789220014 	 1.1512922310930994e-08
0.18302199789220014 	 1.2176086072478499e-08
0.18402199789220014 	 1.2865478330258713e-08
0.18502199789220014 	 1.3581492452911062e-08
0.18602199789220014 	 1.4324519225974781e-08
0.18702199789220014 	 1.5094947099698117e-08
0.18802199789220014 	 1.589316242726096e-08
0.18902199789220014 	 1.6719549693910532e-08
0.19002199789220015 	 1.7574491737483725e-08
0.19102199789220015 	 1.8458369960763218e-08
0.19202199789220015 	 1.937156453609268e-08
0.19302199789220015 	 2.031445460265212e-08
0.19402199789220015 	 2.128741845677567e-08
0.19502199789220015 	 2.229083373567218e-08
0.19602199789220015 	 2.3325077594892425e-08
0.19702199789220015 	 2.4390526879867423e-08
0.19802199789220015 	 2.548755829182711e-08
0.19902199789220015 	 2.6616548548392474e-08
0.20002199789220015 	 2.7777874539119628e-08
0.20102199789220015 	 2.8971913476260105e-08
0.20202199789220016 	 3.019904304098939e-08
0.20302199789220016 	 3.145964152534241e-08
0.20402199789220016 	 3.2754087970083575e-08
0.20502199789220016 	 3.4082762298727535e-08
0.20602199789220016 	 3.544604544791732e-08
0.20702199789220016 	 3.6844319494354906e-08
0.20802199789220016 	 3.8277967778472234e-08
0.20902199789220016 	 3.974737502501947e-08
0.21002199789220016 	 4.125292746074165e-08
0.21102199789220016 	 4.27950129293041e-08
0.21202199789220016 	 4.46053462681695e-08
0.21302199789220017 	 4.634935267361236e-08
0.21402199789220017 	 4.8095697796906036e-08
0.21502199789220017 	 4.9863712729461733e-08
0.21602199789220017 	 5.16601513970818e-08
0.21702199789220017 	 5.348848514140407e-08
0.21802199789220017 	 5.5350881280374545e-08
0.21902199789220017 	 5.7248870797356354e-08
0.22002199789220017 	 5.9183632349201334e-08
0.22102199789220017 	 6.115613199310874e-08
0.22202199789220017 	 6.316719927545646e-08
0.22302199789220017 	 6.521757191453617e-08
0.22402199789220018 	 6.730792362417353e-08
0.22502199789220018 	 6.943888227345537e-08
0.22602199789220018 	 7.161104220680682e-08
0.22702199789220018 	 7.382497287864904e-08
0.22802199789220018 	 7.608122507589141e-08
0.22902199789220018 	 7.83803355118904e-08
0.23002199789220018 	 8.072283029113391e-08
0.23102199789220018 	 8.310922757238855e-08
0.23202199789220018 	 8.554003965115288e-08
0.23302199789220018 	 8.801577461369673e-08
0.23402199789220018 	 9.053693766987084e-08
0.23502199789220019 	 9.310403224151846e-08
0.23602199789220019 	 9.571756086249129e-08
0.2370219978922002 	 9.837802593169604e-08
0.2380219978922002 	 1.0108593035024592e-07
0.2390219978922002 	 1.038417780663092e-07
0.2400219978922002 	 1.0664607454578414e-07
0.2410219978922002 	 1.0949932718286655e-07
0.2420219978922002 	 1.12402045661548e-07
0.2430219978922002 	 1.1535474227676637e-07
0.2440219978922002 	 1.1835793222217747e-07
0.2450219978922002 	 1.2141213385014652e-07
0.2460219978922002 	 1.2451786890850025e-07
0.2470219978922002 	 1.2767566275774144e-07
0.2480219978922002 	 1.3088604457177111e-07
0.2490219978922002 	 1.3414954752463224e-07
0.2500219978922002 	 1.374667089653678e-07
0.2510219978922002 	 1.4083807058274334e-07
0.2520219978922002 	 1.4426417856130532e-07
0.2530219978922002 	 1.4774558373002064e-07
0.2540219978922002 	 1.512828417045534e-07
0.2550219978922002 	 1.5487651302408236e-07
0.2560219978922002 	 1.58527163283436e-07
0.2570219978922002 	 1.6223536326120872e-07
0.2580219978922002 	 1.6600168904444148e-07
0.2590219978922002 	 1.6982672215036476e-07
0.2600219978922002 	 1.737110496456478e-07
0.2610219978922002 	 1.7765526426353518e-07
0.2620219978922002 	 1.816599645192145e-07
0.2630219978922002 	 1.857257548237104e-07
0.2640219978922002 	 1.8985324559657646e-07
0.2650219978922002 	 1.9404305337761935e-07
0.2660219978922002 	 1.9829580093787012e-07
0.2670219978922002 	 2.0261211738999267e-07
0.2680219978922002 	 2.0699263829830377e-07
0.2690219978922002 	 2.1143800578856145e-07
0.2700219978922002 	 2.1594886865766194e-07
0.2710219978922002 	 2.2052588248337922e-07
0.2720219978922002 	 2.2516970973426457e-07
0.2730219978922002 	 2.298810198798166e-07
0.2740219978922002 	 2.3466048950102585e-07
0.2750219978922002 	 2.395088024013856e-07
0.2760219978922002 	 2.444266497184597e-07
0.2770219978922002 	 2.4941473003609087e-07
0.2780219978922002 	 2.5447374949732583e-07
0.2790219978922002 	 2.5960442191813005e-07
0.2800219978922002 	 2.6480746890196555e-07
0.2810219978922002 	 2.7008361995529423e-07
0.2820219978922002 	 2.75433612604073e-07
0.2830219978922002 	 2.808581925112988e-07
0.28402199789220023 	 2.8635811359566524e-07
0.28502199789220023 	 2.919341381513843e-07
0.28602199789220023 	 2.9758703696922804e-07
0.28702199789220023 	 3.033175894588466e-07
0.28802199789220023 	 3.091265837724089e-07
0.28902199789220023 	 3.1501481692962164e-07
0.29002199789220023 	 3.209830949441732e-07
0.29102199789220023 	 3.2703223295164944e-07
0.29202199789220024 	 3.3316305533897477e-07
0.29302199789220024 	 3.393763958754211e-07
0.29402199789220024 	 3.4567309784523195e-07
0.29502199789220024 	 3.5205401418190825e-07
0.29602199789220024 	 3.5852000760420494e-07
0.29702199789220024 	 3.6507195075388013e-07
0.29802199789220024 	 3.7171072633524254e-07
0.29902199789220024 	 3.7843722725654684e-07
0.30002199789220024 	 3.85252356773278e-07
0.30102199789220024 	 3.921570286333729e-07
0.30202199789220024 	 3.991521672244245e-07
0.30302199789220025 	 4.062387077229113e-07
0.30402199789220025 	 4.134175962455083e-07
0.30502199789220025 	 4.2068979000250735e-07
0.30602199789220025 	 4.280562574534188e-07
0.30702199789220025 	 4.3551797846477497e-07
0.30802199789220025 	 4.430759444702062e-07
0.30902199789220025 	 4.507311586328195e-07
0.31002199789220025 	 4.5848463600994104e-07
0.31102199789220025 	 4.663374037202661e-07
0.31202199789220025 	 4.742905011134625e-07
0.31302199789220025 	 4.823449799422878e-07
0.31402199789220026 	 4.905019045372607e-07
0.31502199789220026 	 4.987623519839462e-07
0.31602199789220026 	 5.071274123029e-07
0.31702199789220026 	 5.15598188632332e-07
0.31802199789220026 	 5.241757974135365e-07
0.31902199789220026 	 5.328613685791495e-07
0.32002199789220026 	 5.416560457442836e-07
0.32102199789220026 	 5.505609864005998e-07
0.32202199789220026 	 5.595773621133731e-07
0.32302199789220026 	 5.687063587216094e-07
0.32402199789220026 	 5.779491765412742e-07
0.32502199789220027 	 5.87307030571691e-07
0.32602199789220027 	 5.967811507051744e-07
0.32702199789220027 	 6.063727819399558e-07
0.32802199789220027 	 6.16083184596468e-07
0.32902199789220027 	 6.259136345370566e-07
0.33002199789220027 	 6.358654233891727e-07
0.33102199789220027 	 6.459398587721295e-07
0.33202199789220027 	 6.561382645274762e-07
0.33302199789220027 	 6.664619809530701e-07
0.3340219978922003 	 6.76912365040911e-07
0.3350219978922003 	 6.874907907188133e-07
0.3360219978922003 	 6.981986490959844e-07
0.3370219978922003 	 7.090373487125979e-07
0.3380219978922003 	 7.200083157934161e-07
0.3390219978922003 	 7.31112994505559e-07
0.3400219978922003 	 7.423528472204958e-07
0.3410219978922003 	 7.537293547803267e-07
0.3420219978922003 	 7.652440167684558e-07
0.3430219978922003 	 7.768983517847279e-07
0.3440219978922003 	 7.886938977251201e-07
0.3450219978922003 	 8.006322120660705e-07
0.3460219978922003 	 8.12714872153543e-07
0.3470219978922003 	 8.24943475496911e-07
0.3480219978922003 	 8.373196400677548e-07
0.3490219978922003 	 8.498450046036755e-07
0.3500219978922003 	 8.62521228917206e-07
0.3510219978922003 	 8.75349994209943e-07
0.3520219978922003 	 8.883330033919739e-07
0.3530219978922003 	 9.014719814067232e-07
0.3540219978922003 	 9.147686755613123e-07
0.3550219978922003 	 9.282248558625462e-07
0.3560219978922003 	 9.418423153586375e-07
0.3570219978922003 	 9.556228704867682e-07
0.3580219978922003 	 9.695683614266263e-07
0.3590219978922003 	 9.836806524600138e-07
0.3600219978922003 	 9.979616323366564e-07
0.3610219978922003 	 1.0124132146463362e-06
0.3620219978922003 	 1.0270373381974656e-06
0.3630219978922003 	 1.0418359674022456e-06
0.3640219978922003 	 1.0568110926685216e-06
0.3650219978922003 	 1.0719647307984772e-06
0.3660219978922003 	 1.0872989253943071e-06
0.3670219978922003 	 1.1028157472710051e-06
0.3680219978922003 	 1.1185172948763983e-06
0.3690219978922003 	 1.1344056947186e-06
0.3700219978922003 	 1.1504831018009917e-06
0.3710219978922003 	 1.1667517000649337e-06
0.3720219978922003 	 1.183213702840309e-06
0.3730219978922003 	 1.1998713533040998e-06
0.3740219978922003 	 1.2167269249471378e-06
0.3750219978922003 	 1.2337827220492022e-06
0.3760219978922003 	 1.2510410801626275e-06
0.3770219978922003 	 1.2685043666046123e-06
0.3780219978922003 	 1.2861749809583805e-06
0.3790219978922003 	 1.3040553555834002e-06
0.3800219978922003 	 1.3221479561348323e-06
0.3810219978922003 	 1.3404552820924095e-06
0.3820219978922003 	 1.3589798672989215e-06
0.3830219978922003 	 1.3777242805085342e-06
0.3840219978922003 	 1.396691125945108e-06
0.3850219978922003 	 1.4158830438707724e-06
0.3860219978922003 	 1.4353027111649167e-06
0.3870219978922003 	 1.4549528419138547e-06
0.3880219978922003 	 1.4748361880113653e-06
0.3890219978922003 	 1.494955539770351e-06
0.3900219978922003 	 1.51531372654583e-06
0.3910219978922003 	 1.5359136173695238e-06
0.3920219978922003 	 1.5567581215962564e-06
0.3930219978922003 	 1.5778501895624553e-06
0.3940219978922003 	 1.5991928132569512e-06
0.3950219978922003 	 1.6207890270044136e-06
0.39602199789220033 	 1.6426419081616191e-06
0.39702199789220033 	 1.6647545778268797e-06
0.39802199789220033 	 1.68713020156288e-06
0.39902199789220033 	 1.7097719901332313e-06
0.40002199789220033 	 1.732683200253027e-06
0.40102199789220033 	 1.7558671353537054e-06
0.40202199789220033 	 1.7793271463625264e-06
0.40302199789220033 	 1.8030666324969852e-06
0.40402199789220034 	 1.8270890420744806e-06
0.40502199789220034 	 1.8513978733375756e-06
0.40602199789220034 	 1.875996675295196e-06
0.40702199789220034 	 1.9008890485800886e-06
0.40802199789220034 	 1.926078646322939e-06
0.40902199789220034 	 1.9515691750434864e-06
0.41002199789220034 	 1.9773643955590125e-06
0.41102199789220034 	 2.0034681239106e-06
0.41202199789220034 	 2.029884232307551e-06
0.41302199789220034 	 2.056616650090362e-06
0.41402199789220034 	 2.083669364712674e-06
0.41502199789220034 	 2.111046422742643e-06
0.41602199789220035 	 2.1387519308841174e-06
0.41702199789220035 	 2.1667900570181138e-06
0.41802199789220035 	 2.1951650312650337e-06
0.41902199789220035 	 2.2238813385354915e-06
0.42002199789220035 	 2.252942798603259e-06
0.42102199789220035 	 2.2823543026576105e-06
0.42202199789220035 	 2.3121202837272242e-06
0.42302199789220035 	 2.342245336246521e-06
0.42402199789220035 	 2.3727342087132227e-06
0.42502199789220035 	 2.403591772340526e-06
0.42602199789220035 	 2.434823023925015e-06
0.42702199789220036 	 2.4664330895823515e-06
0.42802199789220036 	 2.498427228374573e-06
0.42902199789220036 	 2.5308108360947393e-06
0.43002199789220036 	 2.563589449141272e-06
0.43102199789220036 	 2.5967687485039033e-06
0.43202199789220036 	 2.6303545638592576e-06
0.43302199789220036 	 2.6643528777805996e-06
0.43402199789220036 	 2.698769830064706e-06
0.43502199789220036 	 2.733611722179289e-06
0.43602199789220036 	 2.7688850218344825e-06
0.43702199789220036 	 2.8045963676819202e-06
0.43802199789220037 	 2.8407525741452057e-06
0.43902199789220037 	 2.877360636385478e-06
0.44002199789220037 	 2.9144277354060802e-06
0.44102199789220037 	 2.9519612433003807e-06
0.44202199789220037 	 2.9899687286468835e-06
0.44302199789220037 	 3.0284579620559623e-06
0.44402199789220037 	 3.06743692187266e-06
0.44502199789220037 	 3.106913800040138e-06
0.4460219978922004 	 3.1468970081284687e-06
0.4470219978922004 	 3.1873951835336703e-06
0.4480219978922004 	 3.2284171958519983e-06
0.4490219978922004 	 3.2699721534346386e-06
0.4500219978922004 	 3.3120694101282063e-06
0.4510219978922004 	 3.3547185722064984e-06
0.4520219978922004 	 3.3979295054992085e-06
0.4530219978922004 	 3.4417123427234836e-06
0.4540219978922004 	 3.486077491024314e-06
0.4550219978922004 	 3.531035639730078e-06
0.4560219978922004 	 3.5765977683295904e-06
0.4570219978922004 	 3.622775154677378e-06
0.4580219978922004 	 3.6695793834339695e-06
0.4590219978922004 	 3.717022354748345e-06
0.4600219978922004 	 3.765116293189778e-06
0.4610219978922004 	 3.8138737569366513e-06
0.4620219978922004 	 3.863307647230017e-06
0.4630219978922004 	 3.913431218099945e-06
0.4640219978922004 	 3.9642580863729275e-06
0.4650219978922004 	 4.015802241968915e-06
0.4660219978922004 	 4.068078058496835e-06
0.4670219978922004 	 4.121100304157726e-06
0.4680219978922004 	 4.174884152964869e-06
0.4690219978922004 	 4.229445196290739e-06
0.4700219978922004 	 4.284799454750767e-06
0.4710219978922004 	 4.340963390434297e-06
0.4720219978922004 	 4.39795391949358e-06
0.4730219978922004 	 4.455788425101716e-06
0.4740219978922004 	 4.514484770791182e-06
0.4750219978922004 	 4.5740613141846845e-06
0.4760219978922004 	 4.63453692113057e-06
0.4770219978922004 	 4.6959309802554985e-06
0.4780219978922004 	 4.7582634179474085e-06
0.4790219978922004 	 4.821554713782256e-06
0.4800219978922004 	 4.885825916408666e-06
0.4810219978922004 	 4.951098659904355e-06
0.4820219978922004 	 5.017395180621139e-06
0.4830219978922004 	 5.084738334527497e-06
0.4840219978922004 	 5.153151615087996e-06
0.4850219978922004 	 5.222659171609654e-06
0.4860219978922004 	 5.2932858283949e-06
0.4870219978922004 	 5.365057108120913e-06
0.4880219978922004 	 5.437999235480892e-06
0.4890219978922004 	 5.5121391828458346e-06
0.4900219978922004 	 5.587504674825426e-06
0.4910219978922004 	 5.664124214691047e-06
0.4920219978922004 	 5.742027106853536e-06
0.4930219978922004 	 5.821243480258803e-06
0.4940219978922004 	 5.901804312433911e-06
0.4950219978922004 	 5.983741454284583e-06
0.4960219978922004 	 6.067087655647384e-06
0.4970219978922004 	 6.151876591626999e-06
0.4980219978922004 	 6.238142889742861e-06
0.4990219978922004 	 6.32592215791233e-06
0.5000219978922004 	 6.415251013297788e-06
0.5010219978922004 	 6.506167112046452e-06
0.5020219978922004 	 6.598709179952431e-06
0.5030219978922004 	 6.692917044071837e-06
0.5040219978922004 	 6.7888316653227425e-06
0.5050219978922004 	 6.886495172102872e-06
0.5060219978922004 	 6.985950894959423e-06
0.5070219978922004 	 7.087243402346161e-06
0.5080219978922004 	 7.1904185375046695e-06
0.5090219978922004 	 7.2955234565078e-06
0.5100219978922004 	 7.402606667504683e-06
0.5110219978922004 	 7.5117180712082494e-06
0.5120219978922004 	 7.622909002667754e-06
0.5130219978922004 	 7.736232274370087e-06
0.5140219978922004 	 7.851742220715744e-06
0.5150219978922004 	 7.969494743916531e-06
0.5160219978922004 	 8.0895473613643e-06
0.5170219978922004 	 8.21195925452152e-06
0.5180219978922004 	 8.33679131938655e-06
0.5190219978922004 	 8.464106218588523e-06
0.5200219978922004 	 8.593968435168762e-06
0.5210219978922004 	 8.726444328107374e-06
0.5220219978922004 	 8.86160218965841e-06
0.5230219978922004 	 8.999512304549651e-06
0.5240219978922004 	 9.140247011140992e-06
0.5250219978922004 	 9.283880764507038e-06
0.5260219978922004 	 9.430490201899759e-06
0.5270219978922004 	 9.580154214765813e-06
0.5280219978922004 	 9.732953998417789e-06
0.5290219978922004 	 9.88897315437834e-06
0.5300219978922004 	 1.0048297747245275e-05
0.5310219978922004 	 1.021101637386975e-05
0.5320219978922004 	 1.0377220262339432e-05
0.5330219978922004 	 1.0547003340603479e-05
0.5340219978922004 	 1.0720462324788224e-05
0.5350219978922004 	 1.0897696806678156e-05
0.5360219978922004 	 1.1078809344338095e-05
0.5370219978922004 	 1.126390555575995e-05
0.5380219978922004 	 1.1453094215708315e-05
0.5390219978922004 	 1.1646487355866726e-05
0.5400219978922004 	 1.1844200368411847e-05
0.5410219978922004 	 1.2046352113141835e-05
0.5420219978922004 	 1.2253065028294916e-05
0.5430219978922004 	 1.246446524518698e-05
0.5440219978922004 	 1.2680682706847937e-05
0.5450219978922004 	 1.2901851290675734e-05
0.5460219978922004 	 1.3128108935754984e-05
0.5470219978922004 	 1.3359597780130306e-05
0.5480219978922004 	 1.3596464272119388e-05
0.5490219978922004 	 1.3838859466928642e-05
0.5500219978922004 	 1.4086939325143013e-05
0.5510219978922004 	 1.4340864624182878e-05
0.5520219978922004 	 1.460080106960212e-05
0.5530219978922004 	 1.486691945729354e-05
0.5540219978922004 	 1.5139395841395188e-05
0.5550219978922004 	 1.5418411708245086e-05
0.5560219978922004 	 1.5704154156588994e-05
0.5570219978922004 	 1.5996816084297088e-05
0.5580219978922004 	 1.629659638184531e-05
0.5590219978922004 	 1.660370013283108e-05
0.5600219978922004 	 1.691833882180436e-05
0.5610219978922004 	 1.724073054970665e-05
0.5620219978922004 	 1.7571100257226734e-05
0.5630219978922004 	 1.7909679956383927e-05
0.5640219978922004 	 1.825670897070521e-05
0.5650219978922004 	 1.8612434184225622e-05
0.5660219978922004 	 1.897711030012078e-05
0.5670219978922004 	 1.935100011399094e-05
0.5680219978922004 	 1.9734374769274453e-05
0.5690219978922004 	 2.0127514080387382e-05
0.5700219978922004 	 2.0530706808764852e-05
0.5710219978922004 	 2.094425097992238e-05
0.5720219978922004 	 2.1368454205882665e-05
0.5730219978922004 	 2.1803634020262067e-05
0.5740219978922004 	 2.22501182261331e-05
0.5750219978922004 	 2.2708245257316534e-05
0.5760219978922004 	 2.3178364553644786e-05
0.5770219978922004 	 2.366083695080128e-05
0.5780219978922004 	 2.4156035085359874e-05
0.5790219978922004 	 2.4664343815680485e-05
0.5800219978922004 	 2.5186160659342325e-05
0.5810219978922004 	 2.5721896247854276e-05
0.5820219978922004 	 2.6271974799318572e-05
0.5830219978922004 	 2.6836834610127102e-05
0.5840219978922004 	 2.7416928569527554e-05
0.5850219978922004 	 2.8012724676539644e-05
0.5860219978922004 	 2.8624706615525687e-05
0.5870219978922004 	 2.925337431637043e-05
0.5880219978922004 	 2.989924455727088e-05
0.5890219978922004 	 3.056285158807467e-05
0.5900219978922004 	 3.124474778437383e-05
0.5910219978922004 	 3.194550430008687e-05
0.5920219978922004 	 3.26657118057494e-05
0.5930219978922004 	 3.340598119787188e-05
0.5940219978922004 	 3.4166944366105726e-05
0.5950219978922004 	 3.494925499138414e-05
0.5960219978922005 	 3.575358937214445e-05
0.5970219978922005 	 3.658064728836652e-05
0.5980219978922005 	 3.743115290163759e-05
0.5990219978922005 	 3.830585569361222e-05
0.6000219978922005 	 3.920553144465387e-05
0.6010219978922005 	 4.0130983254583436e-05
0.6020219978922005 	 4.108304260754846e-05
0.6030219978922005 	 4.20625704831375e-05
0.6040219978922005 	 4.3070458515978345e-05
0.6050219978922005 	 4.410763020617002e-05
0.6060219978922005 	 4.5175042183062714e-05
0.6070219978922005 	 4.627368552489092e-05
0.6080219978922005 	 4.740458713745064e-05
0.6090219978922005 	 4.856881119922176e-05
0.6100219978922005 	 4.976746064413478e-05
0.6110219978922005 	 5.100167876775926e-05
0.6120219978922005 	 5.227265084858405e-05
0.6130219978922005 	 5.3581605873076225e-05
0.6140219978922005 	 5.492981833317995e-05
0.6150219978922005 	 5.6318610107210783e-05
0.6160219978922005 	 5.7749352431331615e-05
0.6170219978922005 	 5.922346794265917e-05
0.6180219978922005 	 6.074243285985351e-05
0.6190219978922005 	 6.23077792233868e-05
0.6200219978922005 	 6.39210972639749e-05
0.6210219978922005 	 6.558403787875245e-05
0.6220219978922005 	 6.729831522609069e-05
0.6230219978922005 	 6.906570944510839e-05
0.6240219978922005 	 7.088806950667323e-05
0.6250219978922005 	 7.276731620299818e-05
0.6260219978922005 	 7.470544528338954e-05
0.6270219978922005 	 7.670453074415852e-05
0.6280219978922005 	 7.876672828119587e-05
0.6290219978922005 	 8.089427891423676e-05
0.6300219978922005 	 8.308951279238737e-05
0.6310219978922005 	 8.535485319112155e-05
0.6320219978922005 	 8.76928207114551e-05
0.6330219978922005 	 9.010603769318457e-05
0.6340219978922005 	 9.259723285815476e-05
0.6350219978922005 	 9.516924616968481e-05
0.6360219978922005 	 9.782503399577946e-05
0.6370219978922005 	 0.00010056767447174832
0.6380219978922005 	 0.00010340037321189461
0.6390219978922005 	 0.00010632646927397421
0.6400219978922005 	 0.00010934944146312742
0.6410219978922005 	 0.00011247291496785847
0.6420219978922005 	 0.00011570066835333895
0.6430219978922005 	 0.00011903664093335968
0.6440219978922005 	 0.00012248494054411957
0.6450219978922005 	 0.00012604985174450613
0.6460219978922005 	 0.00012973584446925268
0.6470219978922005 	 0.00013354758316315432
0.6480219978922005 	 0.00013748993642654232
0.6490219978922005 	 0.00014156798720417498
0.6500219978922005 	 0.00014578704355250156
0.6510219978922005 	 0.00015015265002630803
0.6520219978922005 	 0.00015467059969593327
0.6530219978922005 	 0.00015934694691134888
0.6540219978922005 	 0.00016418802075883907
0.6550219978922005 	 0.0001692004393352709
0.6560219978922005 	 0.00017439112486117907
0.6570219978922005 	 0.00017976731969505773
0.6580219978922005 	 0.00018533660330923604
0.6590219978922005 	 0.00019110691029274065
0.6600219978922005 	 0.0001970865494514043
0.6610219978922005 	 0.00020328422408090295
0.6620219978922005 	 0.00020970905349424967
0.6630219978922005 	 0.0002163705958916172
0.6640219978922005 	 0.00022327887266732513
0.6650219978922005 	 0.00023044439425676878
0.6660219978922005 	 0.0002378781876303065
0.6670219978922005 	 0.0002455918255624162
0.6680219978922005 	 0.0002535974577932079
0.6690219978922005 	 0.0002619078442341233
0.6700219978922005 	 0.00027053639034476225
0.6710219978922005 	 0.0002794971848981036
0.6720219978922005 	 0.00028880504024000664
0.6730219978922005 	 0.0002984755352901383
0.6740219978922005 	 0.0003085250614707414
0.6750219978922005 	 0.0003189708717948346
0.6760219978922005 	 0.00032983113336346355
0.6770219978922005 	 0.0003411249835190426
0.6780219978922005 	 0.0003528725900028556
0.6790219978922005 	 0.00036509521535968794
0.6800219978922005 	 0.00037781528599431855
0.6810219978922005 	 0.00039105646623507516
0.6820219978922005 	 0.0004048437378227174
0.6830219978922005 	 0.0004192034852766348
0.6840219978922005 	 0.0004341635876331663
0.6850219978922005 	 0.0004497535170975437
0.6860219978922005 	 0.0004660044452032312
0.6870219978922005 	 0.00048294935713277386
0.6880219978922005 	 0.0005006231748914295
0.6890219978922005 	 0.0005190628901784658
0.6900219978922005 	 0.0005383077077384886
0.6910219978922005 	 0.0005583992002105441
0.6920219978922005 	 0.0005793814754572636
0.6930219978922005 	 0.0006013013576350537
0.6940219978922005 	 0.0006242085831429039
0.6950219978922005 	 0.0006481560129634043
0.6960219978922005 	 0.0006731998629121073
0.6970219978922005 	 0.000699399953530237
0.6980219978922005 	 0.000726819981535166
0.6990219978922005 	 0.0007555278149544727
0.7000219978922005 	 0.0007855958143060726
0.7010219978922005 	 0.000817101182453219
0.7020219978922005 	 0.0008501263460629675
0.7030219978922005 	 0.000884759371934934
0.7040219978922005 	 0.000921094421848832
0.7050219978922005 	 0.0009592322500111603
0.7060219978922005 	 0.0009992807476702406
0.7070219978922005 	 0.0010413555400234184
0.7080219978922005 	 0.0010855806411700635
0.7090219978922006 	 0.0011320891735807441
0.7100219978922006 	 0.001181024159369483
0.7110219978922006 	 0.0012325393915882312
0.7120219978922006 	 0.0012868003948284575
0.7130219978922006 	 0.0013439854856354488
0.7140219978922006 	 0.001404286944641604
0.7150219978922006 	 0.001467912313935165
0.7160219978922006 	 0.0015350858350358832
0.7170219978922006 	 0.0016060500449874401
0.7180219978922006 	 0.0016810675505432948
0.7190219978922006 	 0.0017604230033293645
0.7200219978922006 	 0.001844425302113861
0.7210219978922006 	 0.0019334100522782926
0.7220219978922006 	 0.0020277423170414997
0.7230219978922006 	 0.0021278197002894306
0.7240219978922006 	 0.00223407580704501
0.7250219978922006 	 0.0023469841348784065
0.7260219978922006 	 0.0024670624581122477
0.7270219978922006 	 0.0025948777767761636
0.7280219978922006 	 0.0027310519142194492
0.7290219978922006 	 0.0028762678614816686
0.7300219978922006 	 0.003031276983413177
0.7310219978922006 	 0.0031969072217068774
0.7320219978922006 	 0.003374072454159071
0.7330219978922006 	 0.0035637831984706284
0.7340219978922006 	 0.0037671588839541786
0.7350219978922006 	 0.003985441956681662
0.7360219978922006 	 0.0042200141350822555
0.7370219978922006 	 0.004472415195446759
0.7380219978922006 	 0.0047443647433125765
0.7390219978922006 	 0.005037787520523338
0.7400219978922006 	 0.005354842913480348
0.7410219978922006 	 0.005697959471273885
0.7420219978922006 	 0.006069875420405534
0.7430219978922006 	 0.006473686385136049
0.7440219978922006 	 0.0069129018014808825
0.7450219978922006 	 0.007391511864704954
0.7460219978922006 	 0.007914067296161504
0.7470219978922006 	 0.008485774783727326
0.7480219978922006 	 0.009112611678595745
0.7490219978922006 	 0.009801464470385393
0.7500219978922006 	 0.010560296780774832
0.7510219978922006 	 0.011398354206245007
0.7520219978922006 	 0.01232641543057914
0.7530219978922006 	 0.013357101793813135
0.7540219978922006 	 0.014505261191777455
0.7550219978922006 	 0.015788447133823866
0.7560219978922006 	 0.017227520493615384
0.7570219978922006 	 0.01884741064588373
0.7580219978922006 	 0.020678085294749304
0.7590219978922006 	 0.022755795827320385
0.7600219978922006 	 0.025124689613264275
0.7610219978922006 	 0.027838915493255748
0.7620219978922006 	 0.030965398505128354
0.7630219978922006 	 0.034587531846837896
0.7640219978922006 	 0.03881013905071471
0.7650219978922006 	 0.04376621397606617
0.7660219978922006 	 0.04962617601828636
0.7670219978922006 	 0.05661072190135555
0.7680219978922006 	 0.06500887260723623
0.7690219978922006 	 0.075203591187668
0.7700219978922006 	 0.08770850362308254
0.7710219978922006 	 0.10322092759816244
0.7720219978922006 	 0.12269867114936857
0.7730219978922006 	 0.14747058290932555
0.7740219978922006 	 0.17939187708276638
0.7750219978922006 	 0.22104858291194288
0.7760219978922006 	 0.2759817537765276
0.7770219978922006 	 0.3487874109927822
0.7780219978922006 	 0.4446243637532648
0.7790219978922006 	 0.5669305987829864
0.7800219978922006 	 0.7112281267655488
0.7810219978922006 	 0.8545859691847926
0.7820219978922006 	 0.9514433426873281
0.7830219978922006 	 0.9582650116102202
0.7840219978922006 	 0.8749514387014369
0.7850219978922006 	 0.7437125283642031
0.7860219978922006 	 0.6081915226849123
0.7870219978922006 	 0.4908105488993732
0.7880219978922006 	 0.3968191654500188
0.7890219978922006 	 0.3238496461177353
0.7900219978922006 	 0.26760445510239195
0.7910219978922006 	 0.224056701138089
0.7920219978922006 	 0.1900068727693382
0.7930219978922006 	 0.16306201347730853
0.7940219978922006 	 0.14147030958223647
0.7950219978922006 	 0.12395423574462576
0.7960219978922006 	 0.10957782049589362
0.7970219978922006 	 0.09764929229855523
0.7980219978922006 	 0.08765188228275583
0.7990219978922006 	 0.07919513349243693
0.8000219978922006 	 0.0719806297413662
0.8010219978922006 	 0.06577773767732487
0.8020219978922006 	 0.06040629162823739
0.8030219978922006 	 0.05572411277284803
0.8040219978922006 	 0.05161791925505222
0.8050219978922006 	 0.047996636195413785
0.8060219978922006 	 0.04478642081342835
0.8070219978922006 	 0.04192692561649633
0.8080219978922006 	 0.03936846429063002
0.8090219978922006 	 0.03706984227000514
0.8100219978922006 	 0.03499668141299799
0.8110219978922006 	 0.03312011537516856
0.8120219978922006 	 0.031415765553558114
0.8130219978922006 	 0.029862931184358357
0.8140219978922006 	 0.02844394421741298
0.8150219978922006 	 0.027143651950135562
0.8160219978922006 	 0.025948999444515328
0.8170219978922006 	 0.024848690420097314
0.8180219978922006 	 0.02383291027506907
0.8190219978922006 	 0.022893098603862225
0.8200219978922006 	 0.022021761385208692
0.8210219978922007 	 0.021212315147667752
0.8220219978922007 	 0.02045895705251562
0.8230219978922007 	 0.01975655609203696
0.8240219978922007 	 0.01910056157674971
0.8250219978922007 	 0.01848692584597679
0.8260219978922007 	 0.017912038733083762
0.8270219978922007 	 0.0173726717875506
0.8280219978922007 	 0.01686593062943069
0.8290219978922007 	 0.016389214109348196
0.8300219978922007 	 0.015940179185538146
0.8310219978922007 	 0.015516710621229966
0.8320219978922007 	 0.015116894760706488
0.8330219978922007 	 0.014738996768224627
0.8340219978922007 	 0.014381440816580684
0.8350219978922007 	 0.014042792796075891
0.8360219978922007 	 0.013721745183630927
0.8370219978922007 	 0.013417103768700415
0.8380219978922007 	 0.013127775979730544
0.8390219978922007 	 0.012852760594018693
0.8400219978922007 	 0.012591138646427094
0.8410219978922007 	 0.012342065379653218
0.8420219978922007 	 0.012104763101612157
0.8430219978922007 	 0.011878514834709095
0.8440219978922007 	 0.011662658657997562
0.8450219978922007 	 0.011456582656939565
0.8460219978922007 	 0.01125972040712285
0.8470219978922007 	 0.011071546928191591
0.8480219978922007 	 0.0108915750526901
0.8490219978922007 	 0.010719352161734691
0.8500219978922007 	 0.010554457245622926
0.8510219978922007 	 0.010396498252789863
0.8520219978922007 	 0.010245109695109049
0.8530219978922007 	 0.01009995048147606
0.8540219978922007 	 0.009960701955028118
0.8550219978922007 	 0.009827066112311737
0.8560219978922007 	 0.009698763985278188
0.8570219978922007 	 0.009575534169221807
0.8580219978922007 	 0.009457131481723858
0.8590219978922007 	 0.00934332573936632
0.8600219978922007 	 0.009233900640467918
0.8610219978922007 	 0.00912865274339993
0.8620219978922007 	 0.009027390531184808
0.8630219978922007 	 0.008929933554087659
0.8640219978922007 	 0.008836111642798981
0.8650219978922007 	 0.008745764185589484
0.8660219978922007 	 0.008658739463510473
0.8670219978922007 	 0.0085748940383256
0.8680219978922007 	 0.00849409218840298
0.8690219978922007 	 0.008416205388278569
0.8700219978922007 	 0.008341111828030327
0.8710219978922007 	 0.008268695968984725
0.8720219978922007 	 0.008198848132613026
0.8730219978922007 	 0.008131464119791008
0.8740219978922007 	 0.008066444857845296
0.8750219978922007 	 0.008003696073074554
0.8760219978922007 	 0.00794312798663693
0.8770219978922007 	 0.007884655031895732
0.8780219978922007 	 0.007828195591488969
0.8790219978922007 	 0.007773671752545848
0.8800219978922007 	 0.0077210090786153296
0.8810219978922007 	 0.007670136396998591
0.8820219978922007 	 0.007620985600293036
0.8830219978922007 	 0.007573491461058249
0.8840219978922007 	 0.007527591458608772
0.8850219978922007 	 0.007483225617022611
0.8860219978922007 	 0.007440336353530988
0.8870219978922007 	 0.007398868336524319
0.8880219978922007 	 0.007358768352471669
0.8890219978922007 	 0.007319985181108064
0.8900219978922007 	 0.007282469478295287
0.8910219978922007 	 0.007246173666008424
0.8920219978922007 	 0.007211051828942914
0.8930219978922007 	 0.007177059617274907
0.8940219978922007 	 0.007144154155143165
0.8950219978922007 	 0.00711229395445028
0.8960219978922007 	 0.007081438833619625
0.8970219978922007 	 0.007051549840942167
0.8980219978922007 	 0.007022589182218236
0.8990219978922007 	 0.006994520152373293
0.9000219978922007 	 0.006967307070774666
0.9010219978922007 	 0.006940915219985374
0.9020219978922007 	 0.006915310787708426
0.9030219978922007 	 0.006890460811698505
0.9040219978922007 	 0.006866333127350385
0.9050219978922007 	 0.006842896317949547
0.9060219978922007 	 0.006820119667122026
0.9070219978922007 	 0.006797973113507662
0.9080219978922007 	 0.006776427207385523
0.9090219978922007 	 0.006755453069109607
0.9100219978922007 	 0.006735022349183683
0.9110219978922007 	 0.006715107189828402
0.9120219978922007 	 0.0066956801878842905
0.9130219978922007 	 0.006676714358918846
0.9140219978922007 	 0.006658183102389125
0.9150219978922007 	 0.006640060167731855
0.9160219978922007 	 0.0066223196212496106
0.9170219978922007 	 0.006604935813669836
0.9180219978922007 	 0.006587883348246614
0.9190219978922007 	 0.006571137049291133
0.9200219978922007 	 0.006554671931006395
0.9210219978922007 	 0.0065384631665106096
0.9220219978922007 	 0.006522486056931716
0.9230219978922007 	 0.006506716000454534
0.9240219978922007 	 0.006491128461208366
0.9250219978922007 	 0.006475698937871495
0.9260219978922007 	 0.006460402931877816
0.9270219978922007 	 0.006445215915104613
0.9280219978922007 	 0.006430113296917975
0.9290219978922007 	 0.006415070390444915
0.9300219978922007 	 0.006400062377958581
0.9310219978922007 	 0.006385064275209692
0.9320219978922007 	 0.006370050894608545
0.9330219978922007 	 0.006354996807068377
0.9340219978922008 	 0.006339876302383225
0.9350219978922008 	 0.006324663347967896
0.9360219978922008 	 0.0063093315457916285
0.9370219978922008 	 0.006293854087318161
0.9380219978922008 	 0.00627820370626868
0.9390219978922008 	 0.006262352628986477
0.9400219978922008 	 0.006246272522190227
0.9410219978922008 	 0.006229934437872398
0.9420219978922008 	 0.0062133087550852876
0.9430219978922008 	 0.0061963651183364644
0.9440219978922008 	 0.006179072372286494
0.9450219978922008 	 0.006161398492431663
0.9460219978922008 	 0.006143310511408703
0.9470219978922008 	 0.006124774440508777
0.9480219978922008 	 0.006105755185874223
0.9490219978922008 	 0.0060862164606478985
0.9500219978922008 	 0.006066120684800989
0.9510219978922008 	 0.006045428891120491
0.9520219978922008 	 0.006024100607669605
0.9530219978922008 	 0.0060020937448949175
0.9540219978922008 	 0.0059793644682303105
0.9550219978922008 	 0.005955867062491669
0.9560219978922008 	 0.00593155378643556
0.9570219978922008 	 0.005906374714666396
0.9580219978922008 	 0.005880277568517914
0.9590219978922008 	 0.005853207532646549
0.9600219978922008 	 0.005825107057469906
0.9610219978922008 	 0.005795915644022091
0.9620219978922008 	 0.0057655696129303565
0.9630219978922008 	 0.005734001852500687
0.9640219978922008 	 0.005701141546085202
0.9650219978922008 	 0.005666913875976677
0.9660219978922008 	 0.00563123970171462
0.9670219978922008 	 0.0055940352103358
0.9680219978922008 	 0.0055552115358951685
0.9690219978922008 	 0.005514674345360615
0.9700219978922008 	 0.005472323387706595
0.9710219978922008 	 0.0054280520028282915
0.9720219978922008 	 0.005381746586622872
0.9730219978922008 	 0.00533328600841213
0.9740219978922008 	 0.0052825409766678166
0.9750219978922008 	 0.005229373348863145
0.9760219978922008 	 0.005173635381408939
0.9770219978922008 	 0.005115168917338262
0.9780219978922008 	 0.005053804494643523
0.9790219978922008 	 0.004989360423933734
0.9800219978922008 	 0.00492164172051169
0.9810219978922008 	 0.004850439049047167
0.9820219978922008 	 0.004775527544634577
0.9830219978922008 	 0.004696665596985637
0.9840219978922008 	 0.004613593587825973
0.9850219978922008 	 0.004526032611305553
0.9860219978922008 	 0.004433683217412198
0.9870219978922008 	 0.004336224240031965
0.9880219978922008 	 0.0042460450972991726
0.9890219978922008 	 0.004177488485787017
0.9900219978922008 	 0.004122597384570009
0.9910219978922008 	 0.004080699082467839
0.9920219978922008 	 0.004052730348647584
0.9930219978922008 	 0.004040583644059156
0.9940219978922008 	 0.00404701574719696
0.9950219978922008 	 0.004075731733313076
0.9960219978922008 	 0.004161559579459675
0.9970219978922008 	 0.004329904813732862
0.9980219978922008 	 0.00458063656813938
0.9990219978922008 	 0.004928076048008731
1.0000219978922007 	 0.00539355639186297
1.0010219978922006 	 0.0060062380224783565
1.0020219978922005 	 0.006805445012429839
1.0030219978922004 	 0.007844396502609145
1.0040219978922003 	 0.009195860581392273
1.0050219978922001 	 0.010960751326701868
1.0060219978922 	 0.013281433716105764
1.0070219978922 	 0.016362806958010692
1.0080219978921998 	 0.020506655329813384
1.0090219978921997 	 0.026169418681370262
1.0100219978921996 	 0.03406289824527942
1.0110219978921995 	 0.04533703787969074
1.0120219978921994 	 0.06192693034074774
1.0130219978921993 	 0.08724444675035825
1.0140219978921992 	 0.12762554845977045
1.015021997892199 	 0.1954690793926921
1.016021997892199 	 0.31588463292048563
1.0170219978921988 	 0.5368134048043747
1.0180219978921987 	 0.9084048690353013
1.0190219978921986 	 1.269428037488157
1.0200219978921985 	 1.1845885568941783
1.0210219978921984 	 0.8304144866694787
1.0220219978921983 	 0.5519599616235769
1.0230219978921982 	 0.38174258009547307
1.024021997892198 	 0.2787223935990963
1.025021997892198 	 0.21353075486471335
1.0260219978921978 	 0.17013072473968874
1.0270219978921977 	 0.13988666763803154
1.0280219978921976 	 0.11797580419651314
1.0290219978921975 	 0.10157616163021384
1.0300219978921974 	 0.08896080120255506
1.0310219978921973 	 0.07902920495270903
1.0320219978921972 	 0.0710545987031955
1.033021997892197 	 0.06454179563100218
1.034021997892197 	 0.05914403963026125
1.0350219978921968 	 0.0546125980191557
1.0360219978921967 	 0.05076521651097662
1.0370219978921966 	 0.047465805240912234
1.0380219978921965 	 0.04461101746056606
1.0390219978921964 	 0.042121175258995225
1.0400219978921963 	 0.03993400537630872
1.0410219978921962 	 0.038000232665454776
1.042021997892196 	 0.036280426811232266
1.043021997892196 	 0.034742710382094734
1.0440219978921959 	 0.03336106898257561
1.0450219978921957 	 0.03211408889632009
1.0460219978921956 	 0.030984002626953756
1.0470219978921955 	 0.029955959143388968
1.0480219978921954 	 0.02901746015300427
1.0490219978921953 	 0.028157920421728766
1.0500219978921952 	 0.027368321779528578
1.051021997892195 	 0.02664093857253589
1.052021997892195 	 0.025969118108310072
1.0530219978921949 	 0.025347103786022087
1.0540219978921948 	 0.024769891648928472
1.0550219978921946 	 0.024233113277586815
1.0560219978921945 	 0.023732939614414087
1.0570219978921944 	 0.023266001521986792
1.0580219978921943 	 0.022829323808271018
1.0590219978921942 	 0.022420270154588275
1.060021997892194 	 0.022036496921002232
1.061021997892194 	 0.02167591421921265
1.0620219978921939 	 0.021336655251198752
1.0630219978921938 	 0.02101707119536065
1.0640219978921936 	 0.020715652254512353
1.0650219978921935 	 0.0204310366335343
1.0660219978921934 	 0.02016199519646953
1.0670219978921933 	 0.019907415012275508
1.0680219978921932 	 0.01966628592919483
1.069021997892193 	 0.019437689075339583
1.070021997892193 	 0.019220786860685877
1.0710219978921929 	 0.01901481430113136
1.0720219978921928 	 0.018819071387139508
1.0730219978921927 	 0.018632916416610842
1.0740219978921925 	 0.018455760113914723
1.0750219978921924 	 0.018287060443184865
1.0760219978921923 	 0.018126318021882977
1.0770219978921922 	 0.017973072046954332
1.078021997892192 	 0.017826896689044414
1.079021997892192 	 0.017687397867213225
1.0800219978921919 	 0.017554210379059527
1.0810219978921918 	 0.01742699532565072
1.0820219978921917 	 0.017305437819103705
1.0830219978921916 	 0.017189244911873455
1.0840219978921914 	 0.017078143734252493
1.0850219978921913 	 0.016971879833335337
1.0860219978921912 	 0.016870215645171917
1.0870219978921911 	 0.016772929144572516
1.088021997892191 	 0.01667981260739637
1.089021997892191 	 0.0165906714839734
1.0900219978921908 	 0.016505323381614628
1.0910219978921907 	 0.016423597146098663
1.0920219978921906 	 0.016345332017571153
1.0930219978921905 	 0.0162703768637086
1.0940219978921903 	 0.016198589460652307
1.0950219978921902 	 0.016129835882314338
1.0960219978921901 	 0.01606398989074599
1.09702199789219 	 0.016000932400034043
1.09802199789219 	 0.015940550993354074
1.0990219978921898 	 0.01588273945671781
1.1000219978921897 	 0.015827397396856232
1.1010219978921896 	 0.015774429676229978
1.1020219978921895 	 0.015723739415890108
1.1030219978921894 	 0.01567524415649665
1.1040219978921892 	 0.015628867547979656
1.1050219978921891 	 0.015584535994292941
1.106021997892189 	 0.015542178483130272
1.107021997892189 	 0.01550172640480318
1.1080219978921888 	 0.01546311340995166
1.1090219978921887 	 0.015426275260353022
1.1100219978921886 	 0.01539114969119663
1.1110219978921885 	 0.015357676299151931
1.1120219978921884 	 0.015325798059071105
1.1130219978921883 	 0.01529546575785015
1.1140219978921881 	 0.015266633181329571
1.115021997892188 	 0.015239255598375686
1.116021997892188 	 0.015213289651667693
1.1170219978921878 	 0.015188693306677301
1.1180219978921877 	 0.01516542575376783
1.1190219978921876 	 0.015143447341468944
1.1200219978921875 	 0.015122719522615723
1.1210219978921874 	 0.01510320477048631
1.1220219978921873 	 0.01508486745309833
1.1230219978921872 	 0.015067676214441708
1.124021997892187 	 0.015051601395640216
1.125021997892187 	 0.015036614161242329
1.1260219978921868 	 0.01502268648711587
1.1270219978921867 	 0.01500979109615111
1.1280219978921866 	 0.01499790143614221
1.1290219978921865 	 0.014986991620051127
1.1300219978921864 	 0.014977036424145954
1.1310219978921863 	 0.014968011215145424
1.1320219978921862 	 0.01495989253545244
1.133021997892186 	 0.01495265961522575
1.134021997892186 	 0.014946292736033312
1.1350219978921858 	 0.014940928791591234
1.1360219978921857 	 0.014936229966004098
1.1370219978921856 	 0.014932341178316702
1.1380219978921855 	 0.014929244594138592
1.1390219978921854 	 0.014926922802943509
1.1400219978921853 	 0.014925358778512874
1.1410219978921852 	 0.01492453589425989
1.142021997892185 	 0.014924438227845171
1.143021997892185 	 0.014925051572441088
1.1440219978921848 	 0.014926362365435715
1.1450219978921847 	 0.014928357375086037
1.1460219978921846 	 0.014931023663104686
1.1470219978921845 	 0.014934348604883544
1.1480219978921844 	 0.01493831984122746
1.1490219978921843 	 0.014942925281798651
1.1500219978921842 	 0.014948153110003167
1.151021997892184 	 0.014953991735875858
1.152021997892184 	 0.014960430055882747
1.1530219978921838 	 0.014967458069212854
1.1540219978921837 	 0.014975066211659394
1.1550219978921836 	 0.014983245120183841
1.1560219978921835 	 0.014991985640268312
1.1570219978921834 	 0.015001278818121933
1.1580219978921833 	 0.015011115872498237
1.1590219978921832 	 0.015021488221832588
1.160021997892183 	 0.015032387437231776
1.161021997892183 	 0.015043805270012124
1.1620219978921829 	 0.01505573377726099
1.1630219978921827 	 0.01506816573368758
1.1640219978921826 	 0.015081094209826935
1.1650219978921825 	 0.015094512403983627
1.1660219978921824 	 0.015108413673514705
1.1670219978921823 	 0.015122791493079515
1.1680219978921822 	 0.015137639465897785
1.169021997892182 	 0.01515295133584469
1.170021997892182 	 0.015168720945926579
1.1710219978921819 	 0.01518494226899864
1.1720219978921818 	 0.015201609472785883
1.1730219978921816 	 0.015218717191076503
1.1740219978921815 	 0.015236260234939293
1.1750219978921814 	 0.01525423351464464
1.1760219978921813 	 0.015272632054891122
1.1770219978921812 	 0.015291450954293968
1.178021997892181 	 0.015310685417322072
1.179021997892181 	 0.015330330730865352
1.1800219978921809 	 0.015350382261177511
1.1810219978921808 	 0.01537083546972652
1.1820219978921807 	 0.015391685932500633
1.1830219978921805 	 0.015412929489500904
1.1840219978921804 	 0.015434562670964979
1.1850219978921803 	 0.015456580916388171
1.1860219978921802 	 0.01547898118303905
1.18702199789218 	 0.015501759162900069
1.18802199789218 	 0.015524910689111241
1.1890219978921799 	 0.015548432072716115
1.1900219978921798 	 0.015572319677055697
1.1910219978921797 	 0.015596569934980598
1.1920219978921796 	 0.01562117933841749
1.1930219978921794 	 0.015646144472679566
1.1940219978921793 	 0.01567146200420839
1.1950219978921792 	 0.015697128635538845
1.1960219978921791 	 0.015723141122573916
1.197021997892179 	 0.015749496280991367
1.198021997892179 	 0.015776190965412714
1.1990219978921788 	 0.015803222087306737
1.2000219978921787 	 0.015830586592513494
1.2010219978921786 	 0.015858281477013732
1.2020219978921785 	 0.015886303761463178
1.2030219978921783 	 0.015914650406716146
1.2040219978921782 	 0.01594331839054117
1.2050219978921781 	 0.015972304747532393
1.206021997892178 	 0.016001606529211947
1.207021997892178 	 0.016031220841727336
1.2080219978921778 	 0.016061144813891242
1.2090219978921777 	 0.01609137561544376
1.2100219978921776 	 0.01612191045641678
1.2110219978921775 	 0.016152746570466333
1.2120219978921773 	 0.016183881162079236
1.2130219978921772 	 0.016215311261374456
1.2140219978921771 	 0.016247033858477828
1.215021997892177 	 0.016279045974382074
1.216021997892177 	 0.0163113446683667
1.2170219978921768 	 0.016343927017304204
1.2180219978921767 	 0.016376790134921753
1.2190219978921766 	 0.016409931151329764
1.2200219978921765 	 0.01644334722016984
1.2210219978921764 	 0.01647703553810793
1.2220219978921762 	 0.016510993212317134
1.2230219978921761 	 0.016545217012954066
1.224021997892176 	 0.01657970365711905
1.225021997892176 	 0.016614449876881356
1.2260219978921758 	 0.01664945241895747
1.2270219978921757 	 0.016684708064745743
1.2280219978921756 	 0.01672021360327407
1.2290219978921755 	 0.016755965842613667
1.2300219978921754 	 0.016791961621773828
1.2310219978921753 	 0.016828197782036296
1.2320219978921751 	 0.016864671062830513
1.233021997892175 	 0.016901377696759003
1.234021997892175 	 0.016938313815600417
1.2350219978921748 	 0.01697547556551651
1.2360219978921747 	 0.017012859106947203
1.2370219978921746 	 0.017050460614893098
1.2380219978921745 	 0.01708827627801688
1.2390219978921744 	 0.017126302298184248
1.2400219978921743 	 0.017164534890206216
1.2410219978921742 	 0.01720297028184556
1.242021997892174 	 0.01724160453539446
1.243021997892174 	 0.01728043305463694
1.2440219978921738 	 0.017319451095656108
1.2450219978921737 	 0.017358653923162444
1.2460219978921736 	 0.017398036810612957
1.2470219978921735 	 0.01743759504085801
1.2480219978921734 	 0.017477323905144556
1.2490219978921733 	 0.017517218702719637
1.2500219978921732 	 0.017557274740704714
1.251021997892173 	 0.017597487334332196
1.252021997892173 	 0.017637851587031895
1.2530219978921728 	 0.0176783617848905
1.2540219978921727 	 0.017719012015680866
1.2550219978921726 	 0.017759796379265513
1.2560219978921725 	 0.017800708976457642
1.2570219978921724 	 0.017841743912966175
1.2580219978921723 	 0.017882895298189656
1.2590219978921722 	 0.017924157244836997
1.260021997892172 	 0.0179655238689182
1.261021997892172 	 0.018006989290232964
1.2620219978921718 	 0.01804854737696989
1.2630219978921717 	 0.018090191038028815
1.2640219978921716 	 0.018131912956452372
1.2650219978921715 	 0.01817370581413165
1.2660219978921714 	 0.018215562292443626
1.2670219978921713 	 0.01825747507391141
1.2680219978921712 	 0.01829943684062157
1.269021997892171 	 0.01834144027380747
1.270021997892171 	 0.01838347805395191
1.2710219978921709 	 0.018425542861588335
1.2720219978921707 	 0.018467627102567472
1.2730219978921706 	 0.018509722144923257
1.2740219978921705 	 0.01855181910941253
1.2750219978921704 	 0.018593909111832802
1.2760219978921703 	 0.01863598326401692
1.2770219978921702 	 0.018678032676276584
1.27802199789217 	 0.01872004845523391
1.27902199789217 	 0.018762021703305466
1.2800219978921699 	 0.018803943518920195
1.2810219978921698 	 0.018845804997732973
1.2820219978921696 	 0.018887596962125053
1.2830219978921695 	 0.018929309259865874
1.2840219978921694 	 0.018970931475152636
1.2850219978921693 	 0.019012453192635177
1.2860219978921692 	 0.019053863991063257
1.287021997892169 	 0.01909515344684414
1.288021997892169 	 0.019136311130954806
1.2890219978921689 	 0.019177326608229
1.2900219978921688 	 0.019218189500825048
1.2910219978921686 	 0.01925888961828595
1.2920219978921685 	 0.01929941634460732
1.2930219978921684 	 0.019339758274027122
1.2940219978921683 	 0.01937990381609974
1.2950219978921682 	 0.019419841372567834
1.296021997892168 	 0.019459559340216755
1.297021997892168 	 0.01949904611577724
1.2980219978921679 	 0.019538290091243807
1.2990219978921678 	 0.019577279717410627
1.3000219978921677 	 0.019616003918405567
1.3010219978921675 	 0.019654451204598144
1.3020219978921674 	 0.019692609904014228
1.3030219978921673 	 0.01973046809884572
1.3040219978921672 	 0.01976801381024101
1.305021997892167 	 0.019805235055725186
1.306021997892167 	 0.019842119851676315
1.3070219978921669 	 0.01987865622205498
1.3080219978921668 	 0.01991483219038053
1.3090219978921667 	 0.01995063577852444
1.3100219978921666 	 0.01998605500739853
1.3110219978921664 	 0.020021077900194535
1.3120219978921663 	 0.02005569265749123
1.3130219978921662 	 0.020089888103814593
1.3140219978921661 	 0.02012365321229322
1.315021997892166 	 0.020156976959955022
1.316021997892166 	 0.020189848332698147
1.3170219978921658 	 0.02022225633626486
1.3180219978921657 	 0.020254189985490664
1.3190219978921656 	 0.020285638301054197
1.3200219978921655 	 0.020316590309693166
1.3210219978921653 	 0.020347035050191704
1.3220219978921652 	 0.02037696207709996
1.3230219978921651 	 0.020406362795391972
1.324021997892165 	 0.02043522905531316
1.325021997892165 	 0.02046355272239987
1.3260219978921648 	 0.020491325684584366
1.3270219978921647 	 0.020518539869187516
1.3280219978921646 	 0.02054518723144327
1.3290219978921645 	 0.020571259721013816
1.3300219978921644 	 0.02059674932387748
1.3310219978921642 	 0.02062170873188575
1.3320219978921641 	 0.020646262500692437
1.333021997892164 	 0.020670329943754718
1.334021997892164 	 0.020693886641779572
1.3350219978921638 	 0.020716920127131812
1.3360219978921637 	 0.02073942231908869
1.3370219978921636 	 0.020761387303636768
1.3380219978921635 	 0.020782810466385696
1.3390219978921634 	 0.020803688024443916
1.3400219978921633 	 0.020824016773642904
1.3410219978921631 	 0.02084379394574826
1.342021997892163 	 0.020863018399820948
1.343021997892163 	 0.02088169396625408
1.3440219978921628 	 0.020899825796640768
1.3450219978921627 	 0.02091741922427044
1.3460219978921626 	 0.020934479750582657
1.3470219978921625 	 0.020951013067784647
1.3480219978921624 	 0.020967024985394038
1.3490219978921623 	 0.020982521395483903
1.3500219978921622 	 0.02099750825299857
1.351021997892162 	 0.021011991580314488
1.352021997892162 	 0.02102597901994667
1.3530219978921618 	 0.021039483911537846
1.3540219978921617 	 0.021052520933361595
1.3550219978921616 	 0.021065104758739742
1.3560219978921615 	 0.021077250067203512
1.3570219978921614 	 0.021088971600606066
1.3580219978921613 	 0.02110028405845691
1.3590219978921612 	 0.021111202044789706
1.360021997892161 	 0.021121740044094218
1.361021997892161 	 0.021131912427568504
1.3620219978921608 	 0.02114173505991326
1.3630219978921607 	 0.021151229369297177
1.3640219978921606 	 0.0211604179019915
1.3650219978921605 	 0.02116932294093279
1.3660219978921604 	 0.02117796651441954
1.3670219978921603 	 0.02118637047840734
1.3680219978921602 	 0.021194556338301876
1.36902199789216 	 0.021202545155792837
1.37002199789216 	 0.021210357499333324
1.3710219978921598 	 0.021218013440265398
1.3720219978921597 	 0.0212255338985431
1.3730219978921596 	 0.02123294387443196
1.3740219978921595 	 0.02124026875563641
1.3750219978921594 	 0.0212475331546233
1.3760219978921593 	 0.02125476089506845
1.3770219978921592 	 0.021261975086085978
1.378021997892159 	 0.021269197905718087
1.379021997892159 	 0.02127645049007883
1.3800219978921588 	 0.02128375286511832
1.3810219978921587 	 0.02129112391846082
1.3820219978921586 	 0.02129858213701163
1.3830219978921585 	 0.021306147410096215
1.3840219978921584 	 0.021313838903094004
1.3850219978921583 	 0.021321674496162377
1.3860219978921582 	 0.02132967061183229
1.387021997892158 	 0.0213378422917229
1.388021997892158 	 0.021346203181348507
1.3890219978921579 	 0.02135476555471849
1.3900219978921577 	 0.02136354035657744
1.3910219978921576 	 0.021372537233679986
1.3920219978921575 	 0.02138176456231622
1.3930219978921574 	 0.021391229739955202
1.3940219978921573 	 0.021400939287846102
1.3950219978921572 	 0.02141089900775873
1.396021997892157 	 0.021421114155383846
1.397021997892157 	 0.0214315895709538
1.3980219978921569 	 0.02144233008224425
1.3990219978921568 	 0.021453340855544886
1.4000219978921566 	 0.021464627734920104
1.4010219978921565 	 0.021476197580068936
1.4020219978921564 	 0.02148805795185645
1.4030219978921563 	 0.02150021591548492
1.4040219978921562 	 0.021512680228832314
1.405021997892156 	 0.021525462283815334
1.406021997892156 	 0.021538576491903015
1.4070219978921559 	 0.021552040621944275
1.4080219978921558 	 0.02156587618291055
1.4090219978921557 	 0.02158010873924416
1.4100219978921555 	 0.02159476816380503
1.4110219978921554 	 0.02160988885703097
1.4120219978921553 	 0.02162550875659063
1.4130219978921552 	 0.02164166654451474
1.414021997892155 	 0.021658404611939783
1.415021997892155 	 0.02167576991137036
1.4160219978921549 	 0.02169381379703154
1.4170219978921548 	 0.02171259180276951
1.4180219978921547 	 0.021732163301741804
1.4190219978921546 	 0.021752591122561168
1.4200219978921544 	 0.021773941120803508
1.4210219978921543 	 0.021796281739234216
1.4220219978921542 	 0.021819682309351805
1.4230219978921541 	 0.02184420897990316
1.424021997892154 	 0.02186992780064343
1.425021997892154 	 0.0218969053152929
1.4260219978921538 	 0.021925208094001135
1.4270219978921537 	 0.021954902328700284
1.4280219978921536 	 0.02198605333082576
1.4290219978921535 	 0.022018725119748228
1.4300219978921533 	 0.02205298007513862
1.4310219978921532 	 0.022088878670716072
1.4320219978921531 	 0.022126478030274864
1.433021997892153 	 0.02216582839804755
1.434021997892153 	 0.02220697629332854
1.4350219978921528 	 0.022249965648031104
1.4360219978921527 	 0.022294837753701214
1.4370219978921526 	 0.022341631343197003
1.4380219978921525 	 0.022390382522123293
1.4390219978921523 	 0.0224411248026439
1.4400219978921522 	 0.022493889187497725
1.4410219978921521 	 0.022548704311079516
1.442021997892152 	 0.022605595599760022
1.443021997892152 	 0.022664582398566935
1.4440219978921518 	 0.022725681120311897
1.4450219978921517 	 0.022788906328373586
1.4460219978921516 	 0.02285427092691207
1.4470219978921515 	 0.022921786419123288
1.4480219978921514 	 0.022991462960441647
1.4490219978921512 	 0.02306330947489357
1.4500219978921511 	 0.023137333804745554
1.451021997892151 	 0.023213542886002723
1.452021997892151 	 0.023291942165249116
1.4530219978921508 	 0.023372533366492785
1.4540219978921507 	 0.02345531691435398
1.4550219978921506 	 0.023540292758457815
1.4560219978921505 	 0.023627460518303865
1.4570219978921504 	 0.023716819688205864
1.4580219978921503 	 0.023808369599637887
1.4590219978921501 	 0.02390210946090272
1.46002199789215 	 0.02399803842126536
1.46102199789215 	 0.024096155669123338
1.4620219978921498 	 0.024196459984500835
1.4630219978921497 	 0.02429894806664393
1.4640219978921496 	 0.024403616238016762
1.4650219978921495 	 0.024510460996169832
1.4660219978921494 	 0.024619479111871352
1.4670219978921493 	 0.024730667836113034
1.4680219978921492 	 0.024844024735022372
1.469021997892149 	 0.02495954765435234
1.470021997892149 	 0.025077234735562375
1.4710219978921488 	 0.025197084446765574
1.4720219978921487 	 0.025319095219930962
1.4730219978921486 	 0.0254432642497428
1.4740219978921485 	 0.02556958868991815
1.4750219978921484 	 0.025698066026413474
1.4760219978921483 	 0.025828694149249817
1.4770219978921482 	 0.025961471543686252
1.478021997892148 	 0.026096397091317135
1.479021997892148 	 0.02623346995018152
1.4800219978921478 	 0.02637268978308884
1.4810219978921477 	 0.026514056441238273
1.4820219978921476 	 0.026657569946432768
1.4830219978921475 	 0.026803229425662135
1.4840219978921474 	 0.02695103402577452
1.4850219978921473 	 0.02710098319803814
1.4860219978921472 	 0.02725307675614493
1.487021997892147 	 0.027407315045431764
1.488021997892147 	 0.027563698753135045
1.4890219978921468 	 0.027722228845781943
1.4900219978921467 	 0.027882906562467367
1.4910219978921466 	 0.028045733432029565
1.4920219978921465 	 0.028210711006889336
1.4930219978921464 	 0.028377839893282027
1.4940219978921463 	 0.028547120653168535
1.4950219978921462 	 0.028718554081981876
1.496021997892146 	 0.02889214125838466
1.497021997892146 	 0.029067883692708494
1.4980219978921459 	 0.029245783158232307
1.4990219978921457 	 0.029425841635140303
1.5000219978921456 	 0.029608061304114912
1.5010219978921455 	 0.029792444569842803
1.5020219978921454 	 0.029978993739070134
1.5030219978921453 	 0.03016770983574366
1.5040219978921452 	 0.030358593741950338
1.505021997892145 	 0.030551646395919944
1.506021997892145 	 0.0307468690315811
1.5070219978921449 	 0.030944263110560345
1.5080219978921447 	 0.031143830267067015
1.5090219978921446 	 0.03134557227831908
1.5100219978921445 	 0.031549491056291123
1.5110219978921444 	 0.031755588659649996
1.5120219978921443 	 0.03196386679233354
1.5130219978921442 	 0.032174325274030434
1.514021997892144 	 0.03238696356007368
1.515021997892144 	 0.032601781206986924
1.5160219978921439 	 0.03281877786797036
1.5170219978921438 	 0.033037953289972694
1.5180219978921436 	 0.03325930730527195
1.5190219978921435 	 0.03348283982481706
1.5200219978921434 	 0.0337085508322258
1.5210219978921433 	 0.033936440522329595
1.5220219978921432 	 0.03416650864957032
1.523021997892143 	 0.03439875183666286
1.524021997892143 	 0.03463316607414161
1.5250219978921429 	 0.03486974746665112
1.5260219978921428 	 0.035108507602226516
1.5270219978921427 	 0.03534945298383359
1.5280219978921425 	 0.035592580423194436
1.5290219978921424 	 0.03583788675701213
1.5300219978921423 	 0.03608536929852393
1.5310219978921422 	 0.03633502507852034
1.532021997892142 	 0.03658684964846412
1.533021997892142 	 0.03684083494891761
1.5340219978921419 	 0.03709697203973809
1.5350219978921418 	 0.037355251944395304
1.5360219978921417 	 0.03761566548326222
1.5370219978921416 	 0.03787820296187152
1.5380219978921414 	 0.038142854465813954
1.5390219978921413 	 0.03840960995942763
1.5400219978921412 	 0.038678459259210166
1.5410219978921411 	 0.038949391841091606
1.542021997892141 	 0.039222395211658566
1.543021997892141 	 0.03949745222429229
1.5440219978921408 	 0.039774544452352775
1.5450219978921407 	 0.04005365314907011
1.5460219978921406 	 0.04033475898242176
1.5470219978921405 	 0.04061784137297886
1.5480219978921403 	 0.04090287908825106
1.5490219978921402 	 0.04118985038465909
1.5500219978921401 	 0.04147873294746222
1.55102199789214 	 0.041769503533868366
1.55202199789214 	 0.04206213585957913
1.5530219978921398 	 0.04235659793552027
1.5540219978921397 	 0.042652855776246536
1.5550219978921396 	 0.042950874427177294
1.5560219978921395 	 0.043250617481907914
1.5570219978921394 	 0.04355204598972494
1.5580219978921392 	 0.04385511935992378
1.5590219978921391 	 0.04415979559354947
1.560021997892139 	 0.04446603113581686
1.561021997892139 	 0.04477378032510754
1.5620219978921388 	 0.04508299286274476
1.5630219978921387 	 0.045393611789221834
1.5640219978921386 	 0.04570557707256326
1.5650219978921385 	 0.04601882655484923
1.5660219978921384 	 0.04633329535617334
1.5670219978921383 	 0.046648914483965624
1.5680219978921381 	 0.0469660785962755
1.569021997892138 	 0.04728510811285011
1.570021997892138 	 0.047605590771857775
1.5710219978921378 	 0.04792736546434366
1.5720219978921377 	 0.0482503126995698
1.5730219978921376 	 0.048574328535150986
1.5740219978921375 	 0.048899320384110455
1.5750219978921374 	 0.04922520645222125
1.5760219978921373 	 0.04955191637858048
1.5770219978921372 	 0.04987939257426144
1.578021997892137 	 0.0502075970559672
1.579021997892137 	 0.05053651860054906
1.5800219978921368 	 0.05086618124670251
1.5810219978921367 	 0.05119665390600492
1.5820219978921366 	 0.05152806036366433
1.5830219978921365 	 0.051860594444039426
1.5840219978921364 	 0.052194534022928424
1.5850219978921363 	 0.05253025257382698
1.5860219978921362 	 0.05286822509970468
1.587021997892136 	 0.05320902415667298
1.588021997892136 	 0.05355330696933347
1.5890219978921358 	 0.053901783577836454
1.5900219978921357 	 0.054255164713326816
1.5910219978921356 	 0.05461409043050812
1.5920219978921355 	 0.054979047251860334
1.5930219978921354 	 0.05535029248225245
1.5940219978921353 	 0.0557277894961629
1.5950219978921352 	 0.056111178586635155
1.596021997892135 	 0.05649979224292928
1.597021997892135 	 0.05689271233144076
1.5980219978921348 	 0.05728886230150942
1.5990219978921347 	 0.0576871105017138
1.6000219978921346 	 0.05808636537499964
1.6010219978921345 	 0.05848564824019609
1.6020219978921344 	 0.05888413853445846
1.6030219978921343 	 0.05928119851727476
1.6040219978921342 	 0.05967636099354559
1.605021997892134 	 0.06006930696381764
1.606021997892134 	 0.06045983756637602
1.6070219978921338 	 0.06084784396647622
1.6080219978921337 	 0.06123328135131982
1.6090219978921336 	 0.06161614595403189
1.6100219978921335 	 0.06199645681020538
1.6110219978921334 	 0.06237424125169652
1.6120219978921333 	 0.06274952770501627
1.6130219978921332 	 0.06312234913213297
1.614021997892133 	 0.06349272776691789
1.615021997892133 	 0.06386066888568326
1.6160219978921329 	 0.06422615899418724
1.6170219978921327 	 0.06458916562324515
1.6180219978921326 	 0.06494963596137082
1.6190219978921325 	 0.0653074972502001
1.6200219978921324 	 0.06566265697096856
1.6210219978921323 	 0.06601500339645663
1.6220219978921322 	 0.0663644115297302
1.623021997892132 	 0.06671075452126238
1.624021997892132 	 0.06705389104576581
1.6250219978921319 	 0.06739366154103783
1.6260219978921318 	 0.06772988922463852
1.6270219978921316 	 0.06806238195016907
1.6280219978921315 	 0.0683909305613177
1.6290219978921314 	 0.06871530851836323
1.6300219978921313 	 0.06903527193291602
1.6310219978921312 	 0.06935056072055226
1.632021997892131 	 0.06966090556847998
1.633021997892131 	 0.06996603791656378
1.6340219978921309 	 0.07026567650900759
1.6350219978921308 	 0.0705595239314585
1.6360219978921307 	 0.07084726794364075
1.6370219978921305 	 0.07112858502369748
1.6380219978921304 	 0.07140313774424485
1.6390219978921303 	 0.0716705742690008
1.6400219978921302 	 0.07193052922694775
1.64102199789213 	 0.07218262563683923
1.64202199789213 	 0.07242648302304243
1.6430219978921299 	 0.07266172455795593
1.6440219978921298 	 0.07288796701558786
1.6450219978921297 	 0.07310481903599361
1.6460219978921296 	 0.0733118837513304
1.6470219978921294 	 0.0735087641419558
1.6480219978921293 	 0.07369506081596777
1.6490219978921292 	 0.07387037273238231
1.650021997892129 	 0.07403429919065535
1.651021997892129 	 0.07418644300388959
1.652021997892129 	 0.07432641835511053
1.6530219978921288 	 0.07445385470986636
1.6540219978921287 	 0.07456839228928522
1.6550219978921286 	 0.07466968244805516
1.6560219978921285 	 0.07475739125953179
1.6570219978921283 	 0.07483120519200274
1.6580219978921282 	 0.07489082985707281
1.6590219978921281 	 0.07493599139984743
1.660021997892128 	 0.07496643860177077
1.661021997892128 	 0.0749819459187914
1.6620219978921278 	 0.07498231939566521
1.6630219978921277 	 0.0749673952597435
1.6640219978921276 	 0.07493704068312003
1.6650219978921275 	 0.07489115490529556
1.6660219978921273 	 0.07482967143031305
1.6670219978921272 	 0.0747525614547702
1.6680219978921271 	 0.07465983238414561
1.669021997892127 	 0.07455152775452072
1.670021997892127 	 0.07442772762007106
1.6710219978921268 	 0.07428854927805092
1.6720219978921267 	 0.07413414757144307
1.6730219978921266 	 0.0739647093752755
1.6740219978921265 	 0.07378045581257377
1.6750219978921264 	 0.07358164233831678
1.6760219978921262 	 0.07336855789790472
1.6770219978921261 	 0.07314152452249523
1.678021997892126 	 0.07290089454012384
1.679021997892126 	 0.07264704835027662
1.6800219978921258 	 0.0723803924180425
1.6810219978921257 	 0.07210135719893848
1.6820219978921256 	 0.07181039317397332
1.6830219978921255 	 0.07150796192408454
1.6840219978921254 	 0.07119453978042783
1.6850219978921253 	 0.07087061725946428
1.6860219978921251 	 0.0705366965786311
1.687021997892125 	 0.07019328919045682
1.688021997892125 	 0.0698409133888583
1.6890219978921248 	 0.06948009197983662
1.6900219978921247 	 0.06911135004092708
1.6910219978921246 	 0.06873521263819217
1.6920219978921245 	 0.06835219981760644
1.6930219978921244 	 0.06796281806404098
1.6940219978921243 	 0.0675675661017489
1.6950219978921242 	 0.06716693558155486
1.696021997892124 	 0.06676140939671349
1.697021997892124 	 0.06635145969474958
1.6980219978921238 	 0.06593754752581964
1.6990219978921237 	 0.0655201221184309
1.7000219978921236 	 0.06509962007253248
1.7010219978921235 	 0.06467646435381372
1.7020219978921234 	 0.06425106031543762
1.7030219978921233 	 0.06382378937047113
1.7040219978921232 	 0.06339501619845102
1.705021997892123 	 0.06296509077490312
1.706021997892123 	 0.06253434774149826
1.7070219978921228 	 0.062103106053416665
1.7080219978921227 	 0.06167166917998798
1.7090219978921226 	 0.06124032628217892
1.7100219978921225 	 0.060809352306389675
1.7110219978921224 	 0.06037900786917213
1.7120219978921223 	 0.05994953633242304
1.7130219978921222 	 0.059521159451174595
1.714021997892122 	 0.05909408430267811
1.715021997892122 	 0.058668505614660145
1.7160219978921218 	 0.05824460582243992
1.7170219978921217 	 0.057822554426828036
1.7180219978921216 	 0.05740250965872459
1.7190219978921215 	 0.056984619333948994
1.7200219978921214 	 0.05656902135089058
1.7210219978921213 	 0.05615584387808275
1.7220219978921212 	 0.055745202755751636
1.723021997892121 	 0.05533719903943816
1.724021997892121 	 0.054931924243859
1.7250219978921209 	 0.054529462349383585
1.7260219978921207 	 0.05412988988259456
1.7270219978921206 	 0.053733275340011856
1.7280219978921205 	 0.05333968065244501
1.7290219978921204 	 0.052949161958016085
1.7300219978921203 	 0.05256176991966093
1.7310219978921202 	 0.052177549805486174
1.73202199789212 	 0.05179653972425414
1.73302199789212 	 0.051418768679004315
1.7340219978921199 	 0.051044260564705436
1.7350219978921197 	 0.05067303550712156
1.7360219978921196 	 0.05030510985300938
1.7370219978921195 	 0.05013728759777662
1.7380219978921194 	 0.05016541535751966
1.7390219978921193 	 0.05019354268342885
1.7400219978921192 	 0.05022166957649562
1.741021997892119 	 0.0502497960377077
1.742021997892119 	 0.05027792206804922
1.7430219978921189 	 0.05030604766850068
1.7440219978921188 	 0.05033417284003899
1.7450219978921186 	 0.050362297583637514
1.7460219978921185 	 0.05039042190026602
1.7470219978921184 	 0.05041854579089071
1.7480219978921183 	 0.05044666925647434
1.7490219978921182 	 0.05047479229797602
1.750021997892118 	 0.050502914916351525
1.751021997892118 	 0.05053103711255301
1.7520219978921179 	 0.050559158887529244
1.7530219978921178 	 0.05058728024222553
1.7540219978921177 	 0.05061540117758372
1.7550219978921175 	 0.05064352169454227
1.7560219978921174 	 0.05067164179403623
1.7570219978921173 	 0.050699761476997236
1.7580219978921172 	 0.05072788074435363
1.759021997892117 	 0.050755999597030324
1.760021997892117 	 0.05078411803594889
1.7610219978921169 	 0.05081223606202764
1.7620219978921168 	 0.05084035367618153
1.7630219978921167 	 0.050868470879322204
1.7640219978921166 	 0.050896587672358086
1.7650219978921164 	 0.05092470405619429
1.7660219978921163 	 0.050952820031732696
1.7670219978921162 	 0.050980935599871935
1.7680219978921161 	 0.05100905076150745
1.769021997892116 	 0.051037165517531444
1.770021997892116 	 0.051065279868832955
1.7710219978921158 	 0.05109339381629782
1.7720219978921157 	 0.051121507360808754
1.7730219978921156 	 0.0511496205032453
1.7740219978921155 	 0.051177733244483825
1.7750219978921153 	 0.05120584558539763
1.7760219978921152 	 0.05123395752685692
1.7770219978921151 	 0.051262069069728806
1.778021997892115 	 0.05129018021487726
1.779021997892115 	 0.051318290963163274
1.7800219978921148 	 0.05134640131544472
1.7810219978921147 	 0.05137451127257648
1.7820219978921146 	 0.05140262083541038
1.7830219978921145 	 0.051430730004795276
1.7840219978921144 	 0.051458838781577004
1.7850219978921142 	 0.051486947166598435
1.7860219978921141 	 0.05151505516069944
1.787021997892114 	 0.05154316276471695
1.788021997892114 	 0.051571269979484975
1.7890219978921138 	 0.05159937680583458
1.7900219978921137 	 0.051627483244593896
1.7910219978921136 	 0.05165558929658817
1.7920219978921135 	 0.051683694962639755
1.7930219978921134 	 0.051711800243568175
1.7940219978921133 	 0.05173990514018997
1.7950219978921131 	 0.05176800965331896
1.796021997892113 	 0.05179611378376602
1.797021997892113 	 0.05182421753233928
1.7980219978921128 	 0.051852320899844026
1.7990219978921127 	 0.05188042388708273
1.8000219978921126 	 0.05190852649485507
1.8010219978921125 	 0.05193662872395798
1.8020219978921124 	 0.05196473057518559
1.8030219978921123 	 0.05199283204932932
1.8040219978921122 	 0.05202093314717781
1.805021997892112 	 0.05204903386951703
1.806021997892112 	 0.052077134217130144
1.8070219978921118 	 0.05210523419079766
1.8080219978921117 	 0.05213333379129747
1.8090219978921116 	 0.052161433019404624
1.8100219978921115 	 0.05218953187589165
1.8110219978921114 	 0.05221763036152832
1.8120219978921113 	 0.05224572847708184
1.8130219978921112 	 0.05227382622331673
1.814021997892111 	 0.05230192360099486
1.815021997892111 	 0.05233002061087559
1.8160219978921108 	 0.05235811725371557
1.8170219978921107 	 0.05238621353026896
1.8180219978921106 	 0.05241430944128727
1.8190219978921105 	 0.052442404987519446
1.8200219978921104 	 0.05247050016971196
1.8210219978921103 	 0.052498594988608656
1.8220219978921102 	 0.05252668944495086
1.82302199789211 	 0.05255478353947743
1.82402199789211 	 0.05258287727292462
1.8250219978921098 	 0.0526109706460263
1.8260219978921097 	 0.05263906365951374
1.8270219978921096 	 0.05266715631411582
1.8280219978921095 	 0.052695248610558916
1.8290219978921094 	 0.052723340549566906
1.8300219978921093 	 0.052751432131861294
1.8310219978921092 	 0.05277952335816115
1.832021997892109 	 0.052807614229183036
1.833021997892109 	 0.05283570474564116
1.8340219978921088 	 0.052863794908247344
1.8350219978921087 	 0.052891884717710974
1.8360219978921086 	 0.052919974174739086
1.8370219978921085 	 0.05294806328003632
1.8380219978921084 	 0.05297615203430493
1.8390219978921083 	 0.053004240438244865
1.8400219978921082 	 0.053032328492553744
1.841021997892108 	 0.05306041619792677
1.842021997892108 	 0.053088503555056926
1.8430219978921079 	 0.05311659056463478
1.8440219978921077 	 0.053144677227348704
1.8450219978921076 	 0.05317276354388467
1.8460219978921075 	 0.05320084951492647
1.8470219978921074 	 0.053228935141155544
1.8480219978921073 	 0.053257020423251054
1.8490219978921072 	 0.05328510536189004
1.850021997892107 	 0.053313189957747135
1.851021997892107 	 0.05334127421149484
1.8520219978921069 	 0.05336935812380341
1.8530219978921068 	 0.053397441695340817
1.8540219978921066 	 0.05342552492677294
1.8550219978921065 	 0.05345360781876337
1.8560219978921064 	 0.053481690371973555
1.8570219978921063 	 0.05350977258706277
1.8580219978921062 	 0.053537854464688076
1.859021997892106 	 0.053565936005504404
1.860021997892106 	 0.05359401721016454
1.8610219978921059 	 0.0536220980793191
1.8620219978921058 	 0.05365017861361659
1.8630219978921057 	 0.053678258813703396
1.8640219978921055 	 0.05370633868022376
1.8650219978921054 	 0.05373441821381985
1.8660219978921053 	 0.053762497415131706
1.8670219978921052 	 0.05379057628479732
1.868021997892105 	 0.05381865482345255
1.869021997892105 	 0.05384673303173123
1.8700219978921049 	 0.05387481091026508
1.8710219978921048 	 0.053902888459683856
1.8720219978921047 	 0.053930965680615166
1.8730219978921046 	 0.05395904257368462
1.8740219978921044 	 0.053987119139515836
1.8750219978921043 	 0.054015195378730375
1.8760219978921042 	 0.054043271291947775
1.877021997892104 	 0.054071346879785605
1.878021997892104 	 0.054099422142859406
1.879021997892104 	 0.054127497081782765
1.8800219978921038 	 0.05415557169716725
1.8810219978921037 	 0.05418364598962251
1.8820219978921036 	 0.05421171995975619
1.8830219978921034 	 0.054239793608174
1.8840219978921033 	 0.05426786693547969
1.8850219978921032 	 0.0542959399422751
1.8860219978921031 	 0.05432401262916011
1.887021997892103 	 0.0543520849967327
1.888021997892103 	 0.0543801570455889
1.8890219978921028 	 0.054408228776322905
1.8900219978921027 	 0.05443630018952694
1.8910219978921026 	 0.05446437128579136
1.8920219978921025 	 0.05449244206570468
1.8930219978921023 	 0.05452051252985347
1.8940219978921022 	 0.054548582678822476
1.8950219978921021 	 0.054576652513194594
1.896021997892102 	 0.05460472203355083
1.897021997892102 	 0.05463279124047037
1.8980219978921018 	 0.05466086013453058
1.8990219978921017 	 0.05468892871630696
1.9000219978921016 	 0.054716996986373216
1.9010219978921015 	 0.0547450649453012
1.9020219978921014 	 0.05477313259366102
1.9030219978921012 	 0.05480119993202094
1.9040219978921011 	 0.05482926696094744
1.905021997892101 	 0.05485733368100519
1.906021997892101 	 0.05488540009275719
1.9070219978921008 	 0.05491346619676451
1.9080219978921007 	 0.05494153199358657
1.9090219978921006 	 0.05496959748378101
1.9100219978921005 	 0.05499766266790371
1.9110219978921004 	 0.05502572754650877
1.9120219978921003 	 0.05505379212014867
1.9130219978921001 	 0.055081856389374004
1.9140219978921 	 0.05510992035473379
1.9150219978921 	 0.05513798401677526
1.9160219978920998 	 0.055166047376043935
1.9170219978920997 	 0.05519411043308366
1.9180219978920996 	 0.05522217318843659
1.9190219978920995 	 0.05525023564264317
1.9200219978920994 	 0.055278297796242194
1.9210219978920993 	 0.05530635964977073
1.9220219978920992 	 0.05533442120376427
1.923021997892099 	 0.05536248245875655
1.924021997892099 	 0.055390543415279735
1.9250219978920988 	 0.05541860407386428
1.9260219978920987 	 0.05544666443503905
1.9270219978920986 	 0.055474724499331225
1.9280219978920985 	 0.0555027842672664
1.9290219978920984 	 0.05553084373936856
1.9300219978920983 	 0.055558902916160044
1.9310219978920982 	 0.05558696179816159
1.932021997892098 	 0.05561502038589233
1.933021997892098 	 0.055643078679869847
1.9340219978920978 	 0.055671136680610064
1.9350219978920977 	 0.055699194388627395
1.9360219978920976 	 0.055727251804434635
1.9370219978920975 	 0.055755308928542996
1.9380219978920974 	 0.05578336576146218
1.9390219978920973 	 0.055811422303700314
1.9400219978920972 	 0.05583947855576392
1.941021997892097 	 0.05586753451815806
1.942021997892097 	 0.055895590191386214
1.9430219978920968 	 0.05592364557595034
1.9440219978920967 	 0.055951700672350814
1.9450219978920966 	 0.05597975548108661
1.9460219978920965 	 0.056007810002655097
1.9470219978920964 	 0.056035864237552156
1.9480219978920963 	 0.05606391818627218
1.9490219978920962 	 0.05609197184930804
1.950021997892096 	 0.05612002522715117
1.951021997892096 	 0.05614807832029147
1.9520219978920959 	 0.05617613112921732
1.9530219978920957 	 0.05620418365441576
1.9540219978920956 	 0.05623223589637227
1.9550219978920955 	 0.05626028785557084
1.9560219978920954 	 0.056288339532494104
1.9570219978920953 	 0.05631639092762316
1.9580219978920952 	 0.05634444204143768
1.959021997892095 	 0.05637249287441598
1.960021997892095 	 0.056400543427034815
1.9610219978920949 	 0.0564285936997696
1.9620219978920947 	 0.05645664369309429
1.9630219978920946 	 0.05648469340748142
1.9640219978920945 	 0.05651274284340218
1.9650219978920944 	 0.05654079200132624
1.9660219978920943 	 0.056568840881721996
1.9670219978920942 	 0.05659688948505636
1.968021997892094 	 0.056624937811794875
1.969021997892094 	 0.05665298586240176
1.9700219978920939 	 0.05668103363733974
1.9710219978920938 	 0.05670908113707029
1.9720219978920936 	 0.056737128362053434
1.9730219978920935 	 0.05676517531274787
1.9740219978920934 	 0.05679322198961093
1.9750219978920933 	 0.05682126839309859
1.9760219978920932 	 0.05684931452366552
1.977021997892093 	 0.056877360381764996
1.978021997892093 	 0.05690540596784893
1.9790219978920929 	 0.05693345128236801
1.9800219978920928 	 0.05696149632577154
1.9810219978920927 	 0.056989541098507436
1.9820219978920925 	 0.05701758560102246
1.9830219978920924 	 0.05704562983376191
1.9840219978920923 	 0.057073673797169856
1.9850219978920922 	 0.057101717491689026
1.986021997892092 	 0.0571297609177609
1.987021997892092 	 0.057157804075825644
1.9880219978920919 	 0.05718584696632211
1.9890219978920918 	 0.05721388958968794
1.9900219978920917 	 0.05724193194635943
1.9910219978920916 	 0.057269974036771636
1.9920219978920914 	 0.057298015861358347
1.9930219978920913 	 0.057326057420552086
1.9940219978920912 	 0.05735409871478415
1.9950219978920911 	 0.05738213974448451
1.996021997892091 	 0.057410180510081954
1.997021997892091 	 0.057438221012004055
1.9980219978920908 	 0.05746626125067705
1.9990219978920907 	 0.05749430122652602
