0.0010219978922 	 0.0
0.0020219978922 	 0.0
0.0030219978922 	 0.0
0.0040219978922 	 0.0
0.0050219978922 	 0.0
0.0060219978922 	 0.0
0.0070219978922 	 0.0
0.0080219978922 	 0.0
0.009021997892200002 	 0.0
0.010021997892200003 	 0.0
0.011021997892200004 	 0.0
0.012021997892200004 	 0.0
0.013021997892200005 	 0.0
0.014021997892200006 	 0.0
0.015021997892200007 	 0.0
0.016021997892200008 	 0.0
0.01702199789220001 	 0.0
0.01802199789220001 	 0.0
0.01902199789220001 	 0.0
0.02002199789220001 	 0.0
0.021021997892200012 	 0.0
0.022021997892200013 	 0.0
0.023021997892200014 	 0.0
0.024021997892200015 	 0.0
0.025021997892200016 	 0.0
0.026021997892200017 	 0.0
0.027021997892200018 	 0.0
0.02802199789220002 	 0.0
0.02902199789220002 	 0.0
0.03002199789220002 	 0.0
0.03102199789220002 	 0.0
0.03202199789220002 	 0.0
0.03302199789220002 	 0.0
0.03402199789220002 	 0.0
0.03502199789220002 	 0.0
0.03602199789220002 	 0.0
0.03702199789220002 	 0.0
0.038021997892200024 	 0.0
0.039021997892200025 	 0.0
0.040021997892200026 	 0.0
0.04102199789220003 	 0.0
0.04202199789220003 	 0.0
0.04302199789220003 	 0.0
0.04402199789220003 	 0.0
0.04502199789220003 	 0.0
0.04602199789220003 	 0.0
0.04702199789220003 	 0.0
0.04802199789220003 	 0.0
0.049021997892200034 	 0.0
0.050021997892200035 	 0.0
0.051021997892200036 	 0.0
0.052021997892200036 	 0.0
0.05302199789220004 	 0.0
0.05402199789220004 	 0.0
0.05502199789220004 	 0.0
0.05602199789220004 	 0.0
0.05702199789220004 	 0.0
0.05802199789220004 	 0.0
0.05902199789220004 	 0.0
0.060021997892200044 	 0.0
0.061021997892200044 	 0.0
0.062021997892200045 	 0.0
0.06302199789220005 	 0.0
0.06402199789220005 	 0.0
0.06502199789220005 	 0.0
0.06602199789220005 	 0.0
0.06702199789220005 	 0.0
0.06802199789220005 	 0.0
0.06902199789220005 	 0.0
0.07002199789220005 	 0.0
0.07102199789220005 	 0.0
0.07202199789220005 	 0.0
0.07302199789220006 	 0.0
0.07402199789220006 	 0.0
0.07502199789220006 	 0.0
0.07602199789220006 	 0.0
0.07702199789220006 	 0.0
0.07802199789220006 	 0.0
0.07902199789220006 	 0.0
0.08002199789220006 	 0.0
0.08102199789220006 	 0.0
0.08202199789220006 	 0.0
0.08302199789220006 	 0.0
0.08402199789220006 	 0.0
0.08502199789220007 	 0.0
0.08602199789220007 	 0.0
0.08702199789220007 	 0.0
0.08802199789220007 	 0.0
0.08902199789220007 	 0.0
0.09002199789220007 	 0.0
0.09102199789220007 	 0.0
0.09202199789220007 	 0.0
0.09302199789220007 	 0.0
0.09402199789220007 	 0.0
0.09502199789220007 	 0.0
0.09602199789220008 	 0.0
0.09702199789220008 	 0.0
0.09802199789220008 	 0.0
0.09902199789220008 	 0.0
0.10002199789220008 	 0.0
0.10102199789220008 	 0.0
0.10202199789220008 	 0.0
0.10302199789220008 	 0.0
0.10402199789220008 	 0.0
0.10502199789220008 	 0.0
0.10602199789220008 	 0.0
0.10702199789220009 	 0.0
0.10802199789220009 	 0.0
0.10902199789220009 	 0.0
0.11002199789220009 	 0.0
0.11102199789220009 	 0.0
0.11202199789220009 	 0.0
0.11302199789220009 	 0.0
0.11402199789220009 	 0.0
0.11502199789220009 	 0.0
0.1160219978922001 	 0.0
0.1170219978922001 	 0.0
0.1180219978922001 	 0.0
0.1190219978922001 	 0.0
0.1200219978922001 	 0.0
0.1210219978922001 	 0.0
0.1220219978922001 	 0.0
0.1230219978922001 	 0.0
0.1240219978922001 	 0.0
0.1250219978922001 	 0.0
0.1260219978922001 	 0.0
0.1270219978922001 	 0.0
0.1280219978922001 	 0.0
0.1290219978922001 	 0.0
0.1300219978922001 	 0.0
0.1310219978922001 	 0.0
0.1320219978922001 	 0.0
0.1330219978922001 	 0.0
0.1340219978922001 	 0.0
0.1350219978922001 	 0.0
0.1360219978922001 	 0.0
0.1370219978922001 	 0.0
0.1380219978922001 	 0.0
0.1390219978922001 	 0.0
0.1400219978922001 	 1.6321157270607866e-14
0.1410219978922001 	 5.37373486352818e-13
0.1420219978922001 	 2.564712595682183e-12
0.1430219978922001 	 7.091078450559092e-12
0.1440219978922001 	 1.5072886685143983e-11
0.1450219978922001 	 2.7432191250027454e-11
0.1460219978922001 	 4.5058537074407946e-11
0.1470219978922001 	 6.88107096240024e-11
0.1480219978922001 	 9.951838776587934e-11
0.1490219978922001 	 1.37983705916381e-10
0.1500219978922001 	 1.8498273104539047e-10
0.1510219978922001 	 2.4126685973682216e-10
0.1520219978922001 	 3.075641401590749e-10
0.1530219978922001 	 3.845805234780848e-10
0.1540219978922001 	 4.730010489476356e-10
0.15502199789220011 	 5.73490966634926e-10
0.15602199789220011 	 6.866968014823852e-10
0.15702199789220012 	 8.132473621678752e-10
0.15802199789220012 	 9.537546980033603e-10
0.15902199789220012 	 1.1088150069055316e-09
0.16002199789220012 	 1.2790094972796604e-09
0.16102199789220012 	 1.4649052064789519e-09
0.16202199789220012 	 1.6670557783349639e-09
0.16302199789220012 	 1.8860022020992965e-09
0.16402199789220012 	 2.1222735149920165e-09
0.16502199789220012 	 2.3763874704170583e-09
0.16602199789220012 	 2.6488511737790293e-09
0.16702199789220012 	 2.9401616877180893e-09
0.16802199789220013 	 3.2508066084697385e-09
0.16902199789220013 	 3.5812646149539104e-09
0.17002199789220013 	 3.932005992101667e-09
0.17102199789220013 	 4.303493129838383e-09
0.17202199789220013 	 4.696180999058279e-09
0.17302199789220013 	 5.110517605846939e-09
0.17402199789220013 	 5.546944425134905e-09
0.17502199789220013 	 6.005896814896746e-09
0.17602199789220013 	 6.487804411945758e-09
0.17702199789220013 	 6.993091510313932e-09
0.17802199789220013 	 7.522177423150578e-09
0.17902199789220014 	 8.075476829019636e-09
0.18002199789220014 	 8.65340010342653e-09
0.18102199789220014 	 9.256353636358246e-09
0.18202199789220014 	 9.884740136576744e-09
0.18302199789220014 	 1.0538958923365066e-08
0.18402199789220014 	 1.1219406206386314e-08
0.18502199789220014 	 1.1926475354279903e-08
0.18602199789220014 	 1.2660557152585064e-08
0.18702199789220014 	 1.342204005155004e-08
0.18802199789220014 	 1.4211310404354713e-08
0.18902199789220014 	 1.5028752696246305e-08
0.19002199789220015 	 1.5874749765061695e-08
0.19102199789220015 	 1.674968301358357e-08
0.19202199789220015 	 1.765393261415558e-08
0.19302199789220015 	 1.8587877705957742e-08
0.19402199789220015 	 1.955189658532417e-08
0.19502199789220015 	 2.054636688946372e-08
0.19602199789220015 	 2.1571665773927167e-08
0.19702199789220015 	 2.2628170084145514e-08
0.19802199789220015 	 2.3716256521348697e-08
0.19902199789220015 	 2.4836301803157704e-08
0.20002199789220015 	 2.598868281912864e-08
0.20102199789220015 	 2.7173776781513037e-08
0.20202199789220016 	 2.8391961371486374e-08
0.20302199789220016 	 2.9643614881083576e-08
0.20402199789220016 	 3.092911635106905e-08
0.20502199789220016 	 3.224884570495745e-08
0.20602199789220016 	 3.360318387939179e-08
0.20702199789220016 	 3.4992512951074055e-08
0.20802199789220016 	 3.641721626043617e-08
0.20902199789220016 	 3.787767853222831e-08
0.21002199789220016 	 3.9374285993195504e-08
0.21102199789220016 	 4.090742648700307e-08
0.21202199789220016 	 4.247748958656626e-08
0.21302199789220017 	 4.408486670393102e-08
0.21402199789220017 	 4.572995119784687e-08
0.21502199789220017 	 4.7413138479166016e-08
0.21602199789220017 	 4.9134826114197386e-08
0.21702199789220017 	 5.0895413926138125e-08
0.21802199789220017 	 5.269530409470087e-08
0.21902199789220017 	 5.4534901254047776e-08
0.22002199789220017 	 5.6414612589140453e-08
0.22102199789220017 	 5.833484793060783e-08
0.22202199789220017 	 6.02960198482316e-08
0.22302199789220017 	 6.229854374314301e-08
0.22402199789220018 	 6.434283793882333e-08
0.22502199789220018 	 6.642932377099358e-08
0.22602199789220018 	 6.855842567647895e-08
0.22702199789220018 	 7.073057128112733e-08
0.22802199789220018 	 7.294619148686e-08
0.22902199789220018 	 7.520572055792873e-08
0.23002199789220018 	 7.75095962064515e-08
0.23102199789220018 	 7.985825967729505e-08
0.23202199789220018 	 8.225215583237252e-08
0.23302199789220018 	 8.469173323441807e-08
0.23402199789220018 	 8.717744423030382e-08
0.23502199789220019 	 8.970974503395536e-08
0.23602199789220019 	 9.228909580892737e-08
0.2370219978922002 	 9.491596075069219e-08
0.2380219978922002 	 9.759080816869898e-08
0.2390219978922002 	 1.003141105682525e-07
0.2400219978922002 	 1.0308634473226647e-07
0.2410219978922002 	 1.0590799180293652e-07
0.2420219978922002 	 1.0877953736338612e-07
0.2430219978922002 	 1.1170147151932714e-07
0.2440219978922002 	 1.1467428898078429e-07
0.2450219978922002 	 1.176984891439256e-07
0.2460219978922002 	 1.207745761730439e-07
0.2470219978922002 	 1.239030590827294e-07
0.2480219978922002 	 1.2708445182027666e-07
0.2490219978922002 	 1.3031927334836483e-07
0.2500219978922002 	 1.3360804772805068e-07
0.2510219978922002 	 1.3695130420211382e-07
0.2520219978922002 	 1.4034957727879106e-07
0.2530219978922002 	 1.4380340681593765e-07
0.2540219978922002 	 1.473133381056512e-07
0.2550219978922002 	 1.508799219593939e-07
0.2560219978922002 	 1.545037147936507e-07
0.2570219978922002 	 1.58185278716154e-07
0.2580219978922002 	 1.6192518161271373e-07
0.2590219978922002 	 1.6572399723468204e-07
0.2600219978922002 	 1.6958230528709047e-07
0.2610219978922002 	 1.735006915174885e-07
0.2620219978922002 	 1.7747974780552045e-07
0.2630219978922002 	 1.815200722532681e-07
0.2640219978922002 	 1.8562226927639624e-07
0.2650219978922002 	 1.8978694969612945e-07
0.2660219978922002 	 1.9401473083209365e-07
0.2670219978922002 	 1.9830623659605257e-07
0.2680219978922002 	 2.0266209758657177e-07
0.2690219978922002 	 2.070829511846421e-07
0.2700219978922002 	 2.1156944165029003e-07
0.2710219978922002 	 2.1612222022021108e-07
0.2720219978922002 	 2.207419452064537e-07
0.2730219978922002 	 2.2542928209618572e-07
0.2740219978922002 	 2.301849036525758e-07
0.2750219978922002 	 2.3500949001681814e-07
0.2760219978922002 	 2.3990372881133384e-07
0.2770219978922002 	 2.448683152441802e-07
0.2780219978922002 	 2.499039522146986e-07
0.2790219978922002 	 2.550113504204305e-07
0.2800219978922002 	 2.6019122846533794e-07
0.2810219978922002 	 2.654443129693556e-07
0.2820219978922002 	 2.707713386793092e-07
0.2830219978922002 	 2.7617304858123105e-07
0.28402199789220023 	 2.816501940141062e-07
0.28502199789220023 	 2.8720353478508137e-07
0.28602199789220023 	 2.92833839286168e-07
0.28702199789220023 	 2.98541884612477e-07
0.28802199789220023 	 3.043284566820129e-07
0.28902199789220023 	 3.101943503570669e-07
0.29002199789220023 	 3.161403695672392e-07
0.29102199789220023 	 3.221673274341251e-07
0.29202199789220024 	 3.2827604639770365e-07
0.29302199789220024 	 3.3446735834446104e-07
0.29402199789220024 	 3.40742104737284e-07
0.29502199789220024 	 3.4710113674716016e-07
0.29602199789220024 	 3.5354531538672564e-07
0.29702199789220024 	 3.6007551164569126e-07
0.29802199789220024 	 3.666926066281873e-07
0.29902199789220024 	 3.7339749169206774e-07
0.30002199789220024 	 3.801910685902082e-07
0.30102199789220024 	 3.8707424961384006e-07
0.30202199789220024 	 3.9404795773795984e-07
0.30302199789220025 	 4.0111312676885105e-07
0.30402199789220025 	 4.0827070149376943e-07
0.30502199789220025 	 4.155216378328155e-07
0.30602199789220025 	 4.2286690299306065e-07
0.30702199789220025 	 4.3030747562494413e-07
0.30802199789220025 	 4.3784434598100777e-07
0.30902199789220025 	 4.454785160769941e-07
0.31002199789220025 	 4.532109998553666e-07
0.31102199789220025 	 4.610428233512921e-07
0.31202199789220025 	 4.6897502486112854e-07
0.31302199789220025 	 4.770086551134751e-07
0.31402199789220026 	 4.851447774428239e-07
0.31502199789220026 	 4.933844679658684e-07
0.31602199789220026 	 5.017288157605137e-07
0.31702199789220026 	 5.101789230476452e-07
0.31802199789220026 	 5.18735905375701e-07
0.31902199789220026 	 5.274008918081083e-07
0.32002199789220026 	 5.361750251136299e-07
0.32102199789220026 	 5.450594619596814e-07
0.32202199789220026 	 5.54055373108671e-07
0.32302199789220026 	 5.631639436174212e-07
0.32402199789220026 	 5.723863730397298e-07
0.32502199789220027 	 5.817238756321266e-07
0.32602199789220027 	 5.911776805628899e-07
0.32702199789220027 	 6.007490321243803e-07
0.32802199789220027 	 6.104391899487555e-07
0.32902199789220027 	 6.202494292271345e-07
0.33002199789220027 	 6.30181040932263e-07
0.33102199789220027 	 6.40235332044763e-07
0.33202199789220027 	 6.504136257830194e-07
0.33302199789220027 	 6.607172618367818e-07
0.3340219978922003 	 6.711475966045459e-07
0.3350219978922003 	 6.817060034347904e-07
0.3360219978922003 	 6.923938728711353e-07
0.3370219978922003 	 7.032126129015092e-07
0.3380219978922003 	 7.141636492113825e-07
0.3390219978922003 	 7.252484254411589e-07
0.3400219978922003 	 7.36468403447804e-07
0.3410219978922003 	 7.478250635707767e-07
0.3420219978922003 	 7.593199049023632e-07
0.3430219978922003 	 7.709544455624879e-07
0.3440219978922003 	 7.827302229780888e-07
0.3450219978922003 	 7.946487941671423e-07
0.3460219978922003 	 8.067117360274325e-07
0.3470219978922003 	 8.189206456301521e-07
0.3480219978922003 	 8.312771405184232e-07
0.3490219978922003 	 8.437828590108464e-07
0.3500219978922003 	 8.564394605101548e-07
0.3510219978922003 	 8.692486258170968e-07
0.3520219978922003 	 8.822120574496229e-07
0.3530219978922003 	 8.953314799674994e-07
0.3540219978922003 	 9.086086403024432e-07
0.3550219978922003 	 9.220453080938901e-07
0.3560219978922003 	 9.356432760305076e-07
0.3570219978922003 	 9.494043601975532e-07
0.3580219978922003 	 9.63330400430212e-07
0.3590219978922003 	 9.774232606730135e-07
0.3600219978922003 	 9.916848293454555e-07
0.3610219978922003 	 1.006117019713956e-06
0.3620219978922003 	 1.020721770270254e-06
0.3630219978922003 	 1.0355010451163967e-06
0.3640219978922003 	 1.0504568343564326e-06
0.3650219978922003 	 1.0655911544949458e-06
0.3660219978922003 	 1.0809060488425744e-06
0.3670219978922003 	 1.0964035879286484e-06
0.3680219978922003 	 1.1120858699210795e-06
0.3690219978922003 	 1.127955021053672e-06
0.3700219978922003 	 1.1440131960609684e-06
0.3710219978922003 	 1.1602625786208274e-06
0.3720219978922003 	 1.176705381804838e-06
0.3730219978922003 	 1.193343848536771e-06
0.3740219978922003 	 1.2101802520592087e-06
0.3750219978922003 	 1.227216896408522e-06
0.3760219978922003 	 1.2444561168983667e-06
0.3770219978922003 	 1.261900280611878e-06
0.3780219978922003 	 1.2795517869027247e-06
0.3790219978922003 	 1.297413067905222e-06
0.3800219978922003 	 1.3154865890536779e-06
0.3810219978922003 	 1.3337748496111724e-06
0.3820219978922003 	 1.3522803832079462e-06
0.3830219978922003 	 1.3710057583896252e-06
0.3840219978922003 	 1.3899535791754473e-06
0.3850219978922003 	 1.4091264856267477e-06
0.3860219978922003 	 1.4285271544258632e-06
0.3870219978922003 	 1.4481582994657118e-06
0.3880219978922003 	 1.4680226724502525e-06
0.3890219978922003 	 1.488123063506062e-06
0.3900219978922003 	 1.508462301805251e-06
0.3910219978922003 	 1.5290432561999734e-06
0.3920219978922003 	 1.5498688358687548e-06
0.3930219978922003 	 1.5709419909749192e-06
0.3940219978922003 	 1.5922657133373199e-06
0.3950219978922003 	 1.6138430371137066e-06
0.39602199789220033 	 1.6356770394969277e-06
0.39702199789220033 	 1.657770841424293e-06
0.39802199789220033 	 1.6801276083003488e-06
0.39902199789220033 	 1.7027505507333702e-06
0.40002199789220033 	 1.725642925285857e-06
0.40102199789220033 	 1.7488080352393367e-06
0.40202199789220033 	 1.7722492313737864e-06
0.40302199789220033 	 1.7959699127619904e-06
0.40402199789220034 	 1.8199735275791526e-06
0.40502199789220034 	 1.8442635739281073e-06
0.40602199789220034 	 1.8688436006804643e-06
0.40702199789220034 	 1.8937172083340174e-06
0.40802199789220034 	 1.918888049886814e-06
0.40902199789220034 	 1.944359831728222e-06
0.41002199789220034 	 1.97013631454737e-06
0.41102199789220034 	 1.9962213142593633e-06
0.41202199789220034 	 2.0226187029496575e-06
0.41302199789220034 	 2.049332409836988e-06
0.41402199789220034 	 2.076366422255281e-06
0.41502199789220034 	 2.1037247866549794e-06
0.41602199789220035 	 2.131411609624183e-06
0.41702199789220035 	 2.1594310589300827e-06
0.41802199789220035 	 2.1877873645811408e-06
0.41902199789220035 	 2.2164850113778803e-06
0.42002199789220035 	 2.245527818985792e-06
0.42102199789220035 	 2.2749206784876465e-06
0.42202199789220035 	 2.304668022807358e-06
0.42302199789220035 	 2.3347744462762906e-06
0.42402199789220035 	 2.3652446972907827e-06
0.42502199789220035 	 2.396083646964288e-06
0.42602199789220035 	 2.427296291995258e-06
0.42702199789220036 	 2.4588877584027973e-06
0.42802199789220036 	 2.490863305153936e-06
0.42902199789220036 	 2.5232283279482434e-06
0.43002199789220036 	 2.55598836309214e-06
0.43102199789220036 	 2.589149091484817e-06
0.43202199789220036 	 2.62271634271379e-06
0.43302199789220036 	 2.6566960992646222e-06
0.43402199789220036 	 2.6910945008477664e-06
0.43502199789220036 	 2.7259178488459644e-06
0.43602199789220036 	 2.7611726108857088e-06
0.43702199789220036 	 2.7968654255362927e-06
0.43802199789220037 	 2.8330031071402595e-06
0.43902199789220037 	 2.869592650778943e-06
0.44002199789220037 	 2.906641237377113e-06
0.44102199789220037 	 2.944156238950773e-06
0.44202199789220037 	 2.9821452240022492e-06
0.44302199789220037 	 3.0206159630669037e-06
0.44402199789220037 	 3.0595764344159107e-06
0.44502199789220037 	 3.0990348299196863e-06
0.4460219978922004 	 3.1389995610766606e-06
0.4470219978922004 	 3.1794792652122917e-06
0.4480219978922004 	 3.220482811853339e-06
0.4490219978922004 	 3.2620193092825354e-06
0.4500219978922004 	 3.3040981112790697e-06
0.4510219978922004 	 3.3467288240503193e-06
0.4520219978922004 	 3.389921313360547e-06
0.4530219978922004 	 3.433685711862441e-06
0.4540219978922004 	 3.4780324266374877e-06
0.4550219978922004 	 3.5229721469514983e-06
0.4560219978922004 	 3.568515852231642e-06
0.4570219978922004 	 3.614674820271705e-06
0.4580219978922004 	 3.6614606356723646e-06
0.4590219978922004 	 3.7088851985236236e-06
0.4600219978922004 	 3.756960733336636e-06
0.4610219978922004 	 3.8056997982325086e-06
0.4620219978922004 	 3.855115294395848e-06
0.4630219978922004 	 3.90522047580109e-06
0.4640219978922004 	 3.956028959219899e-06
0.4650219978922004 	 4.007554734518178e-06
0.4660219978922004 	 4.059812175251588e-06
0.4670219978922004 	 4.112816049568654e-06
0.4680219978922004 	 4.166581531430898e-06
0.4690219978922004 	 4.221124212159764e-06
0.4700219978922004 	 4.276460112320381e-06
0.4710219978922004 	 4.332605693952496e-06
0.4720219978922004 	 4.389577873159467e-06
0.4730219978922004 	 4.447394033066182e-06
0.4740219978922004 	 4.506072037157585e-06
0.4750219978922004 	 4.56563024300951e-06
0.4760219978922004 	 4.62608751642409e-06
0.4770219978922004 	 4.687463245982407e-06
0.4780219978922004 	 4.7497773580274575e-06
0.4790219978922004 	 4.813050332090876e-06
0.4800219978922004 	 4.877303216777574e-06
0.4810219978922004 	 4.942557646122162e-06
0.4820219978922004 	 5.008835856433934e-06
0.4830219978922004 	 5.076160703639432e-06
0.4840219978922004 	 5.144555681161859e-06
0.4850219978922004 	 5.21404493826743e-06
0.4860219978922004 	 5.284653299218327e-06
0.4870219978922004 	 5.356406286652023e-06
0.4880219978922004 	 5.4293301252225526e-06
0.4890219978922004 	 5.5034517872622715e-06
0.4900219978922004 	 5.578798997342745e-06
0.4910219978922004 	 5.655400258697743e-06
0.4920219978922004 	 5.733284875700999e-06
0.4930219978922004 	 5.812482977261809e-06
0.4940219978922004 	 5.893025540871111e-06
0.4950219978922004 	 5.974944417398983e-06
0.4960219978922004 	 6.058272356646813e-06
0.4970219978922004 	 6.14304303368458e-06
0.4980219978922004 	 6.229291075997461e-06
0.4990219978922004 	 6.317052091469014e-06
0.5000219978922004 	 6.406362697228261e-06
0.5010219978922004 	 6.497260549389495e-06
0.5020219978922004 	 6.589784373714332e-06
0.5030219978922004 	 6.683973997226809e-06
0.5040219978922004 	 6.7798703808133445e-06
0.5050219978922004 	 6.877515652840419e-06
0.5060219978922004 	 6.9769531438243835e-06
0.5070219978922004 	 7.078227422188562e-06
0.5080219978922004 	 7.181384331144483e-06
0.5090219978922004 	 7.286471026735329e-06
0.5100219978922004 	 7.393536017080943e-06
0.5110219978922004 	 7.502629202865339e-06
0.5120219978922004 	 7.6138019191092255e-06
0.5130219978922004 	 7.727106978271308e-06
0.5140219978922004 	 7.842598714724254e-06
0.5150219978922004 	 7.960333030652397e-06
0.5160219978922004 	 8.080367443420456e-06
0.5170219978922004 	 8.202761134464113e-06
0.5180219978922004 	 8.327574999755275e-06
0.5190219978922004 	 8.454871701896959e-06
0.5200219978922004 	 8.584715723904688e-06
0.5210219978922004 	 8.717173424733099e-06
0.5220219978922004 	 8.852313096611088e-06
0.5230219978922004 	 8.990205024241591e-06
0.5240219978922004 	 9.130921545959967e-06
0.5250219978922004 	 9.274537116816591e-06
0.5260219978922004 	 9.421128374039496e-06
0.5270219978922004 	 9.5707742090517e-06
0.5280219978922004 	 9.723555817142442e-06
0.5290219978922004 	 9.879556799811312e-06
0.5300219978922004 	 1.0038863221633335e-05
0.5310219978922004 	 1.0201563679437163e-05
0.5320219978922004 	 1.0367749401288232e-05
0.5330219978922004 	 1.0537514315113738e-05
0.5340219978922004 	 1.0710955137018318e-05
0.5350219978922004 	 1.0888171458765027e-05
0.5360219978922004 	 1.1069265838397511e-05
0.5370219978922004 	 1.1254343893886755e-05
0.5380219978922004 	 1.1443514399976687e-05
0.5390219978922004 	 1.1636889388330419e-05
0.5400219978922004 	 1.1834584251104435e-05
0.5410219978922004 	 1.2036717848076955e-05
0.5420219978922004 	 1.2243412617466503e-05
0.5430219978922004 	 1.2454794690569506e-05
0.5440219978922004 	 1.2670994010396633e-05
0.5450219978922004 	 1.2892144454326823e-05
0.5460219978922004 	 1.3118383961425904e-05
0.5470219978922004 	 1.334985466971993e-05
0.5480219978922004 	 1.3586703027508245e-05
0.5490219978922004 	 1.3829080089979129e-05
0.5500219978922004 	 1.4077141817699605e-05
0.5510219978922004 	 1.4331048988072342e-05
0.5520219978922004 	 1.459096730663372e-05
0.5530219978922004 	 1.4857067569259236e-05
0.5540219978922004 	 1.5129525830069842e-05
0.5550219978922004 	 1.5408523575386655e-05
0.5560219978922004 	 1.5694247903938733e-05
0.5570219978922004 	 1.5986891713579728e-05
0.5580219978922004 	 1.6286653894769267e-05
0.5590219978922004 	 1.6593739531088625e-05
0.5600219978922004 	 1.690836010707181e-05
0.5610219978922004 	 1.7230733723644558e-05
0.5620219978922004 	 1.7561085321480055e-05
0.5630219978922004 	 1.7899646912582208e-05
0.5640219978922004 	 1.8246657820462752e-05
0.5650219978922004 	 1.8602364929141666e-05
0.5660219978922004 	 1.896702294177967e-05
0.5670219978922004 	 1.934089465396229e-05
0.5680219978922004 	 1.9724251209113315e-05
0.5690219978922004 	 2.0117372421634412e-05
0.5700219978922004 	 2.0520547052946467e-05
0.5710219978922004 	 2.0934073128550917e-05
0.5720219978922004 	 2.135825826045655e-05
0.5730219978922004 	 2.179341998226595e-05
0.5740219978922004 	 2.2239886097038024e-05
0.5750219978922004 	 2.2697995038580082e-05
0.5760219978922004 	 2.3168096246711226e-05
0.5770219978922004 	 2.3650550557101718e-05
0.5780219978922004 	 2.4145730606312394e-05
0.5790219978922004 	 2.46540212526903e-05
0.5800219978922004 	 2.5175820013801906e-05
0.5810219978922004 	 2.5711537521143506e-05
0.5820219978922004 	 2.6261597992804876e-05
0.5830219978922004 	 2.682643972516558e-05
0.5840219978922004 	 2.740651560746112e-05
0.5850219978922004 	 2.8002293638699165e-05
0.5860219978922004 	 2.86142575032301e-05
0.5870219978922004 	 2.9242907130926886e-05
0.5880219978922004 	 2.9888759299974857e-05
0.5890219978922004 	 3.055234826021011e-05
0.5900219978922004 	 3.123422638721325e-05
0.5910219978922004 	 3.193496483489151e-05
0.5920219978922004 	 3.2655154273769315e-05
0.5930219978922004 	 3.3395405600346076e-05
0.5940219978922004 	 3.4156350704262285e-05
0.5950219978922004 	 3.493864326644032e-05
0.5960219978922005 	 3.574295958530681e-05
0.5970219978922005 	 3.656999944083102e-05
0.5980219978922005 	 3.7420486994589726e-05
0.5990219978922005 	 3.829517172822713e-05
0.6000219978922005 	 3.919482942209642e-05
0.6010219978922005 	 4.012026317600835e-05
0.6020219978922005 	 4.107230447410043e-05
0.6030219978922005 	 4.205181429595129e-05
0.6040219978922005 	 4.305968427617886e-05
0.6050219978922005 	 4.409683791487247e-05
0.6060219978922005 	 4.516423184137266e-05
0.6070219978922005 	 4.626285713390441e-05
0.6080219978922005 	 4.73937406982543e-05
0.6090219978922005 	 4.855794671289289e-05
0.6100219978922005 	 4.975657811174144e-05
0.6110219978922005 	 5.099077819036037e-05
0.6120219978922005 	 5.22617322272295e-05
0.6130219978922005 	 5.357066920880696e-05
0.6140219978922005 	 5.4918863627028044e-05
0.6150219978922005 	 5.6307637360199565e-05
0.6160219978922005 	 5.7738361644475734e-05
0.6170219978922005 	 5.921245911696468e-05
0.6180219978922005 	 6.0731405996317984e-05
0.6190219978922005 	 6.229673432299938e-05
0.6200219978922005 	 6.391003432771641e-05
0.6210219978922005 	 6.55729569075955e-05
0.6220219978922005 	 6.728721622099969e-05
0.6230219978922005 	 6.90545924070397e-05
0.6240219978922005 	 7.087693443657523e-05
0.6250219978922005 	 7.27561631018113e-05
0.6260219978922005 	 7.469427415204643e-05
0.6270219978922005 	 7.669334158358402e-05
0.6280219978922005 	 7.875552109230719e-05
0.6290219978922005 	 8.088305369794349e-05
0.6300219978922005 	 8.307826954959158e-05
0.6310219978922005 	 8.534359192271786e-05
0.6320219978922005 	 8.768154141833077e-05
0.6330219978922005 	 9.009474037621957e-05
0.6340219978922005 	 9.25859175182218e-05
0.6350219978922005 	 9.515791280764945e-05
0.6360219978922005 	 9.781368261250021e-05
0.6370219978922005 	 0.00010055630506807664
0.6380219978922005 	 0.00010338898578867503
0.6390219978922005 	 0.00010631506383204439
0.6400219978922005 	 0.0001093380180033182
0.6410219978922005 	 0.00011246147349099394
0.6420219978922005 	 0.00011568920886023654
0.6430219978922005 	 0.00011902516342483021
0.6440219978922005 	 0.00012247344502096732
0.6450219978922005 	 0.00012603833820752885
0.6460219978922005 	 0.00012972431291924177
0.6470219978922005 	 0.0001335360336008948
0.6480219978922005 	 0.00013747836885281286
0.6490219978922005 	 0.0001415564016197481
0.6500219978922005 	 0.00014577543995814354
0.6510219978922005 	 0.00015014102842277906
0.6520219978922005 	 0.00015465896008398753
0.6530219978922005 	 0.00015933528929173445
0.6540219978922005 	 0.0001641763451322982
0.6550219978922005 	 0.00016918874570253989
0.6560219978922005 	 0.0001743794132229884
0.6570219978922005 	 0.00017975559005213213
0.6580219978922005 	 0.00018532485566229452
0.6590219978922005 	 0.00019109514464249656
0.6600219978922005 	 0.00019707476579856537
0.6610219978922005 	 0.00020327242242617133
0.6620219978922005 	 0.0002096972338383221
0.6630219978922005 	 0.00021635875823518486
0.6640219978922005 	 0.00022326701701107387
0.6650219978922005 	 0.00023043252060137907
0.6660219978922005 	 0.00023786629597645354
0.6670219978922005 	 0.0002455799159107699
0.6680219978922005 	 0.0002535855301444331
0.6690219978922005 	 0.00026189589858887947
0.6700219978922005 	 0.00027052442670370396
0.6710219978922005 	 0.00027948520326188025
0.6720219978922005 	 0.0002887930406092627
0.6730219978922005 	 0.00029846351766551327
0.6740219978922005 	 0.00030851302585286976
0.6750219978922005 	 0.00031895881818434606
0.6760219978922005 	 0.000329819061760983
0.6770219978922005 	 0.00034111289392519013
0.6780219978922005 	 0.00035286048241824655
0.6790219978922005 	 0.000365083089784933
0.6800219978922005 	 0.0003778031424300237
0.6810219978922005 	 0.00039104430468184183
0.6820219978922005 	 0.0004048315582811424
0.6830219978922005 	 0.0004191912877473105
0.6840219978922005 	 0.00043415137211668054
0.6850219978922005 	 0.0004497412835944799
0.6860219978922005 	 0.0004659921937141684
0.6870219978922005 	 0.0004829370876582866
0.6880219978922005 	 0.0005006108874320882
0.6890219978922005 	 0.0005190505847348365
0.6900219978922005 	 0.0005382953843111331
0.6910219978922005 	 0.0005583868588000199
0.6920219978922005 	 0.0005793691160641244
0.6930219978922005 	 0.0006012889802598485
0.6940219978922005 	 0.0006241961877861781
0.6950219978922005 	 0.0006481435996256991
0.6960219978922005 	 0.0006731874315939599
0.6970219978922005 	 0.0006993875042321805
0.6980219978922005 	 0.0007268075142577296
0.6990219978922005 	 0.0007555153296981817
0.7000219978922005 	 0.0007855833110714485
0.7010219978922005 	 0.0008170886612407794
0.7020219978922005 	 0.0008501138068732262
0.7030219978922005 	 0.000884746814768401
0.7040219978922005 	 0.0009210818467060136
0.7050219978922005 	 0.0009592196568925591
0.7060219978922005 	 0.0009992681365763555
0.7070219978922005 	 0.0010413429109547446
0.7080219978922005 	 0.0010855679941270927
0.7090219978922006 	 0.0011320765085639645
0.7100219978922006 	 0.001181011476379379
0.7110219978922006 	 0.0012325266906252836
0.7120219978922006 	 0.0012867876758931441
0.7130219978922006 	 0.0013439727487282436
0.7140219978922006 	 0.0014042741897629775
0.7150219978922006 	 0.0014678995410855847
0.7160219978922006 	 0.001535073044215813
0.7170219978922006 	 0.0016060372361973406
0.7180219978922006 	 0.001681054723783623
0.7190219978922006 	 0.0017604101586005743
0.7200219978922006 	 0.0018444124394164036
0.7210219978922006 	 0.001933397171612615
0.7220219978922006 	 0.0020277294184080467
0.7230219978922006 	 0.002127806783688643
0.7240219978922006 	 0.002234062872477326
0.7250219978922006 	 0.0023469711823442606
0.7260219978922006 	 0.002467049487612072
0.7270219978922006 	 0.0025948647883103867
0.7280219978922006 	 0.002731038907788497
0.7290219978922006 	 0.002876254837085964
0.7300219978922006 	 0.0030312639410531392
0.7310219978922006 	 0.003196894161382923
0.7320219978922006 	 0.0033740593758716146
0.7330219978922006 	 0.0035637701022200804
0.7340219978922006 	 0.003767145769740947
0.7350219978922006 	 0.003985428824506153
0.7360219978922006 	 0.00422000098494487
0.7370219978922006 	 0.004472402027347898
0.7380219978922006 	 0.0047443515572526355
0.7390219978922006 	 0.005037774316502711
0.7400219978922006 	 0.005354829691499427
0.7410219978922006 	 0.005697946231333058
0.7420219978922006 	 0.006069862162505188
0.7430219978922006 	 0.006473673109276566
0.7440219978922006 	 0.0069128885076626435
0.7450219978922006 	 0.007391498552928337
0.7460219978922006 	 0.007914053966426884
0.7470219978922006 	 0.008485761436035076
0.7480219978922006 	 0.009112598312946234
0.7490219978922006 	 0.00980145108677899
0.7500219978922006 	 0.010560283379211902
0.7510219978922006 	 0.011398340786725912
0.7520219978922006 	 0.01232640199310424
0.7530219978922006 	 0.013357088338382788
0.7540219978922006 	 0.014505247718392017
0.7550219978922006 	 0.01578843364248369
0.7560219978922006 	 0.01722750698432082
0.7570219978922006 	 0.018847397118635124
0.7580219978922006 	 0.020678071749547004
0.7590219978922006 	 0.02275578226416473
0.7600219978922006 	 0.02512467603215561
0.7610219978922006 	 0.027838901894194412
0.7620219978922006 	 0.030965384888114685
0.7630219978922006 	 0.034587518211872226
0.7640219978922006 	 0.03881012539779737
0.7650219978922006 	 0.04376620030519749
0.7660219978922006 	 0.04962616232946667
0.7670219978922006 	 0.05661070819458517
0.7680219978922006 	 0.06500885888251548
0.7690219978922006 	 0.07520357744499723
0.7700219978922006 	 0.08770848986246203
0.7710219978922006 	 0.10322091381959253
0.7720219978922006 	 0.12269865735284956
0.7730219978922006 	 0.14747056909485776
0.7740219978922006 	 0.17939186325035011
0.7750219978922006 	 0.22104856906157846
0.7760219978922006 	 0.27598173990821534
0.7770219978922006 	 0.3487873971065224
0.7780219978922006 	 0.44462434984905774
0.7790219978922006 	 0.5669305848608324
0.7800219978922006 	 0.7112281128254482
0.7810219978922006 	 0.8545859552267455
0.7820219978922006 	 0.9514433287113351
0.7830219978922006 	 0.9582649976162813
0.7840219978922006 	 0.8749514246895526
0.7850219978922006 	 0.7437125143343736
0.7860219978922006 	 0.6081915086371379
0.7870219978922006 	 0.49081053483365417
0.7880219978922006 	 0.3968191513663554
0.7890219978922006 	 0.32384963201612793
0.7900219978922006 	 0.26760444098284075
0.7910219978922006 	 0.22405668700059433
0.7920219978922006 	 0.1900068586139003
0.7930219978922006 	 0.1630619993039277
0.7940219978922006 	 0.14147029539091296
0.7950219978922006 	 0.12395422153535986
0.7960219978922006 	 0.10957780626868559
0.7970219978922006 	 0.09764927805340533
0.7980219978922006 	 0.08765186801966433
0.7990219978922006 	 0.07919511921140408
0.8000219978922006 	 0.07198061544239227
0.8010219978922006 	 0.06577772336041014
0.8020219978922006 	 0.060406277293382105
0.8030219978922006 	 0.055724098420052444
0.8040219978922006 	 0.05161790488431659
0.8050219978922006 	 0.04799662180673837
0.8060219978922006 	 0.0447864064068134
0.8070219978922006 	 0.04192691119194209
0.8080219978922006 	 0.03936844984813674
0.8090219978922006 	 0.037069827809573075
0.8100219978922006 	 0.03499666693462738
0.8110219978922006 	 0.03312010087885965
0.8120219978922006 	 0.03141575103931114
0.8130219978922006 	 0.029862916652173572
0.8140219978922006 	 0.028443929667290615
0.8150219978922006 	 0.02714363738207586
0.8160219978922006 	 0.025948984858518525
0.8170219978922006 	 0.024848675816163644
0.8180219978922006 	 0.023832895653198766
0.8190219978922006 	 0.022893083964055518
0.8200219978922006 	 0.022021746727465815
0.8210219978922007 	 0.021212300471988934
0.8220219978922007 	 0.02045894235890109
0.8230219978922007 	 0.019756541380486943
0.8240219978922007 	 0.01910054684726443
0.8250219978922007 	 0.018486911098556474
0.8260219978922007 	 0.017912023967728632
0.8270219978922007 	 0.017372657004260876
0.8280219978922007 	 0.01686591582820659
0.8290219978922007 	 0.01638919929018994
0.8300219978922007 	 0.015940164348445952
0.8310219978922007 	 0.015516695766204047
0.8320219978922007 	 0.015116879887747058
0.8330219978922007 	 0.014738981877331902
0.8340219978922007 	 0.014381425907754873
0.8350219978922007 	 0.014042777869317204
0.8360219978922007 	 0.013721730238939574
0.8370219978922007 	 0.013417088806076605
0.8380219978922007 	 0.013127760999174481
0.8390219978922007 	 0.012852745595530584
0.8400219978922007 	 0.012591123630007143
0.8410219978922007 	 0.012342050345301626
0.8420219978922007 	 0.012104748049329128
0.8430219978922007 	 0.011878499764494828
0.8440219978922007 	 0.011662643569852256
0.8450219978922007 	 0.011456567550863418
0.8460219978922007 	 0.011259705283116058
0.8470219978922007 	 0.01107153178625435
0.8480219978922007 	 0.010891559892822604
0.8490219978922007 	 0.010719336983937134
0.8500219978922007 	 0.0105544420498955
0.8510219978922007 	 0.010396483039132758
0.8520219978922007 	 0.010245094463522455
0.8530219978922007 	 0.010099935231960165
0.8540219978922007 	 0.009960686687583112
0.8550219978922007 	 0.009827050826937803
0.8560219978922007 	 0.009698748681975513
0.8570219978922007 	 0.009575518847990575
0.8580219978922007 	 0.009457116142564252
0.8590219978922007 	 0.00934331038227852
0.8600219978922007 	 0.009233885265452107
0.8610219978922007 	 0.009128637350456287
0.8620219978922007 	 0.009027375120313513
0.8630219978922007 	 0.008929918125288889
0.8640219978922007 	 0.008836096196072913
0.8650219978922007 	 0.008745748720936293
0.8660219978922007 	 0.008658723980930332
0.8670219978922007 	 0.008574878537818683
0.8680219978922007 	 0.008494076669969462
0.8690219978922007 	 0.008416189851918618
0.8700219978922007 	 0.008341096273744115
0.8710219978922007 	 0.008268680396772423
0.8720219978922007 	 0.0081988325424748
0.8730219978922007 	 0.008131448511727027
0.8740219978922007 	 0.008066429231855726
0.8750219978922007 	 0.008003680429159561
0.8760219978922007 	 0.007943112324796678
0.8770219978922007 	 0.007884639352130384
0.8780219978922007 	 0.007828179893798689
0.8790219978922007 	 0.007773656036930797
0.8800219978922007 	 0.007720993345075668
0.8810219978922007 	 0.00767012064553448
0.8820219978922007 	 0.007620969830904634
0.8830219978922007 	 0.007573475673745713
0.8840219978922007 	 0.00752757565337226
0.8850219978922007 	 0.00748320979386228
0.8860219978922007 	 0.007440320512446992
0.8870219978922007 	 0.007398852477516813
0.8880219978922007 	 0.007358752475540806
0.8890219978922007 	 0.007319969286253996
0.8900219978922007 	 0.007282453565518167
0.8910219978922007 	 0.007246157735308403
0.8920219978922007 	 0.007211035880320142
0.8930219978922007 	 0.007177043650729533
0.8940219978922007 	 0.007144138170675336
0.8950219978922007 	 0.007112277952060145
0.8960219978922007 	 0.007081422813307331
0.8970219978922007 	 0.007051533802707859
0.8980219978922007 	 0.007022573126062059
0.8990219978922007 	 0.006994504078295391
0.9000219978922007 	 0.006967290978775183
0.9010219978922007 	 0.006940899110064452
0.9020219978922007 	 0.0069152946598662075
0.9030219978922007 	 0.006890444665935129
0.9040219978922007 	 0.006866316963665994
0.9050219978922007 	 0.006842880136344279
0.9060219978922007 	 0.00682010346759602
0.9070219978922007 	 0.006797956896061056
0.9080219978922007 	 0.006776410972018453
0.9090219978922007 	 0.00675543681582221
0.9100219978922007 	 0.006735006077976095
0.9110219978922007 	 0.006715090900700757
0.9120219978922007 	 0.006695663880836722
0.9130219978922007 	 0.006676698033951489
0.9140219978922007 	 0.006658166759502111
0.9150219978922007 	 0.006640043806925315
0.9160219978922007 	 0.006622303242523676
0.9170219978922007 	 0.006604919417024638
0.9180219978922007 	 0.006587866933682281
0.9190219978922007 	 0.006571120616807795
0.9200219978922007 	 0.006554655480604179
0.9210219978922007 	 0.006538446698189644
0.9220219978922007 	 0.006522469570692128
0.9230219978922007 	 0.006506699496296448
0.9240219978922007 	 0.0064911119391319085
0.9250219978922007 	 0.00647568239787679
0.9260219978922007 	 0.006460386373964988
0.9270219978922007 	 0.006445199339273785
0.9280219978922007 	 0.006430096703169269
0.9290219978922007 	 0.006415053778778454
0.9300219978922007 	 0.006400045748374486
0.9310219978922007 	 0.006385047627708083
0.9320219978922007 	 0.0063700342291895425
0.9330219978922007 	 0.006354980123732101
0.9340219978922008 	 0.006339859601129792
0.9350219978922008 	 0.006324646628797426
0.9360219978922008 	 0.006309314808704238
0.9370219978922008 	 0.006293837332313967
0.9380219978922008 	 0.006278186933347799
0.9390219978922008 	 0.006262335838149023
0.9400219978922008 	 0.006246255713436316
0.9410219978922008 	 0.006229917611202145
0.9420219978922008 	 0.006213291910498805
0.9430219978922008 	 0.006196348255833865
0.9440219978922008 	 0.00617905549186789
0.9450219978922008 	 0.006161381594097168
0.9460219978922008 	 0.006143293595158426
0.9470219978922008 	 0.00612475750634283
0.9480219978922008 	 0.0061057382337927155
0.9490219978922008 	 0.00608619949065094
0.9500219978922008 	 0.006066103696888688
0.9510219978922008 	 0.006045411885292957
0.9520219978922008 	 0.006024083583926944
0.9530219978922008 	 0.006002076703237237
0.9540219978922008 	 0.005979347408657717
0.9550219978922008 	 0.005955849985004269
0.9560219978922008 	 0.005931536691033458
0.9570219978922008 	 0.0059063576013496984
0.9580219978922008 	 0.005880260437286723
0.9590219978922008 	 0.00585319038350097
0.9600219978922008 	 0.005825089890410041
0.9610219978922008 	 0.005795898459048043
0.9620219978922008 	 0.005765552410042228
0.9630219978922008 	 0.00573398463169858
0.9640219978922008 	 0.005701124307369216
0.9650219978922008 	 0.0056668966193469126
0.9660219978922008 	 0.005631222427171179
0.9670219978922008 	 0.00559401791787878
0.9680219978922008 	 0.005555194225524669
0.9690219978922008 	 0.005514657017076734
0.9700219978922008 	 0.005472306041509431
0.9710219978922008 	 0.005428034638717941
0.9720219978922008 	 0.005381729204599433
0.9730219978922008 	 0.005333268608475698
0.9740219978922008 	 0.005282523558818488
0.9750219978922008 	 0.005229355913101014
0.9760219978922008 	 0.005173617927734102
0.9770219978922008 	 0.005115151445750812
0.9780219978922008 	 0.0050537870051435545
0.9790219978922008 	 0.00498934291652134
0.9800219978922008 	 0.004921624195186964
0.9810219978922008 	 0.004850421505810202
0.9820219978922008 	 0.004775509983485463
0.9830219978922008 	 0.004696648017924467
0.9840219978922008 	 0.004613575990852836
0.9850219978922008 	 0.0045260149964205425
0.9860219978922008 	 0.004433665584615402
0.9870219978922008 	 0.004336206589323474
0.9880219978922008 	 0.004246027428679074
0.9890219978922008 	 0.004177470799255402
0.9900219978922008 	 0.004122579680126964
0.9910219978922008 	 0.004080681360113452
0.9920219978922008 	 0.004052712608381943
0.9930219978922008 	 0.004040565885882348
0.9940219978922008 	 0.00404699797110907
0.9950219978922008 	 0.0040757139393141914
0.9960219978922008 	 0.004161541767549881
0.9970219978922008 	 0.004329886983912243
0.9980219978922008 	 0.004580618720408021
0.9990219978922008 	 0.004928058182366716
1.0000219978922007 	 0.005393538508310384
1.0010219978922006 	 0.0060062201210152825
1.0020219978922005 	 0.006805427093056359
1.0030219978922004 	 0.007844378565325343
1.0040219978922003 	 0.00919584262619823
1.0050219978922001 	 0.010960733353597665
1.0060219978922 	 0.013281415725091485
1.0070219978922 	 0.016362788949086417
1.0080219978921998 	 0.02050663730297919
1.0090219978921997 	 0.026169400636626233
1.0100219978921996 	 0.03406288018262564
1.0110219978921995 	 0.04533701979912728
1.0120219978921994 	 0.06192691224227468
1.0130219978921993 	 0.08724442863397568
1.0140219978921992 	 0.12762553032547844
1.015021997892199 	 0.1954690612404907
1.016021997892199 	 0.31588461475037494
1.0170219978921988 	 0.5368133866163548
1.0180219978921987 	 0.9084048508293723
1.0190219978921986 	 1.269428019264319
1.0200219978921985 	 1.1845885386524313
1.0210219978921984 	 0.8304144684098227
1.0220219978921983 	 0.5519599433460121
1.0230219978921982 	 0.38174256179999955
1.024021997892198 	 0.27872237528571403
1.025021997892198 	 0.2135307365334225
1.0260219978921978 	 0.17013070639048936
1.0270219978921977 	 0.1398866492709237
1.0280219978921976 	 0.11797578581149692
1.0290219978921975 	 0.1015761432272893
1.0300219978921974 	 0.08896078278172229
1.0310219978921973 	 0.07902918651396808
1.0320219978921972 	 0.07105458024654644
1.033021997892197 	 0.0645417771564451
1.034021997892197 	 0.0591440211377962
1.0350219978921968 	 0.054612579508782774
1.0360219978921967 	 0.05076519798269587
1.0370219978921966 	 0.04746578669472373
1.0380219978921965 	 0.04461099889646988
1.0390219978921964 	 0.042121156676991435
1.0400219978921963 	 0.039933986776397395
1.0410219978921962 	 0.038000214047635976
1.042021997892196 	 0.03628040817550606
1.043021997892196 	 0.034742691728461186
1.0440219978921959 	 0.0333610503110348
1.0450219978921957 	 0.03211407020687207
1.0460219978921956 	 0.030983983919598602
1.0470219978921955 	 0.029955940418126742
1.0480219978921954 	 0.02901744140983504
1.0490219978921953 	 0.028157901660652598
1.0500219978921952 	 0.027368303000545536
1.051021997892195 	 0.02664091977564604
1.052021997892195 	 0.02596909929351348
1.0530219978921949 	 0.025347084953318815
1.0540219978921948 	 0.024769872798318587
1.0550219978921946 	 0.02423309440907038
1.0560219978921945 	 0.023732920727991165
1.0570219978921944 	 0.023265982617657444
1.0580219978921943 	 0.02282930488603531
1.0590219978921942 	 0.02242025121444627
1.060021997892194 	 0.02203647796295399
1.061021997892194 	 0.021675895243258234
1.0620219978921939 	 0.021336636257338223
1.0630219978921938 	 0.021017052183594072
1.0640219978921936 	 0.020715633224839783
1.0650219978921935 	 0.020431017585955804
1.0660219978921934 	 0.020161976130985165
1.0670219978921933 	 0.019907395928885335
1.0680219978921932 	 0.01966626682789891
1.069021997892193 	 0.019437669956137976
1.070021997892193 	 0.01922076772357864
1.0710219978921929 	 0.019014795146118556
1.0720219978921928 	 0.01881905221422119
1.0730219978921927 	 0.018632897225787072
1.0740219978921925 	 0.01845574090518556
1.0750219978921924 	 0.018287041216550365
1.0760219978921923 	 0.0181262987773432
1.0770219978921922 	 0.017973052784509336
1.078021997892192 	 0.017826877408694253
1.079021997892192 	 0.01768737856895796
1.0800219978921919 	 0.017554191062899214
1.0810219978921918 	 0.017426975991585412
1.0820219978921917 	 0.01730541846713346
1.0830219978921916 	 0.01718922554199833
1.0840219978921914 	 0.01707812434647254
1.0850219978921913 	 0.016971860427650618
1.0860219978921912 	 0.016870196221582482
1.0870219978921911 	 0.01677290970307842
1.088021997892191 	 0.01667979314799767
1.089021997892191 	 0.01659065200667015
1.0900219978921908 	 0.01650530388640688
1.0910219978921907 	 0.016423577632986474
1.0920219978921906 	 0.016345312486554575
1.0930219978921905 	 0.016270357314787685
1.0940219978921903 	 0.01619856989382711
1.0950219978921902 	 0.01612981629758491
1.0960219978921901 	 0.01606397028811239
1.09702199789219 	 0.016000912779496314
1.09802199789219 	 0.01594053135491227
1.0990219978921898 	 0.015882719800371987
1.1000219978921897 	 0.01582737772260644
1.1010219978921896 	 0.015774409984076268
1.1020219978921895 	 0.015723719705832532
1.1030219978921894 	 0.015675224428535257
1.1040219978921892 	 0.015628847802114498
1.1050219978921891 	 0.01558451623052407
1.106021997892189 	 0.015542158701457738
1.107021997892189 	 0.01550170660522703
1.1080219978921888 	 0.015463093592471947
1.1090219978921887 	 0.015426255424969794
1.1100219978921886 	 0.015391129837909936
1.1110219978921885 	 0.015357656427961821
1.1120219978921884 	 0.01532577816997763
1.1130219978921883 	 0.015295445850853354
1.1140219978921881 	 0.015266613256429506
1.115021997892188 	 0.015239235655572399
1.116021997892188 	 0.015213269690961232
1.1170219978921878 	 0.015188673328067713
1.1180219978921877 	 0.015165405757255163
1.1190219978921876 	 0.015143427327053248
1.1200219978921875 	 0.015122699490297042
1.1210219978921874 	 0.015103184720264692
1.1220219978921873 	 0.015084847384973822
1.1230219978921872 	 0.015067656128414356
1.124021997892187 	 0.015051581291710067
1.125021997892187 	 0.015036594039409427
1.1260219978921868 	 0.015022666347380264
1.1270219978921867 	 0.015009770938512844
1.1280219978921866 	 0.01499788126060133
1.1290219978921865 	 0.014986971426607678
1.1300219978921864 	 0.01497701621279998
1.1310219978921863 	 0.014967990985896972
1.1320219978921862 	 0.014959872288301554
1.133021997892186 	 0.014952639350172475
1.134021997892186 	 0.01494627245307769
1.1350219978921858 	 0.014940908490733311
1.1360219978921857 	 0.014936209647243917
1.1370219978921856 	 0.014932320841654306
1.1380219978921855 	 0.014929224239574027
1.1390219978921854 	 0.014926902430476816
1.1400219978921853 	 0.014925338388144097
1.1410219978921852 	 0.014924515485989071
1.142021997892185 	 0.014924417801672356
1.143021997892185 	 0.014925031128366316
1.1440219978921848 	 0.014926341903459029
1.1450219978921847 	 0.01492833689520748
1.1460219978921846 	 0.0149310031653243
1.1470219978921845 	 0.01493432808920137
1.1480219978921844 	 0.01493829930764354
1.1490219978921843 	 0.014942904730313027
1.1500219978921842 	 0.01494813254061588
1.151021997892184 	 0.014953971148586948
1.152021997892184 	 0.014960409450692255
1.1530219978921838 	 0.014967437446120823
1.1540219978921837 	 0.014975045570665863
1.1550219978921836 	 0.01498322446128885
1.1560219978921835 	 0.014991964963471901
1.1570219978921834 	 0.015001258123424142
1.1580219978921833 	 0.015011095159899106
1.1590219978921832 	 0.01502146749133216
1.160021997892183 	 0.015032366688830085
1.161021997892183 	 0.015043784503709213
1.1620219978921829 	 0.015055712993056896
1.1630219978921827 	 0.015068144931582345
1.1640219978921826 	 0.015081073389820595
1.1650219978921825 	 0.01509449156607622
1.1660219978921824 	 0.01510839281770627
1.1670219978921823 	 0.01512277061937009
1.1680219978921822 	 0.015137618574287411
1.169021997892182 	 0.015152930426333403
1.170021997892182 	 0.015168700018514416
1.1710219978921819 	 0.01518492132368564
1.1720219978921818 	 0.015201588509572083
1.1730219978921816 	 0.01521869620996194
1.1740219978921815 	 0.015236239235924006
1.1750219978921814 	 0.015254212497728663
1.1760219978921813 	 0.015272611020074494
1.1770219978921812 	 0.015291429901576725
1.178021997892181 	 0.01531066434670425
1.179021997892181 	 0.015330309642346988
1.1800219978921809 	 0.015350361154758642
1.1810219978921808 	 0.01537081434540718
1.1820219978921807 	 0.01539166479028086
1.1830219978921805 	 0.015412908329380732
1.1840219978921804 	 0.015434541492944443
1.1850219978921803 	 0.015456559720467309
1.1860219978921802 	 0.015478959969217897
1.18702199789218 	 0.015501737931178658
1.18802199789218 	 0.01552488943948961
1.1890219978921799 	 0.015548410805194297
1.1900219978921798 	 0.015572298391633725
1.1910219978921797 	 0.015596548631658508
1.1920219978921796 	 0.015621158017195318
1.1930219978921794 	 0.015646123133557344
1.1940219978921793 	 0.015671440647186154
1.1950219978921792 	 0.015697107260616627
1.1960219978921791 	 0.015723119729751753
1.197021997892179 	 0.01574947487026929
1.198021997892179 	 0.015776169536790757
1.1990219978921788 	 0.015803200640784932
1.2000219978921787 	 0.015830565128091875
1.2010219978921786 	 0.015858259994692335
1.2020219978921785 	 0.015886282261242033
1.2030219978921783 	 0.015914628888595288
1.2040219978921782 	 0.01594329685452063
1.2050219978921781 	 0.015972283193612203
1.206021997892178 	 0.01600158495739214
1.207021997892178 	 0.016031199252007945
1.2080219978921778 	 0.016061123206272298
1.2090219978921777 	 0.016091353989925297
1.2100219978921776 	 0.01612188881299883
1.2110219978921775 	 0.016152724909148923
1.2120219978921773 	 0.0161838594828624
1.2130219978921772 	 0.01621528956425823
1.2140219978921771 	 0.01624701214346224
1.215021997892177 	 0.016279024241467155
1.216021997892177 	 0.01631132291755248
1.2170219978921768 	 0.016343905248590716
1.2180219978921767 	 0.016376768348309027
1.2190219978921766 	 0.01640990934681783
1.2200219978921765 	 0.01644332539775873
1.2210219978921764 	 0.016477013697797676
1.2220219978921762 	 0.016510971354107763
1.2230219978921761 	 0.01654519513684561
1.224021997892176 	 0.016579681763111538
1.225021997892176 	 0.016614427964974816
1.2260219978921758 	 0.016649430489151937
1.2270219978921757 	 0.016684686117041242
1.2280219978921756 	 0.016720191637670634
1.2290219978921755 	 0.016755943859111323
1.2300219978921754 	 0.016791939620372606
1.2310219978921753 	 0.016828175762736226
1.2320219978921751 	 0.016864649025631624
1.233021997892175 	 0.016901355641661325
1.234021997892175 	 0.016938291742603976
1.2350219978921748 	 0.016975453474621337
1.2360219978921747 	 0.017012836998153327
1.2370219978921746 	 0.017050438488200547
1.2380219978921745 	 0.01708825413342568
1.2390219978921744 	 0.01712628013569443
1.2400219978921743 	 0.01716451270981781
1.2410219978921742 	 0.017202948083558586
1.242021997892174 	 0.017241582319208953
1.243021997892174 	 0.017280410820552927
1.2440219978921738 	 0.017319428843673615
1.2450219978921737 	 0.0173586316532815
1.2460219978921736 	 0.01739801452283359
1.2470219978921735 	 0.01743757273518025
1.2480219978921734 	 0.017477301581568423
1.2490219978921733 	 0.01751719636124516
1.2500219978921732 	 0.017557252381331923
1.251021997892173 	 0.017597464957061118
1.252021997892173 	 0.017637829191862554
1.2530219978921728 	 0.017678339371822924
1.2540219978921727 	 0.017718989584715083
1.2550219978921726 	 0.01775977393040155
1.2560219978921725 	 0.017800686509695525
1.2570219978921724 	 0.017841721428305927
1.2580219978921723 	 0.017882872795631305
1.2590219978921722 	 0.01792413472438057
1.260021997892172 	 0.01796550133056372
1.261021997892172 	 0.018006966733980462
1.2620219978921718 	 0.01804852480281939
1.2630219978921717 	 0.018090168445980343
1.2640219978921716 	 0.01813189034650595
1.2650219978921715 	 0.018173683186287308
1.2660219978921714 	 0.018215539646701386
1.2670219978921713 	 0.0182574524102713
1.2680219978921712 	 0.018299414159083614
1.269021997892171 	 0.01834141757437169
1.270021997892171 	 0.018383455336618337
1.2710219978921709 	 0.018425520126356988
1.2720219978921707 	 0.01846760434943838
1.2730219978921706 	 0.018509699373896443
1.2740219978921705 	 0.018551796320488017
1.2750219978921704 	 0.018593886305010618
1.2760219978921703 	 0.01863596043929709
1.2770219978921702 	 0.018678009833659127
1.27802199789217 	 0.018720025594718852
1.27902199789217 	 0.018761998824892833
1.2800219978921699 	 0.01880392062261001
1.2810219978921698 	 0.01884578208352526
1.2820219978921696 	 0.018887574030019835
1.2830219978921695 	 0.018929286309863177
1.2840219978921694 	 0.01897090850725248
1.2850219978921693 	 0.01901243020683759
1.2860219978921692 	 0.01905384098736826
1.287021997892169 	 0.01909513042525176
1.288021997892169 	 0.01913628809146506
1.2890219978921689 	 0.019177303550841913
1.2900219978921688 	 0.019218166425540643
1.2910219978921686 	 0.01925886652510425
1.2920219978921685 	 0.01929939323352835
1.2930219978921684 	 0.019339735145050906
1.2940219978921683 	 0.019379880669226298
1.2950219978921682 	 0.019419818207797188
1.296021997892168 	 0.019459536157548928
1.297021997892168 	 0.019499022915212254
1.2980219978921679 	 0.019538266872781686
1.2990219978921678 	 0.019577256481051394
1.3000219978921677 	 0.01961598066414924
1.3010219978921675 	 0.01965442793244475
1.3020219978921674 	 0.019692586613963788
1.3030219978921673 	 0.019730444790898253
1.3040219978921672 	 0.01976799048439654
1.305021997892167 	 0.019805211711983736
1.306021997892167 	 0.019842096490037903
1.3070219978921669 	 0.01987863284251963
1.3080219978921668 	 0.019914808792948265
1.3090219978921667 	 0.01995061236319528
1.3100219978921666 	 0.019986031574172492
1.3110219978921664 	 0.020021054449071648
1.3120219978921663 	 0.02005566918847151
1.3130219978921662 	 0.020089864616898063
1.3140219978921661 	 0.0201236297074799
1.315021997892166 	 0.020156953437244933
1.316021997892166 	 0.02018982479209131
1.3170219978921658 	 0.0202222327777613
1.3180219978921657 	 0.020254166409090394
1.3190219978921656 	 0.020285614706757243
1.3200219978921655 	 0.02031656669749955
1.3210219978921653 	 0.02034701142010144
1.3220219978921652 	 0.020376938429113072
1.3230219978921651 	 0.020406339129508483
1.324021997892165 	 0.020435205371533087
1.325021997892165 	 0.02046352902072323
1.3260219978921648 	 0.020491301965011186
1.3270219978921647 	 0.02051851613171781
1.3280219978921646 	 0.020545163476077065
1.3290219978921645 	 0.020571235947751124
1.3300219978921644 	 0.020596725532718328
1.3310219978921642 	 0.02062168492283015
1.3320219978921641 	 0.020646238673740415
1.333021997892164 	 0.02067030609890629
1.334021997892164 	 0.02069386277903476
1.3350219978921638 	 0.020716896246490632
1.3360219978921637 	 0.020739398420551166
1.3370219978921636 	 0.020761363387202914
1.3380219978921635 	 0.020782786532055536
1.3390219978921634 	 0.020803664072217468
1.3400219978921633 	 0.020823992803520184
1.3410219978921631 	 0.02084376995772929
1.342021997892163 	 0.020862994393905744
1.343021997892163 	 0.020881669942442664
1.3440219978921628 	 0.020899801754933157
1.3450219978921627 	 0.020917395164666654
1.3460219978921626 	 0.020934455673082712
1.3470219978921625 	 0.020950988972388566
1.3480219978921624 	 0.020967000872101835
1.3490219978921623 	 0.0209824972642956
1.3500219978921622 	 0.020997484103914183
1.351021997892162 	 0.021011967413334037
1.352021997892162 	 0.02102595483507017
1.3530219978921618 	 0.021039459708765317
1.3540219978921617 	 0.021052496712693054
1.3550219978921616 	 0.021065080520175212
1.3560219978921615 	 0.021077225810743005
1.3570219978921614 	 0.021088947326249604
1.3580219978921613 	 0.021100259766204506
1.3590219978921612 	 0.02111117773464138
1.360021997892161 	 0.02112171571604999
1.361021997892161 	 0.02113188808162839
1.3620219978921608 	 0.021141710696077277
1.3630219978921607 	 0.021151204987565342
1.3640219978921606 	 0.02116039350236383
1.3650219978921605 	 0.02116929852340931
1.3660219978921604 	 0.02117794207900026
1.3670219978921603 	 0.021186346025092277
1.3680219978921602 	 0.021194531867091047
1.36902199789216 	 0.02120252066668626
1.37002199789216 	 0.021210332992331018
1.3710219978921598 	 0.021217988915367376
1.3720219978921597 	 0.02122550935574938
1.3730219978921596 	 0.021232919313742563
1.3740219978921595 	 0.02124024417705135
1.3750219978921594 	 0.021247508558142593
1.3760219978921593 	 0.021254736280692115
1.3770219978921592 	 0.021261950453814026
1.378021997892159 	 0.02126917325555054
1.379021997892159 	 0.021276425822015704
1.3800219978921588 	 0.02128372817915963
1.3810219978921587 	 0.021291099214606583
1.3820219978921586 	 0.021298557415261862
1.3830219978921585 	 0.02130612267045093
1.3840219978921584 	 0.021313814145553223
1.3850219978921583 	 0.021321649720726112
1.3860219978921582 	 0.02132964581850056
1.387021997892158 	 0.021337817480495718
1.388021997892158 	 0.02134617835222589
1.3890219978921579 	 0.021354740707700458
1.3900219978921577 	 0.021363515491664004
1.3910219978921576 	 0.021372512350871162
1.3920219978921575 	 0.021381739661612026
1.3930219978921574 	 0.02139120482135565
1.3940219978921573 	 0.021400914351351212
1.3950219978921572 	 0.021410874053368514
1.396021997892157 	 0.021421089183098322
1.397021997892157 	 0.021431564580772982
1.3980219978921569 	 0.021442305074168153
1.3990219978921568 	 0.02145331582957353
1.4000219978921566 	 0.0214646026910535
1.4010219978921565 	 0.021476172518307097
1.4020219978921564 	 0.021488032872199393
1.4030219978921563 	 0.021500190817932665
1.4040219978921562 	 0.02151265511338487
1.405021997892156 	 0.02152543715047272
1.406021997892156 	 0.021538551340665242
1.4070219978921559 	 0.02155201545281136
1.4080219978921558 	 0.021565850995882506
1.4090219978921557 	 0.021580083534321004
1.4100219978921555 	 0.021594742940986775
1.4110219978921554 	 0.021609863616317636
1.4120219978921553 	 0.021625483497982222
1.4130219978921552 	 0.02164164126801128
1.414021997892155 	 0.021658379317541283
1.415021997892155 	 0.021675744599076837
1.4160219978921549 	 0.021693788466843007
1.4170219978921548 	 0.021712566454685982
1.4180219978921547 	 0.021732137935763292
1.4190219978921546 	 0.02175256573868769
1.4200219978921544 	 0.021773915719035076
1.4210219978921543 	 0.021796256319570845
1.4220219978921542 	 0.02181965687179351
1.4230219978921541 	 0.021844183524449952
1.424021997892154 	 0.021869902327295326
1.425021997892154 	 0.021896879824049913
1.4260219978921538 	 0.021925182584863277
1.4270219978921537 	 0.02195487680166757
1.4280219978921536 	 0.021986027785898206
1.4290219978921535 	 0.022018699556925845
1.4300219978921533 	 0.022052954494421427
1.4310219978921532 	 0.022088853072104078
1.4320219978921531 	 0.02212645241376808
1.433021997892153 	 0.022165802763645992
1.434021997892153 	 0.022206950641032223
1.4350219978921528 	 0.022249939977840045
1.4360219978921527 	 0.02229481206561542
1.4370219978921526 	 0.02234160563721649
1.4380219978921525 	 0.022390356798248075
1.4390219978921523 	 0.02244109906087399
1.4400219978921522 	 0.022493863427833133
1.4410219978921521 	 0.02254867853352026
1.442021997892152 	 0.02260556980430611
1.443021997892152 	 0.022664556585218387
1.4440219978921518 	 0.02272565528906872
1.4450219978921517 	 0.022788880479235794
1.4460219978921516 	 0.02285424505987968
1.4470219978921515 	 0.022921760534196308
1.4480219978921514 	 0.022991437057620093
1.4490219978921512 	 0.02306328355417745
1.4500219978921511 	 0.02313730786613489
1.451021997892151 	 0.02321351692949752
1.452021997892151 	 0.023291916190849388
1.4530219978921508 	 0.023372507374198548
1.4540219978921507 	 0.02345529090416524
1.4550219978921506 	 0.02354026673037459
1.4560219978921505 	 0.023627434472326167
1.4570219978921504 	 0.023716793624333706
1.4580219978921503 	 0.02380834351787128
1.4590219978921501 	 0.023902083361241677
1.46002199789215 	 0.023998012303709893
1.46102199789215 	 0.02409612953367346
1.4620219978921498 	 0.024196433831156557
1.4630219978921497 	 0.024298921895405265
1.4640219978921496 	 0.024403590048883723
1.4650219978921495 	 0.02451043478914243
1.4660219978921494 	 0.024619452886949597
1.4670219978921493 	 0.02473064159329694
1.4680219978921492 	 0.024843998474311953
1.469021997892149 	 0.024959521375747605
1.470021997892149 	 0.025077208439063338
1.4710219978921488 	 0.025197058132372246
1.4720219978921487 	 0.025319068887643355
1.4730219978921486 	 0.025443237899560926
1.4740219978921485 	 0.025569562321842022
1.4750219978921484 	 0.025698039640443104
1.4760219978921483 	 0.02582866774538521
1.4770219978921482 	 0.02596144512192743
1.478021997892148 	 0.026096370651664102
1.479021997892148 	 0.02623344349263429
1.4800219978921478 	 0.026372663307647426
1.4810219978921477 	 0.026514029947902685
1.4820219978921476 	 0.02665754343520302
1.4830219978921475 	 0.026803202896538234
1.4840219978921474 	 0.026951007478756478
1.4850219978921473 	 0.02710095663312597
1.4860219978921472 	 0.027253050173338643
1.487021997892147 	 0.02740728844473137
1.488021997892147 	 0.027563672134540557
1.4890219978921468 	 0.027722202209293372
1.4900219978921467 	 0.02788287990808472
1.4910219978921466 	 0.02804570675975286
1.4920219978921465 	 0.02821068431671858
1.4930219978921464 	 0.028377813185217232
1.4940219978921463 	 0.028547093927209714
1.4950219978921462 	 0.028718527338129036
1.496021997892146 	 0.028892114496637814
1.497021997892146 	 0.029067856913067652
1.4980219978921459 	 0.029245756360697484
1.4990219978921457 	 0.029425814819711505
1.5000219978921456 	 0.02960803447079215
1.5010219978921455 	 0.02979241771862609
1.5020219978921454 	 0.02997896686995948
1.5030219978921453 	 0.030167682948739075
1.5040219978921452 	 0.030358566837051834
1.505021997892145 	 0.03055161947312753
1.506021997892145 	 0.030746842090894785
1.5070219978921449 	 0.030944236151980144
1.5080219978921447 	 0.031143803290592936
1.5090219978921446 	 0.03134554528395113
1.5100219978921445 	 0.03154946404402932
1.5110219978921444 	 0.03175556162949435
1.5120219978921443 	 0.03196383974428405
1.5130219978921442 	 0.03217429820808712
1.514021997892144 	 0.032386936476236555
1.515021997892144 	 0.03260175410525599
1.5160219978921439 	 0.032818750748345636
1.5170219978921438 	 0.03303792615245418
1.5180219978921436 	 0.03325928014985966
1.5190219978921435 	 0.03348281265151101
1.5200219978921434 	 0.03370852364102599
1.5210219978921433 	 0.03393641331323605
1.5220219978921432 	 0.03416648142258304
1.523021997892143 	 0.03439872459178185
1.524021997892143 	 0.034633138811366884
1.5250219978921429 	 0.034869720185982694
1.5260219978921428 	 0.03510848030366439
1.5270219978921427 	 0.03534942566737778
1.5280219978921425 	 0.03559255308884495
1.5290219978921424 	 0.03583785940476898
1.5300219978921423 	 0.036085341928387124
1.5310219978921422 	 0.036334997690489895
1.532021997892142 	 0.036586822242540035
1.533021997892142 	 0.0368408075250999
1.5340219978921419 	 0.03709694459802676
1.5350219978921418 	 0.03735522448479037
1.5360219978921417 	 0.03761563800576369
1.5370219978921416 	 0.0378781754664794
1.5380219978921414 	 0.038142826952528255
1.5390219978921413 	 0.038409582428248365
1.5400219978921412 	 0.03867843171013734
1.5410219978921411 	 0.03894936427412523
1.542021997892141 	 0.03922236762679865
1.543021997892141 	 0.03949742462153884
1.5440219978921408 	 0.039774516831705804
1.5450219978921407 	 0.04005362551052963
1.5460219978921406 	 0.04033473132598777
1.5470219978921405 	 0.040617813698651375
1.5480219978921403 	 0.040902851396030095
1.5490219978921402 	 0.04118982267454464
1.5500219978921401 	 0.04147870521945431
1.55102199789214 	 0.041769475787967
1.55202199789214 	 0.04206210809578431
1.5530219978921398 	 0.04235657015383201
1.5540219978921397 	 0.04265282797666485
1.5550219978921396 	 0.042950846609702185
1.5560219978921395 	 0.04325058964653939
1.5570219978921394 	 0.04355201813646301
1.5580219978921392 	 0.04385509148876846
1.5590219978921391 	 0.044159767704500766
1.560021997892139 	 0.04446600322887478
1.561021997892139 	 0.044773752400272086
1.5620219978921388 	 0.04508296492001595
1.5630219978921387 	 0.045393583828599676
1.5640219978921386 	 0.045705549094047754
1.5650219978921385 	 0.04601879855844039
1.5660219978921384 	 0.046333267341871175
1.5670219978921383 	 0.04664888645177015
1.5680219978921381 	 0.04696605054618672
1.569021997892138 	 0.04728508004486803
1.570021997892138 	 0.04760556268598241
1.5710219978921378 	 0.04792733736057501
1.5720219978921377 	 0.04825028457790788
1.5730219978921376 	 0.04857430039559579
1.5740219978921375 	 0.04889929222666201
1.5750219978921374 	 0.049225178276879555
1.5760219978921373 	 0.04955188818534555
1.5770219978921372 	 0.049879364363133276
1.578021997892137 	 0.05020756882694582
1.579021997892137 	 0.05053649035363446
1.5800219978921368 	 0.0508661529818947
1.5810219978921367 	 0.05119662562330392
1.5820219978921366 	 0.051528032063070134
1.5830219978921365 	 0.05186056612555205
1.5840219978921364 	 0.052194505686547876
1.5850219978921363 	 0.052530224219553265
1.5860219978921362 	 0.052868196727537814
1.587021997892136 	 0.05320899576661296
1.588021997892136 	 0.05355327856138031
1.5890219978921358 	 0.053901755151990166
1.5900219978921357 	 0.0542551362695874
1.5910219978921356 	 0.05461406196887559
1.5920219978921355 	 0.0549790187723347
1.5930219978921354 	 0.05535026398483371
1.5940219978921353 	 0.055727760980851075
1.5950219978921352 	 0.05611115005343024
1.596021997892135 	 0.05649976369183129
1.597021997892135 	 0.0568926837624497
1.5980219978921348 	 0.0572888337146253
1.5990219978921347 	 0.05768708189693663
1.6000219978921346 	 0.05808633675232942
1.6010219978921345 	 0.05848561959963284
1.6020219978921344 	 0.05888410987600218
1.6030219978921343 	 0.05928116984092545
1.6040219978921342 	 0.05967633229930327
1.605021997892134 	 0.06006927825168231
1.606021997892134 	 0.06045980883634769
1.6070219978921338 	 0.060847815218554896
1.6080219978921337 	 0.06123325258550552
1.6090219978921336 	 0.061616117170324614
1.6100219978921335 	 0.06199642800860514
1.6110219978921334 	 0.06237421243220331
1.6120219978921333 	 0.06274949886763011
1.6130219978921332 	 0.06312232027685385
1.614021997892133 	 0.06349269889374584
1.615021997892133 	 0.06386063999461829
1.6160219978921329 	 0.06422613008522934
1.6170219978921327 	 0.06458913669639434
1.6180219978921326 	 0.0649496070166271
1.6190219978921325 	 0.06530746828756348
1.6200219978921324 	 0.06566262799043904
1.6210219978921323 	 0.06601497439803422
1.6220219978921322 	 0.06636438251341491
1.623021997892132 	 0.06671072548705421
1.624021997892132 	 0.06705386199366478
1.6250219978921319 	 0.06739363247104395
1.6260219978921318 	 0.06772986013675178
1.6270219978921316 	 0.0680623528443895
1.6280219978921315 	 0.06839090143764529
1.6290219978921314 	 0.06871527937679799
1.6300219978921313 	 0.06903524277345795
1.6310219978921312 	 0.06935053154320138
1.632021997892131 	 0.06966087637323629
1.633021997892131 	 0.06996600870342728
1.6340219978921309 	 0.0702656472779783
1.6350219978921308 	 0.07055949468253643
1.6360219978921307 	 0.0708472386768259
1.6370219978921305 	 0.07112855573898985
1.6380219978921304 	 0.07140310844164446
1.6390219978921303 	 0.07167054494850764
1.6400219978921302 	 0.07193049988856184
1.64102199789213 	 0.07218259628056058
1.64202199789213 	 0.07242645364887104
1.6430219978921299 	 0.0726616951658918
1.6440219978921298 	 0.07288793760563102
1.6450219978921297 	 0.07310478960814404
1.6460219978921296 	 0.07331185430558812
1.6470219978921294 	 0.07350873467832081
1.6480219978921293 	 0.0736950313344401
1.6490219978921292 	 0.07387034323296193
1.650021997892129 	 0.0740342696733423
1.651021997892129 	 0.07418641346868385
1.652021997892129 	 0.07432638880201212
1.6530219978921288 	 0.07445382513887529
1.6540219978921287 	 0.07456836270040149
1.6550219978921286 	 0.07466965284127879
1.6560219978921285 	 0.07475736163486277
1.6570219978921283 	 0.07483117554944108
1.6580219978921282 	 0.0748908001966185
1.6590219978921281 	 0.0749359617215005
1.660021997892128 	 0.07496640890553122
1.661021997892128 	 0.07498191620465924
1.6620219978921278 	 0.07498228966364046
1.6630219978921277 	 0.07496736550982613
1.6640219978921276 	 0.07493701091531008
1.6650219978921275 	 0.07489112511959302
1.6660219978921273 	 0.07482964162671793
1.6670219978921272 	 0.0747525316332825
1.6680219978921271 	 0.07465980254476534
1.669021997892127 	 0.07455149789724788
1.670021997892127 	 0.07442769774490568
1.6710219978921268 	 0.074288519384993
1.6720219978921267 	 0.07413411766049259
1.6730219978921266 	 0.07396467944643248
1.6740219978921265 	 0.07378042586583822
1.6750219978921264 	 0.07358161237368871
1.6760219978921262 	 0.07336852791538413
1.6770219978921261 	 0.07314149452208213
1.678021997892126 	 0.07290086452181824
1.679021997892126 	 0.07264701831407851
1.6800219978921258 	 0.0723803623639519
1.6810219978921257 	 0.0721013271269554
1.6820219978921256 	 0.07181036308409774
1.6830219978921255 	 0.0715079318163165
1.6840219978921254 	 0.07119450965476731
1.6850219978921253 	 0.07087058711591131
1.6860219978921251 	 0.07053666641718566
1.687021997892125 	 0.07019325901111893
1.688021997892125 	 0.06984088319162796
1.6890219978921248 	 0.06948006176471384
1.6900219978921247 	 0.06911131980791188
1.6910219978921246 	 0.06873518238728453
1.6920219978921245 	 0.06835216954880638
1.6930219978921244 	 0.0679627877773485
1.6940219978921243 	 0.06756753579716401
1.6950219978921242 	 0.06716690525907756
1.696021997892124 	 0.0667613790563438
1.697021997892124 	 0.0663514293364875
1.6980219978921238 	 0.06593751714966517
1.6990219978921237 	 0.06552009172438406
1.7000219978921236 	 0.06509958966059325
1.7010219978921235 	 0.06467643392398212
1.7020219978921234 	 0.06425102986771367
1.7030219978921233 	 0.06382375890485481
1.7040219978921232 	 0.06339498571494234
1.705021997892123 	 0.0629650602735021
1.706021997892123 	 0.0625343172222049
1.7070219978921228 	 0.06210307551623097
1.7080219978921227 	 0.06167163862490996
1.7090219978921226 	 0.06124029570920857
1.7100219978921225 	 0.060809321715527005
1.7110219978921224 	 0.060378977260417147
1.7120219978921223 	 0.059949505705775744
1.7130219978921222 	 0.059521128806635
1.714021997892122 	 0.05909405364024622
1.715021997892122 	 0.05866847493433596
1.7160219978921218 	 0.05824457512422345
1.7170219978921217 	 0.05782252371071929
1.7180219978921216 	 0.05740247892472357
1.7190219978921215 	 0.0569845885820557
1.7200219978921214 	 0.05656899058110502
1.7210219978921213 	 0.05615581309040493
1.7220219978921212 	 0.05574517195018156
1.723021997892121 	 0.05533716821597584
1.724021997892121 	 0.05493189340250444
1.7250219978921209 	 0.05452943149013679
1.7260219978921207 	 0.05412985900545553
1.7270219978921206 	 0.0537332444449806
1.7280219978921205 	 0.05333964973952153
1.7290219978921204 	 0.05294913102720039
1.7300219978921203 	 0.05256173897095302
1.7310219978921202 	 0.052177518838886064
1.73202199789212 	 0.051796508739761826
1.73302199789212 	 0.05141873767661981
1.7340219978921199 	 0.051044229544428735
1.7350219978921197 	 0.050673004468952676
1.7360219978921196 	 0.050305078796948316
1.7370219978921195 	 0.050137256523823386
1.7380219978921194 	 0.050165384265674254
1.7390219978921193 	 0.05019351157369128
1.7400219978921192 	 0.05022163844886589
1.741021997892119 	 0.050249764892185814
1.742021997892119 	 0.050277890904635185
1.7430219978921189 	 0.0503060164871945
1.7440219978921188 	 0.05033414164084068
1.7450219978921186 	 0.050362266366547066
1.7460219978921185 	 0.05039039066528344
1.7470219978921184 	 0.050418514538016004
1.7480219978921183 	 0.05044663798570752
1.7490219978921182 	 0.05047476100931709
1.750021997892118 	 0.05050288360980048
1.751021997892118 	 0.05053100578810986
1.7520219978921179 	 0.050559127545193996
1.7530219978921178 	 0.050587248881998184
1.7540219978921177 	 0.050615369799464294
1.7550219978921175 	 0.050643490298530755
1.7560219978921174 	 0.05067161038013263
1.7570219978921173 	 0.05069973004520157
1.7580219978921172 	 0.050727849294665894
1.759021997892117 	 0.05075596812945052
1.760021997892117 	 0.05078408655047703
1.7610219978921169 	 0.05081220455866372
1.7620219978921168 	 0.050840322154925566
1.7630219978921167 	 0.05086843934017419
1.7640219978921166 	 0.05089655611531803
1.7650219978921164 	 0.0509246724812622
1.7660219978921163 	 0.050952788438908575
1.7670219978921162 	 0.050980903989155786
1.7680219978921161 	 0.05100901913289928
1.769021997892116 	 0.05103713387103125
1.770021997892116 	 0.05106524820444075
1.7710219978921158 	 0.05109336213401361
1.7720219978921157 	 0.05112147566063254
1.7730219978921156 	 0.051149588785177086
1.7740219978921155 	 0.05117770150852362
1.7750219978921153 	 0.05120581383154544
1.7760219978921152 	 0.05123392575511274
1.7770219978921151 	 0.05126203728009265
1.778021997892115 	 0.05129014840734913
1.779021997892115 	 0.05131825913774317
1.7800219978921148 	 0.05134636947213265
1.7810219978921147 	 0.051374479411372444
1.7820219978921146 	 0.05140258895631439
1.7830219978921145 	 0.05143069810780733
1.7840219978921144 	 0.05145880686669711
1.7850219978921142 	 0.0514869152338266
1.7860219978921141 	 0.05151502321003566
1.787021997892114 	 0.05154313079616124
1.788021997892114 	 0.05157123799303733
1.7890219978921138 	 0.051599344801495015
1.7900219978921137 	 0.051627451222362404
1.7910219978921136 	 0.051655557256464764
1.7920219978921135 	 0.051683662904624436
1.7930219978921134 	 0.051711768167660946
1.7940219978921133 	 0.05173987304639084
1.7950219978921131 	 0.05176797754162793
1.796021997892113 	 0.0517960816541831
1.797021997892113 	 0.05182418538486447
1.7980219978921128 	 0.05185228873447732
1.7990219978921127 	 0.05188039170382414
1.8000219978921126 	 0.05190849429370461
1.8010219978921125 	 0.051936596504915646
1.8020219978921124 	 0.05196469833825138
1.8030219978921123 	 0.05199279979450325
1.8040219978921122 	 0.05202090087445988
1.805021997892112 	 0.05204900157890724
1.806021997892112 	 0.052077101908628506
1.8070219978921118 	 0.05210520186440418
1.8080219978921117 	 0.052133301447012136
1.8090219978921116 	 0.05216140065722745
1.8100219978921115 	 0.05218949949582264
1.8110219978921114 	 0.05221759796356749
1.8120219978921113 	 0.05224569606122917
1.8130219978921112 	 0.05227379378957224
1.814021997892111 	 0.05230189114935855
1.815021997892111 	 0.05232998814134747
1.8160219978921108 	 0.05235808476629564
1.8170219978921107 	 0.05238618102495722
1.8180219978921106 	 0.05241427691808373
1.8190219978921105 	 0.05244237244642411
1.8200219978921104 	 0.05247046761072483
1.8210219978921103 	 0.05249856241172973
1.8220219978921102 	 0.05252665685018015
1.82302199789211 	 0.052554750926814935
1.82402199789211 	 0.05258284464237035
1.8250219978921098 	 0.05261093799758026
1.8260219978921097 	 0.05263903099317593
1.8270219978921096 	 0.052667123629886244
1.8280219978921095 	 0.05269521590843757
1.8290219978921094 	 0.052723307829553805
1.8300219978921093 	 0.05275139939395644
1.8310219978921092 	 0.052779490602364545
1.832021997892109 	 0.05280758145549469
1.833021997892109 	 0.05283567195406107
1.8340219978921088 	 0.05286376209877552
1.8350219978921087 	 0.05289185189034741
1.8360219978921086 	 0.05291994132948379
1.8370219978921085 	 0.052948030416889294
1.8380219978921084 	 0.05297611915326619
1.8390219978921083 	 0.0530042075393144
1.8400219978921082 	 0.05303229557573157
1.841021997892108 	 0.053060383263212885
1.842021997892108 	 0.05308847060245133
1.8430219978921079 	 0.053116557594137484
1.8440219978921077 	 0.053144644238959704
1.8450219978921076 	 0.05317273053760398
1.8460219978921075 	 0.05320081649075408
1.8470219978921074 	 0.053228902099091466
1.8480219978921073 	 0.053256987363295295
1.8490219978921072 	 0.0532850722840426
1.850021997892107 	 0.05331315686200802
1.851021997892107 	 0.05334124109786405
1.8520219978921069 	 0.05336932499228095
1.8530219978921068 	 0.05339740854592669
1.8540219978921066 	 0.05342549175946715
1.8550219978921065 	 0.053453574633565926
1.8560219978921064 	 0.05348165716888446
1.8570219978921063 	 0.05350973936608202
1.8580219978921062 	 0.05353782122581568
1.859021997892106 	 0.05356590274874036
1.860021997892106 	 0.053593983935508856
1.8610219978921059 	 0.053622064786771784
1.8620219978921058 	 0.05365014530317764
1.8630219978921057 	 0.053678225485372814
1.8640219978921055 	 0.05370630533400155
1.8650219978921054 	 0.053734384849706024
1.8660219978921053 	 0.05376246403312626
1.8670219978921052 	 0.053790542884900254
1.868021997892105 	 0.05381862140566388
1.869021997892105 	 0.05384669959605095
1.8700219978921049 	 0.053874777456693196
1.8710219978921048 	 0.053902854988220374
1.8720219978921047 	 0.053930932191260085
1.8730219978921046 	 0.05395900906643795
1.8740219978921044 	 0.053987085614377574
1.8750219978921043 	 0.05401516183570053
1.8760219978921042 	 0.054043237731026345
1.877021997892104 	 0.0540713133009726
1.878021997892104 	 0.05409938854615482
1.879021997892104 	 0.0541274634671866
1.8800219978921038 	 0.05415553806467952
1.8810219978921037 	 0.054183612339243216
1.8820219978921036 	 0.05421168629148533
1.8830219978921034 	 0.054239759922011584
1.8840219978921033 	 0.05426783323142572
1.8850219978921032 	 0.05429590622032958
1.8860219978921031 	 0.05432397888932304
1.887021997892103 	 0.054352051239004086
1.888021997892103 	 0.054380123269968744
1.8890219978921028 	 0.054408194982811214
1.8900219978921027 	 0.05443626637812372
1.8910219978921026 	 0.0544643374564966
1.8920219978921025 	 0.05449240821851839
1.8930219978921023 	 0.054520478664775655
1.8940219978921022 	 0.05454854879585314
1.8950219978921021 	 0.05457661861233374
1.896021997892102 	 0.05460468811479846
1.897021997892102 	 0.054632757303826496
1.8980219978921018 	 0.054660826179995195
1.8990219978921017 	 0.05468889474388007
1.9000219978921016 	 0.05471696299605482
1.9010219978921015 	 0.05474503093709131
1.9020219978921014 	 0.05477309856755963
1.9030219978921012 	 0.05480116588802807
1.9040219978921011 	 0.05482923289906307
1.905021997892101 	 0.05485729960122934
1.906021997892101 	 0.054885365995089856
1.9070219978921008 	 0.0549134320812057
1.9080219978921007 	 0.05494149786013628
1.9090219978921006 	 0.05496956333243925
1.9100219978921005 	 0.05499762849867048
1.9110219978921004 	 0.05502569335938408
1.9120219978921003 	 0.05505375791513251
1.9130219978921001 	 0.055081822166466385
1.9140219978921 	 0.05510988611393472
1.9150219978921 	 0.05513794975808473
1.9160219978920998 	 0.05516601309946196
1.9170219978920997 	 0.055194076138610236
1.9180219978920996 	 0.055222138876071726
1.9190219978920995 	 0.05525020131238686
1.9200219978920994 	 0.05527826344809445
1.9210219978920993 	 0.05530632528373155
1.9220219978920992 	 0.05533438681983366
1.923021997892099 	 0.055362448056934514
1.924021997892099 	 0.055390508995566266
1.9250219978920988 	 0.05541856963625939
1.9260219978920987 	 0.05544662997954274
1.9270219978920986 	 0.055474690025943504
1.9280219978920985 	 0.055502749775987265
1.9290219978920984 	 0.055530809230198014
1.9300219978920983 	 0.05555886838909809
1.9310219978920982 	 0.05558692725320823
1.932021997892098 	 0.05561498582304757
1.933021997892098 	 0.05564304409913369
1.9340219978920978 	 0.05567110208198251
1.9350219978920977 	 0.05569915977210845
1.9360219978920976 	 0.0557272171700243
1.9370219978920975 	 0.05575527427624128
1.9380219978920974 	 0.05578333109126908
1.9390219978920973 	 0.05581138761561583
1.9400219978920972 	 0.05583944384978806
1.941021997892097 	 0.05586749979429083
1.942021997892097 	 0.05589555544962761
1.9430219978920968 	 0.055923610816300366
1.9440219978920967 	 0.05595166589480948
1.9450219978920966 	 0.05597972068565391
1.9460219978920965 	 0.05600777518933104
1.9470219978920964 	 0.056035829406336744
1.9480219978920963 	 0.056063883337165415
1.9490219978920962 	 0.05609193698230992
1.950021997892096 	 0.05611999034226171
1.951021997892096 	 0.05614804341751066
1.9520219978920959 	 0.05617609620854517
1.9530219978920957 	 0.05620414871585227
1.9540219978920956 	 0.05623220093991744
1.9550219978920955 	 0.05626025288122468
1.9560219978920954 	 0.056288304540256615
1.9570219978920953 	 0.05631635591749434
1.9580219978920952 	 0.05634440701341754
1.959021997892095 	 0.056372457828504516
1.960021997892095 	 0.05640050836323203
1.9610219978920949 	 0.0564285586180755
1.9620219978920947 	 0.05645660859350887
1.9630219978920946 	 0.056484658290004694
1.9640219978920945 	 0.05651270770803414
1.9650219978920944 	 0.05654075684806689
1.9660219978920943 	 0.05656880571057135
1.9670219978920942 	 0.056596854296014416
1.968021997892094 	 0.05662490260486163
1.969021997892094 	 0.05665295063757722
1.9700219978920939 	 0.05668099839462391
1.9710219978920938 	 0.05670904587646317
1.9720219978920936 	 0.05673709308355503
1.9730219978920935 	 0.056765140016358184
1.9740219978920934 	 0.05679318667532997
1.9750219978920933 	 0.056821233060926346
1.9760219978920932 	 0.056849279173601996
1.977021997892093 	 0.0568773250138102
1.978021997892093 	 0.056905370582002866
1.9790219978920929 	 0.056933415878630676
1.9800219978920928 	 0.056961460904142946
1.9810219978920927 	 0.056989505658987576
1.9820219978920925 	 0.05701755014361134
1.9830219978920924 	 0.05704559435845953
1.9840219978920923 	 0.05707363830397623
1.9850219978920922 	 0.05710168198060415
1.986021997892092 	 0.05712972538878477
1.987021997892092 	 0.05715776852895827
1.9880219978920919 	 0.057185811401563494
1.9890219978920918 	 0.05721385400703808
1.9900219978920917 	 0.05724189634581833
1.9910219978920916 	 0.0572699384183393
1.9920219978920914 	 0.05729798022503478
1.9930219978920913 	 0.05732602176633729
1.9940219978920912 	 0.05735406304267812
1.9950219978920911 	 0.05738210405448726
1.996021997892091 	 0.05741014480219348
1.997021997892091 	 0.05743818528622436
1.9980219978920908 	 0.05746622550700614
1.9990219978920907 	 0.05749426546496389
