0.0010219978922 	 0.0
0.0020219978922 	 0.0
0.0030219978922 	 0.0
0.0040219978922 	 0.0
0.0050219978922 	 0.0
0.0060219978922 	 0.0
0.0070219978922 	 0.0
0.0080219978922 	 0.0
0.009021997892200002 	 0.0
0.010021997892200003 	 0.0
0.011021997892200004 	 0.0
0.012021997892200004 	 0.0
0.013021997892200005 	 0.0
0.014021997892200006 	 0.0
0.015021997892200007 	 0.0
0.016021997892200008 	 0.0
0.01702199789220001 	 0.0
0.01802199789220001 	 0.0
0.01902199789220001 	 0.0
0.02002199789220001 	 0.0
0.021021997892200012 	 0.0
0.022021997892200013 	 0.0
0.023021997892200014 	 0.0
0.024021997892200015 	 0.0
0.025021997892200016 	 0.0
0.026021997892200017 	 0.0
0.027021997892200018 	 0.0
0.02802199789220002 	 0.0
0.02902199789220002 	 0.0
0.03002199789220002 	 0.0
0.03102199789220002 	 0.0
0.03202199789220002 	 0.0
0.03302199789220002 	 0.0
0.03402199789220002 	 0.0
0.03502199789220002 	 0.0
0.03602199789220002 	 0.0
0.03702199789220002 	 0.0
0.038021997892200024 	 0.0
0.039021997892200025 	 0.0
0.040021997892200026 	 0.0
0.04102199789220003 	 0.0
0.04202199789220003 	 0.0
0.04302199789220003 	 0.0
0.04402199789220003 	 0.0
0.04502199789220003 	 0.0
0.04602199789220003 	 0.0
0.04702199789220003 	 0.0
0.04802199789220003 	 0.0
0.049021997892200034 	 0.0
0.050021997892200035 	 0.0
0.051021997892200036 	 0.0
0.052021997892200036 	 0.0
0.05302199789220004 	 0.0
0.05402199789220004 	 0.0
0.05502199789220004 	 0.0
0.05602199789220004 	 0.0
0.05702199789220004 	 0.0
0.05802199789220004 	 0.0
0.05902199789220004 	 0.0
0.060021997892200044 	 0.0
0.061021997892200044 	 0.0
0.062021997892200045 	 0.0
0.06302199789220005 	 0.0
0.06402199789220005 	 0.0
0.06502199789220005 	 0.0
0.06602199789220005 	 0.0
0.06702199789220005 	 0.0
0.06802199789220005 	 0.0
0.06902199789220005 	 0.0
0.07002199789220005 	 0.0
0.07102199789220005 	 0.0
0.07202199789220005 	 0.0
0.07302199789220006 	 0.0
0.07402199789220006 	 0.0
0.07502199789220006 	 0.0
0.07602199789220006 	 0.0
0.07702199789220006 	 0.0
0.07802199789220006 	 0.0
0.07902199789220006 	 0.0
0.08002199789220006 	 0.0
0.08102199789220006 	 0.0
0.08202199789220006 	 0.0
0.08302199789220006 	 0.0
0.08402199789220006 	 0.0
0.08502199789220007 	 0.0
0.08602199789220007 	 0.0
0.08702199789220007 	 0.0
0.08802199789220007 	 0.0
0.08902199789220007 	 0.0
0.09002199789220007 	 0.0
0.09102199789220007 	 0.0
0.09202199789220007 	 0.0
0.09302199789220007 	 0.0
0.09402199789220007 	 0.0
0.09502199789220007 	 0.0
0.09602199789220008 	 0.0
0.09702199789220008 	 0.0
0.09802199789220008 	 0.0
0.09902199789220008 	 0.0
0.10002199789220008 	 0.0
0.10102199789220008 	 0.0
0.10202199789220008 	 0.0
0.10302199789220008 	 0.0
0.10402199789220008 	 0.0
0.10502199789220008 	 0.0
0.10602199789220008 	 0.0
0.10702199789220009 	 0.0
0.10802199789220009 	 0.0
0.10902199789220009 	 0.0
0.11002199789220009 	 0.0
0.11102199789220009 	 0.0
0.11202199789220009 	 0.0
0.11302199789220009 	 0.0
0.11402199789220009 	 0.0
0.11502199789220009 	 0.0
0.1160219978922001 	 0.0
0.1170219978922001 	 0.0
0.1180219978922001 	 0.0
0.1190219978922001 	 0.0
0.1200219978922001 	 0.0
0.1210219978922001 	 0.0
0.1220219978922001 	 0.0
0.1230219978922001 	 0.0
0.1240219978922001 	 0.0
0.1250219978922001 	 0.0
0.1260219978922001 	 0.0
0.1270219978922001 	 0.0
0.1280219978922001 	 0.0
0.1290219978922001 	 0.0
0.1300219978922001 	 0.0
0.1310219978922001 	 0.0
0.1320219978922001 	 0.0
0.1330219978922001 	 0.0
0.1340219978922001 	 0.0
0.1350219978922001 	 0.0
0.1360219978922001 	 0.0
0.1370219978922001 	 0.0
0.1380219978922001 	 0.0
0.1390219978922001 	 0.0
0.1400219978922001 	 0.0
0.1410219978922001 	 0.0
0.1420219978922001 	 0.0
0.1430219978922001 	 0.0
0.1440219978922001 	 0.0
0.1450219978922001 	 0.0
0.1460219978922001 	 0.0
0.1470219978922001 	 0.0
0.1480219978922001 	 0.0
0.1490219978922001 	 0.0
0.1500219978922001 	 0.0
0.1510219978922001 	 0.0
0.1520219978922001 	 0.0
0.1530219978922001 	 0.0
0.1540219978922001 	 0.0
0.15502199789220011 	 0.0
0.15602199789220011 	 0.0
0.15702199789220012 	 0.0
0.15802199789220012 	 0.0
0.15902199789220012 	 0.0
0.16002199789220012 	 0.0
0.16102199789220012 	 0.0
0.16202199789220012 	 0.0
0.16302199789220012 	 0.0
0.16402199789220012 	 0.0
0.16502199789220012 	 0.0
0.16602199789220012 	 0.0
0.16702199789220012 	 0.0
0.16802199789220013 	 0.0
0.16902199789220013 	 0.0
0.17002199789220013 	 0.0
0.17102199789220013 	 0.0
0.17202199789220013 	 0.0
0.17302199789220013 	 0.0
0.17402199789220013 	 0.0
0.17502199789220013 	 0.0
0.17602199789220013 	 0.0
0.17702199789220013 	 0.0
0.17802199789220013 	 0.0
0.17902199789220014 	 0.0
0.18002199789220014 	 0.0
0.18102199789220014 	 0.0
0.18202199789220014 	 0.0
0.18302199789220014 	 0.0
0.18402199789220014 	 0.0
0.18502199789220014 	 0.0
0.18602199789220014 	 0.0
0.18702199789220014 	 0.0
0.18802199789220014 	 0.0
0.18902199789220014 	 0.0
0.19002199789220015 	 0.0
0.19102199789220015 	 0.0
0.19202199789220015 	 0.0
0.19302199789220015 	 0.0
0.19402199789220015 	 0.0
0.19502199789220015 	 0.0
0.19602199789220015 	 0.0
0.19702199789220015 	 0.0
0.19802199789220015 	 0.0
0.19902199789220015 	 0.0
0.20002199789220015 	 0.0
0.20102199789220015 	 0.0
0.20202199789220016 	 0.0
0.20302199789220016 	 0.0
0.20402199789220016 	 0.0
0.20502199789220016 	 0.0
0.20602199789220016 	 0.0
0.20702199789220016 	 0.0
0.20802199789220016 	 0.0
0.20902199789220016 	 0.0
0.21002199789220016 	 0.0
0.21102199789220016 	 0.0
0.21202199789220016 	 0.0
0.21302199789220017 	 0.0
0.21402199789220017 	 0.0
0.21502199789220017 	 0.0
0.21602199789220017 	 0.0
0.21702199789220017 	 0.0
0.21802199789220017 	 0.0
0.21902199789220017 	 0.0
0.22002199789220017 	 0.0
0.22102199789220017 	 0.0
0.22202199789220017 	 0.0
0.22302199789220017 	 0.0
0.22402199789220018 	 0.0
0.22502199789220018 	 0.0
0.22602199789220018 	 0.0
0.22702199789220018 	 0.0
0.22802199789220018 	 0.0
0.22902199789220018 	 0.0
0.23002199789220018 	 0.0
0.23102199789220018 	 0.0
0.23202199789220018 	 0.0
0.23302199789220018 	 0.0
0.23402199789220018 	 0.0
0.23502199789220019 	 0.0
0.23602199789220019 	 0.0
0.2370219978922002 	 0.0
0.2380219978922002 	 0.0
0.2390219978922002 	 0.0
0.2400219978922002 	 0.0
0.2410219978922002 	 0.0
0.2420219978922002 	 0.0
0.2430219978922002 	 0.0
0.2440219978922002 	 0.0
0.2450219978922002 	 0.0
0.2460219978922002 	 0.0
0.2470219978922002 	 0.0
0.2480219978922002 	 0.0
0.2490219978922002 	 0.0
0.2500219978922002 	 0.0
0.2510219978922002 	 0.0
0.2520219978922002 	 0.0
0.2530219978922002 	 0.0
0.2540219978922002 	 0.0
0.2550219978922002 	 0.0
0.2560219978922002 	 0.0
0.2570219978922002 	 0.0
0.2580219978922002 	 0.0
0.2590219978922002 	 0.0
0.2600219978922002 	 0.0
0.2610219978922002 	 0.0
0.2620219978922002 	 0.0
0.2630219978922002 	 0.0
0.2640219978922002 	 0.0
0.2650219978922002 	 0.0
0.2660219978922002 	 0.0
0.2670219978922002 	 0.0
0.2680219978922002 	 0.0
0.2690219978922002 	 0.0
0.2700219978922002 	 0.0
0.2710219978922002 	 0.0
0.2720219978922002 	 0.0
0.2730219978922002 	 0.0
0.2740219978922002 	 0.0
0.2750219978922002 	 0.0
0.2760219978922002 	 0.0
0.2770219978922002 	 0.0
0.2780219978922002 	 0.0
0.2790219978922002 	 0.0
0.2800219978922002 	 0.0
0.2810219978922002 	 0.0
0.2820219978922002 	 0.0
0.2830219978922002 	 0.0
0.28402199789220023 	 0.0
0.28502199789220023 	 0.0
0.28602199789220023 	 0.0
0.28702199789220023 	 0.0
0.28802199789220023 	 0.0
0.28902199789220023 	 0.0
0.29002199789220023 	 0.0
0.29102199789220023 	 0.0
0.29202199789220024 	 0.0
0.29302199789220024 	 0.0
0.29402199789220024 	 0.0
0.29502199789220024 	 0.0
0.29602199789220024 	 0.0
0.29702199789220024 	 0.0
0.29802199789220024 	 0.0
0.29902199789220024 	 0.0
0.30002199789220024 	 0.0
0.30102199789220024 	 0.0
0.30202199789220024 	 0.0
0.30302199789220025 	 0.0
0.30402199789220025 	 0.0
0.30502199789220025 	 0.0
0.30602199789220025 	 0.0
0.30702199789220025 	 0.0
0.30802199789220025 	 0.0
0.30902199789220025 	 0.0
0.31002199789220025 	 0.0
0.31102199789220025 	 0.0
0.31202199789220025 	 0.0
0.31302199789220025 	 0.0
0.31402199789220026 	 0.0
0.31502199789220026 	 0.0
0.31602199789220026 	 0.0
0.31702199789220026 	 0.0
0.31802199789220026 	 0.0
0.31902199789220026 	 0.0
0.32002199789220026 	 0.0
0.32102199789220026 	 0.0
0.32202199789220026 	 0.0
0.32302199789220026 	 0.0
0.32402199789220026 	 0.0
0.32502199789220027 	 0.0
0.32602199789220027 	 0.0
0.32702199789220027 	 0.0
0.32802199789220027 	 0.0
0.32902199789220027 	 0.0
0.33002199789220027 	 0.0
0.33102199789220027 	 0.0
0.33202199789220027 	 0.0
0.33302199789220027 	 0.0
0.3340219978922003 	 0.0
0.3350219978922003 	 0.0
0.3360219978922003 	 0.0
0.3370219978922003 	 0.0
0.3380219978922003 	 0.0
0.3390219978922003 	 0.0
0.3400219978922003 	 0.0
0.3410219978922003 	 0.0
0.3420219978922003 	 0.0
0.3430219978922003 	 0.0
0.3440219978922003 	 0.0
0.3450219978922003 	 0.0
0.3460219978922003 	 0.0
0.3470219978922003 	 0.0
0.3480219978922003 	 0.0
0.3490219978922003 	 0.0
0.3500219978922003 	 0.0
0.3510219978922003 	 0.0
0.3520219978922003 	 0.0
0.3530219978922003 	 0.0
0.3540219978922003 	 0.0
0.3550219978922003 	 0.0
0.3560219978922003 	 0.0
0.3570219978922003 	 0.0
0.3580219978922003 	 0.0
0.3590219978922003 	 0.0
0.3600219978922003 	 0.0
0.3610219978922003 	 0.0
0.3620219978922003 	 0.0
0.3630219978922003 	 0.0
0.3640219978922003 	 0.0
0.3650219978922003 	 0.0
0.3660219978922003 	 0.0
0.3670219978922003 	 0.0
0.3680219978922003 	 0.0
0.3690219978922003 	 0.0
0.3700219978922003 	 0.0
0.3710219978922003 	 0.0
0.3720219978922003 	 0.0
0.3730219978922003 	 0.0
0.3740219978922003 	 0.0
0.3750219978922003 	 0.0
0.3760219978922003 	 0.0
0.3770219978922003 	 0.0
0.3780219978922003 	 0.0
0.3790219978922003 	 0.0
0.3800219978922003 	 0.0
0.3810219978922003 	 0.0
0.3820219978922003 	 0.0
0.3830219978922003 	 0.0
0.3840219978922003 	 0.0
0.3850219978922003 	 0.0
0.3860219978922003 	 0.0
0.3870219978922003 	 0.0
0.3880219978922003 	 0.0
0.3890219978922003 	 0.0
0.3900219978922003 	 0.0
0.3910219978922003 	 0.0
0.3920219978922003 	 0.0
0.3930219978922003 	 0.0
0.3940219978922003 	 0.0
0.3950219978922003 	 0.0
0.39602199789220033 	 0.0
0.39702199789220033 	 0.0
0.39802199789220033 	 0.0
0.39902199789220033 	 0.0
0.40002199789220033 	 0.0
0.40102199789220033 	 0.0
0.40202199789220033 	 0.0
0.40302199789220033 	 0.0
0.40402199789220034 	 0.0
0.40502199789220034 	 0.0
0.40602199789220034 	 0.0
0.40702199789220034 	 0.0
0.40802199789220034 	 0.0
0.40902199789220034 	 0.0
0.41002199789220034 	 0.0
0.41102199789220034 	 0.0
0.41202199789220034 	 0.0
0.41302199789220034 	 0.0
0.41402199789220034 	 0.0
0.41502199789220034 	 0.0
0.41602199789220035 	 0.0
0.41702199789220035 	 0.0
0.41802199789220035 	 0.0
0.41902199789220035 	 0.0
0.42002199789220035 	 0.0
0.42102199789220035 	 0.0
0.42202199789220035 	 0.0
0.42302199789220035 	 0.0
0.42402199789220035 	 0.0
0.42502199789220035 	 0.0
0.42602199789220035 	 0.0
0.42702199789220036 	 0.0
0.42802199789220036 	 0.0
0.42902199789220036 	 0.0
0.43002199789220036 	 0.0
0.43102199789220036 	 0.0
0.43202199789220036 	 0.0
0.43302199789220036 	 0.0
0.43402199789220036 	 0.0
0.43502199789220036 	 0.0
0.43602199789220036 	 0.0
0.43702199789220036 	 0.0
0.43802199789220037 	 0.0
0.43902199789220037 	 0.0
0.44002199789220037 	 0.0
0.44102199789220037 	 0.0
0.44202199789220037 	 0.0
0.44302199789220037 	 0.0
0.44402199789220037 	 0.0
0.44502199789220037 	 0.0
0.4460219978922004 	 0.0
0.4470219978922004 	 0.0
0.4480219978922004 	 0.0
0.4490219978922004 	 0.0
0.4500219978922004 	 0.0
0.4510219978922004 	 0.0
0.4520219978922004 	 0.0
0.4530219978922004 	 0.0
0.4540219978922004 	 0.0
0.4550219978922004 	 0.0
0.4560219978922004 	 0.0
0.4570219978922004 	 0.0
0.4580219978922004 	 0.0
0.4590219978922004 	 0.0
0.4600219978922004 	 0.0
0.4610219978922004 	 0.0
0.4620219978922004 	 0.0
0.4630219978922004 	 0.0
0.4640219978922004 	 0.0
0.4650219978922004 	 0.0
0.4660219978922004 	 0.0
0.4670219978922004 	 0.0
0.4680219978922004 	 0.0
0.4690219978922004 	 0.0
0.4700219978922004 	 0.0
0.4710219978922004 	 0.0
0.4720219978922004 	 0.0
0.4730219978922004 	 0.0
0.4740219978922004 	 0.0
0.4750219978922004 	 0.0
0.4760219978922004 	 0.0
0.4770219978922004 	 0.0
0.4780219978922004 	 0.0
0.4790219978922004 	 0.0
0.4800219978922004 	 0.0
0.4810219978922004 	 0.0
0.4820219978922004 	 0.0
0.4830219978922004 	 0.0
0.4840219978922004 	 0.0
0.4850219978922004 	 0.0
0.4860219978922004 	 0.0
0.4870219978922004 	 0.0
0.4880219978922004 	 0.0
0.4890219978922004 	 0.0
0.4900219978922004 	 0.0
0.4910219978922004 	 0.0
0.4920219978922004 	 0.0
0.4930219978922004 	 0.0
0.4940219978922004 	 0.0
0.4950219978922004 	 0.0
0.4960219978922004 	 0.0
0.4970219978922004 	 0.0
0.4980219978922004 	 0.0
0.4990219978922004 	 0.0
0.5000219978922004 	 0.0
0.5010219978922004 	 0.0
0.5020219978922004 	 0.0
0.5030219978922004 	 0.0
0.5040219978922004 	 0.0
0.5050219978922004 	 0.0
0.5060219978922004 	 0.0
0.5070219978922004 	 0.0
0.5080219978922004 	 0.0
0.5090219978922004 	 0.0
0.5100219978922004 	 0.0
0.5110219978922004 	 0.0
0.5120219978922004 	 0.0
0.5130219978922004 	 0.0
0.5140219978922004 	 0.0
0.5150219978922004 	 0.0
0.5160219978922004 	 0.0
0.5170219978922004 	 0.0
0.5180219978922004 	 0.0
0.5190219978922004 	 0.0
0.5200219978922004 	 0.0
0.5210219978922004 	 0.0
0.5220219978922004 	 0.0
0.5230219978922004 	 0.0
0.5240219978922004 	 0.0
0.5250219978922004 	 0.0
0.5260219978922004 	 0.0
0.5270219978922004 	 0.0
0.5280219978922004 	 0.0
0.5290219978922004 	 0.0
0.5300219978922004 	 0.0
0.5310219978922004 	 0.0
0.5320219978922004 	 0.0
0.5330219978922004 	 0.0
0.5340219978922004 	 0.0
0.5350219978922004 	 0.0
0.5360219978922004 	 0.0
0.5370219978922004 	 0.0
0.5380219978922004 	 0.0
0.5390219978922004 	 0.0
0.5400219978922004 	 0.0
0.5410219978922004 	 0.0
0.5420219978922004 	 0.0
0.5430219978922004 	 0.0
0.5440219978922004 	 0.0
0.5450219978922004 	 0.0
0.5460219978922004 	 0.0
0.5470219978922004 	 0.0
0.5480219978922004 	 0.0
0.5490219978922004 	 0.0
0.5500219978922004 	 0.0
0.5510219978922004 	 0.0
0.5520219978922004 	 0.0
0.5530219978922004 	 0.0
0.5540219978922004 	 0.0
0.5550219978922004 	 0.0
0.5560219978922004 	 0.0
0.5570219978922004 	 0.0
0.5580219978922004 	 0.0
0.5590219978922004 	 0.0
0.5600219978922004 	 0.0
0.5610219978922004 	 0.0
0.5620219978922004 	 0.0
0.5630219978922004 	 0.0
0.5640219978922004 	 0.0
0.5650219978922004 	 0.0
0.5660219978922004 	 0.0
0.5670219978922004 	 0.0
0.5680219978922004 	 0.0
0.5690219978922004 	 0.0
0.5700219978922004 	 0.0
0.5710219978922004 	 0.0
0.5720219978922004 	 0.0
0.5730219978922004 	 0.0
0.5740219978922004 	 0.0
0.5750219978922004 	 0.0
0.5760219978922004 	 0.0
0.5770219978922004 	 0.0
0.5780219978922004 	 0.0
0.5790219978922004 	 0.0
0.5800219978922004 	 0.0
0.5810219978922004 	 0.0
0.5820219978922004 	 0.0
0.5830219978922004 	 0.0
0.5840219978922004 	 0.0
0.5850219978922004 	 0.0
0.5860219978922004 	 0.0
0.5870219978922004 	 0.0
0.5880219978922004 	 0.0
0.5890219978922004 	 0.0
0.5900219978922004 	 0.0
0.5910219978922004 	 0.0
0.5920219978922004 	 0.0
0.5930219978922004 	 0.0
0.5940219978922004 	 0.0
0.5950219978922004 	 0.0
0.5960219978922005 	 0.0
0.5970219978922005 	 0.0
0.5980219978922005 	 0.0
0.5990219978922005 	 0.0
0.6000219978922005 	 0.0
0.6010219978922005 	 0.0
0.6020219978922005 	 0.0
0.6030219978922005 	 0.0
0.6040219978922005 	 0.0
0.6050219978922005 	 0.0
0.6060219978922005 	 0.0
0.6070219978922005 	 0.0
0.6080219978922005 	 0.0
0.6090219978922005 	 0.0
0.6100219978922005 	 0.0
0.6110219978922005 	 0.0
0.6120219978922005 	 0.0
0.6130219978922005 	 0.0
0.6140219978922005 	 0.0
0.6150219978922005 	 0.0
0.6160219978922005 	 0.0
0.6170219978922005 	 0.0
0.6180219978922005 	 0.0
0.6190219978922005 	 0.0
0.6200219978922005 	 0.0
0.6210219978922005 	 0.0
0.6220219978922005 	 0.0
0.6230219978922005 	 0.0
0.6240219978922005 	 0.0
0.6250219978922005 	 0.0
0.6260219978922005 	 0.0
0.6270219978922005 	 0.0
0.6280219978922005 	 0.0
0.6290219978922005 	 0.0
0.6300219978922005 	 0.0
0.6310219978922005 	 0.0
0.6320219978922005 	 0.0
0.6330219978922005 	 0.0
0.6340219978922005 	 0.0
0.6350219978922005 	 0.0
0.6360219978922005 	 0.0
0.6370219978922005 	 0.0
0.6380219978922005 	 0.0
0.6390219978922005 	 0.0
0.6400219978922005 	 0.0
0.6410219978922005 	 0.0
0.6420219978922005 	 0.0
0.6430219978922005 	 0.0
0.6440219978922005 	 0.0
0.6450219978922005 	 0.0
0.6460219978922005 	 0.0
0.6470219978922005 	 0.0
0.6480219978922005 	 0.0
0.6490219978922005 	 0.0
0.6500219978922005 	 0.0
0.6510219978922005 	 0.0
0.6520219978922005 	 0.0
0.6530219978922005 	 0.0
0.6540219978922005 	 0.0
0.6550219978922005 	 0.0
0.6560219978922005 	 0.0
0.6570219978922005 	 0.0
0.6580219978922005 	 0.0
0.6590219978922005 	 0.0
0.6600219978922005 	 0.0
0.6610219978922005 	 0.0
0.6620219978922005 	 0.0
0.6630219978922005 	 0.0
0.6640219978922005 	 0.0
0.6650219978922005 	 0.0
0.6660219978922005 	 0.0
0.6670219978922005 	 0.0
0.6680219978922005 	 0.0
0.6690219978922005 	 0.0
0.6700219978922005 	 0.0
0.6710219978922005 	 0.0
0.6720219978922005 	 0.0
0.6730219978922005 	 0.0
0.6740219978922005 	 0.0
0.6750219978922005 	 0.0
0.6760219978922005 	 0.0
0.6770219978922005 	 0.0
0.6780219978922005 	 0.0
0.6790219978922005 	 0.0
0.6800219978922005 	 0.0
0.6810219978922005 	 0.0
0.6820219978922005 	 0.0
0.6830219978922005 	 0.0
0.6840219978922005 	 0.0
0.6850219978922005 	 0.0
0.6860219978922005 	 0.0
0.6870219978922005 	 0.0
0.6880219978922005 	 0.0
0.6890219978922005 	 0.0
0.6900219978922005 	 0.0
0.6910219978922005 	 0.0
0.6920219978922005 	 0.0
0.6930219978922005 	 0.0
0.6940219978922005 	 0.0
0.6950219978922005 	 0.0
0.6960219978922005 	 0.0
0.6970219978922005 	 0.0
0.6980219978922005 	 0.0
0.6990219978922005 	 0.0
0.7000219978922005 	 0.0
0.7010219978922005 	 0.0
0.7020219978922005 	 0.0
0.7030219978922005 	 0.0
0.7040219978922005 	 0.0
0.7050219978922005 	 0.0
0.7060219978922005 	 0.0
0.7070219978922005 	 0.0
0.7080219978922005 	 0.0
0.7090219978922006 	 0.0
0.7100219978922006 	 0.0
0.7110219978922006 	 0.0
0.7120219978922006 	 0.0
0.7130219978922006 	 0.0
0.7140219978922006 	 0.0
0.7150219978922006 	 0.0
0.7160219978922006 	 0.0
0.7170219978922006 	 0.0
0.7180219978922006 	 0.0
0.7190219978922006 	 0.0
0.7200219978922006 	 0.0
0.7210219978922006 	 0.0
0.7220219978922006 	 0.0
0.7230219978922006 	 0.0
0.7240219978922006 	 0.0
0.7250219978922006 	 0.0
0.7260219978922006 	 0.0
0.7270219978922006 	 0.0
0.7280219978922006 	 0.0
0.7290219978922006 	 0.0
0.7300219978922006 	 0.0
0.7310219978922006 	 0.0
0.7320219978922006 	 0.0
0.7330219978922006 	 0.0
0.7340219978922006 	 0.0
0.7350219978922006 	 0.0
0.7360219978922006 	 0.0
0.7370219978922006 	 0.0
0.7380219978922006 	 0.0
0.7390219978922006 	 0.0
0.7400219978922006 	 0.0
0.7410219978922006 	 0.0
0.7420219978922006 	 0.0
0.7430219978922006 	 0.0
0.7440219978922006 	 0.0
0.7450219978922006 	 0.0
0.7460219978922006 	 0.0
0.7470219978922006 	 0.0
0.7480219978922006 	 0.0
0.7490219978922006 	 0.0
0.7500219978922006 	 0.0
0.7510219978922006 	 0.0
0.7520219978922006 	 0.0
0.7530219978922006 	 0.0
0.7540219978922006 	 0.0
0.7550219978922006 	 0.0
0.7560219978922006 	 0.0
0.7570219978922006 	 0.0
0.7580219978922006 	 0.0
0.7590219978922006 	 0.0
0.7600219978922006 	 0.0
0.7610219978922006 	 0.0
0.7620219978922006 	 0.0
0.7630219978922006 	 0.0
0.7640219978922006 	 0.0
0.7650219978922006 	 0.0
0.7660219978922006 	 0.0
0.7670219978922006 	 0.0
0.7680219978922006 	 0.0
0.7690219978922006 	 0.0
0.7700219978922006 	 0.0
0.7710219978922006 	 0.0
0.7720219978922006 	 0.0
0.7730219978922006 	 0.0
0.7740219978922006 	 0.0
0.7750219978922006 	 0.0
0.7760219978922006 	 0.0
0.7770219978922006 	 0.0
0.7780219978922006 	 0.0
0.7790219978922006 	 0.0
0.7800219978922006 	 0.0
0.7810219978922006 	 0.0
0.7820219978922006 	 0.0
0.7830219978922006 	 0.0
0.7840219978922006 	 0.0
0.7850219978922006 	 0.0
0.7860219978922006 	 0.0
0.7870219978922006 	 0.0
0.7880219978922006 	 0.0
0.7890219978922006 	 0.0
0.7900219978922006 	 0.0
0.7910219978922006 	 0.0
0.7920219978922006 	 0.0
0.7930219978922006 	 0.0
0.7940219978922006 	 0.0
0.7950219978922006 	 0.0
0.7960219978922006 	 0.0
0.7970219978922006 	 0.0
0.7980219978922006 	 0.0
0.7990219978922006 	 0.0
0.8000219978922006 	 0.0
0.8010219978922006 	 0.0
0.8020219978922006 	 0.0
0.8030219978922006 	 0.0
0.8040219978922006 	 0.0
0.8050219978922006 	 0.0
0.8060219978922006 	 0.0
0.8070219978922006 	 0.0
0.8080219978922006 	 0.0
0.8090219978922006 	 0.0
0.8100219978922006 	 0.0
0.8110219978922006 	 0.0
0.8120219978922006 	 0.0
0.8130219978922006 	 0.0
0.8140219978922006 	 0.0
0.8150219978922006 	 0.0
0.8160219978922006 	 0.0
0.8170219978922006 	 0.0
0.8180219978922006 	 0.0
0.8190219978922006 	 0.0
0.8200219978922006 	 0.0
0.8210219978922007 	 0.0
0.8220219978922007 	 0.0
0.8230219978922007 	 0.0
0.8240219978922007 	 0.0
0.8250219978922007 	 0.0
0.8260219978922007 	 0.0
0.8270219978922007 	 0.0
0.8280219978922007 	 0.0
0.8290219978922007 	 0.0
0.8300219978922007 	 0.0
0.8310219978922007 	 0.0
0.8320219978922007 	 0.0
0.8330219978922007 	 0.0
0.8340219978922007 	 0.0
0.8350219978922007 	 0.0
0.8360219978922007 	 0.0
0.8370219978922007 	 0.0
0.8380219978922007 	 0.0
0.8390219978922007 	 0.0
0.8400219978922007 	 0.0
0.8410219978922007 	 0.0
0.8420219978922007 	 0.0
0.8430219978922007 	 0.0
0.8440219978922007 	 0.0
0.8450219978922007 	 0.0
0.8460219978922007 	 0.0
0.8470219978922007 	 0.0
0.8480219978922007 	 0.0
0.8490219978922007 	 0.0
0.8500219978922007 	 0.0
0.8510219978922007 	 0.0
0.8520219978922007 	 0.0
0.8530219978922007 	 0.0
0.8540219978922007 	 0.0
0.8550219978922007 	 0.0
0.8560219978922007 	 0.0
0.8570219978922007 	 0.0
0.8580219978922007 	 0.0
0.8590219978922007 	 0.0
0.8600219978922007 	 0.0
0.8610219978922007 	 0.0
0.8620219978922007 	 0.0
0.8630219978922007 	 0.0
0.8640219978922007 	 0.0
0.8650219978922007 	 0.0
0.8660219978922007 	 0.0
0.8670219978922007 	 0.0
0.8680219978922007 	 0.0
0.8690219978922007 	 0.0
0.8700219978922007 	 0.0
0.8710219978922007 	 0.0
0.8720219978922007 	 0.0
0.8730219978922007 	 0.0
0.8740219978922007 	 0.0
0.8750219978922007 	 0.0
0.8760219978922007 	 0.0
0.8770219978922007 	 0.0
0.8780219978922007 	 0.0
0.8790219978922007 	 0.0
0.8800219978922007 	 0.0
0.8810219978922007 	 0.0
0.8820219978922007 	 0.0
0.8830219978922007 	 0.0
0.8840219978922007 	 0.0
0.8850219978922007 	 0.0
0.8860219978922007 	 0.0
0.8870219978922007 	 0.0
0.8880219978922007 	 0.0
0.8890219978922007 	 0.0
0.8900219978922007 	 0.0
0.8910219978922007 	 0.0
0.8920219978922007 	 0.0
0.8930219978922007 	 0.0
0.8940219978922007 	 0.0
0.8950219978922007 	 0.0
0.8960219978922007 	 0.0
0.8970219978922007 	 0.0
0.8980219978922007 	 0.0
0.8990219978922007 	 0.0
0.9000219978922007 	 0.0
0.9010219978922007 	 0.0
0.9020219978922007 	 0.0
0.9030219978922007 	 0.0
0.9040219978922007 	 0.0
0.9050219978922007 	 0.0
0.9060219978922007 	 0.0
0.9070219978922007 	 0.0
0.9080219978922007 	 0.0
0.9090219978922007 	 0.0
0.9100219978922007 	 0.0
0.9110219978922007 	 0.0
0.9120219978922007 	 0.0
0.9130219978922007 	 0.0
0.9140219978922007 	 0.0
0.9150219978922007 	 0.0
0.9160219978922007 	 0.0
0.9170219978922007 	 0.0
0.9180219978922007 	 0.0
0.9190219978922007 	 0.0
0.9200219978922007 	 0.0
0.9210219978922007 	 0.0
0.9220219978922007 	 0.0
0.9230219978922007 	 0.0
0.9240219978922007 	 0.0
0.9250219978922007 	 0.0
0.9260219978922007 	 0.0
0.9270219978922007 	 0.0
0.9280219978922007 	 0.0
0.9290219978922007 	 0.0
0.9300219978922007 	 0.0
0.9310219978922007 	 0.0
0.9320219978922007 	 0.0
0.9330219978922007 	 0.0
0.9340219978922008 	 0.0
0.9350219978922008 	 0.0
0.9360219978922008 	 0.0
0.9370219978922008 	 0.0
0.9380219978922008 	 0.0
0.9390219978922008 	 0.0
0.9400219978922008 	 0.0
0.9410219978922008 	 0.0
0.9420219978922008 	 0.0
0.9430219978922008 	 0.0
0.9440219978922008 	 0.0
0.9450219978922008 	 0.0
0.9460219978922008 	 0.0
0.9470219978922008 	 0.0
0.9480219978922008 	 0.0
0.9490219978922008 	 0.0
0.9500219978922008 	 0.0
0.9510219978922008 	 0.0
0.9520219978922008 	 0.0
0.9530219978922008 	 0.0
0.9540219978922008 	 0.0
0.9550219978922008 	 0.0
0.9560219978922008 	 0.0
0.9570219978922008 	 0.0
0.9580219978922008 	 0.0
0.9590219978922008 	 0.0
0.9600219978922008 	 0.0
0.9610219978922008 	 0.0
0.9620219978922008 	 0.0
0.9630219978922008 	 0.0
0.9640219978922008 	 0.0
0.9650219978922008 	 0.0
0.9660219978922008 	 0.0
0.9670219978922008 	 0.0
0.9680219978922008 	 0.0
0.9690219978922008 	 0.0
0.9700219978922008 	 0.0
0.9710219978922008 	 0.0
0.9720219978922008 	 0.0
0.9730219978922008 	 0.0
0.9740219978922008 	 0.0
0.9750219978922008 	 0.0
0.9760219978922008 	 0.0
0.9770219978922008 	 0.0
0.9780219978922008 	 0.0
0.9790219978922008 	 0.0
0.9800219978922008 	 0.0
0.9810219978922008 	 0.0
0.9820219978922008 	 0.0
0.9830219978922008 	 0.0
0.9840219978922008 	 0.0
0.9850219978922008 	 0.0
0.9860219978922008 	 0.0
0.9870219978922008 	 0.0
0.9880219978922008 	 1.2733295676082317e-05
0.9890219978922008 	 5.290985505993122e-05
0.9900219978922008 	 0.00011296349219231022
0.9910219978922008 	 0.00019263525808079087
0.9920219978922008 	 0.00029329674037819584
0.9930219978922008 	 0.0004172925411621288
0.9940219978922008 	 0.0005678423814543828
0.9950219978922008 	 0.0007491144073147406
0.9960219978922008 	 0.0009963829362699234
0.9970219978922008 	 0.0013354570157532704
0.9980219978922008 	 0.0017665265373460594
0.9990219978922008 	 0.002304089853207225
1.0000219978922007 	 0.002969420916489554
1.0010219978922006 	 0.003791242815981466
1.0020219978922005 	 0.004807845699985394
1.0030219978922004 	 0.006070478368725061
1.0040219978922003 	 0.007648466601608148
1.0050219978922001 	 0.009636952833839299
1.0060219978922 	 0.012168802372870886
1.0070219978922 	 0.015433353817720537
1.0080219978921998 	 0.019706776862063857
1.0090219978921997 	 0.02540280015088942
1.0100219978921996 	 0.033160556429997615
1.0110219978921995 	 0.044002920005110885
1.0120219978921994 	 0.059634867134986023
1.0130219978921993 	 0.08303317687146265
1.0140219978921992 	 0.11966788882731752
1.015021997892199 	 0.18011433420556766
1.016021997892199 	 0.285447524538912
1.0170219978921988 	 0.47476823221307796
1.0180219978921987 	 0.7840751356415351
1.0190219978921986 	 1.0646421448803833
1.0200219978921985 	 0.9632454266000414
1.0210219978921984 	 0.6569883524388477
1.0220219978921983 	 0.42567476511688435
1.0230219978921982 	 0.28703976093220884
1.024021997892198 	 0.20426652155143082
1.025021997892198 	 0.15247595306835843
1.0260219978921978 	 0.11834159793753396
1.0270219978921977 	 0.094772907341069
1.0280219978921976 	 0.0778440627217814
1.0290219978921975 	 0.06527484135516433
1.0300219978921974 	 0.055678854737821706
1.0310219978921973 	 0.04817788451282841
1.0320219978921972 	 0.04219520018382672
1.033021997892197 	 0.03733993123753672
1.034021997892197 	 0.03333975697579246
1.0350219978921968 	 0.030000290578126206
1.0360219978921967 	 0.027179768912321614
1.0370219978921966 	 0.024772819141306995
1.0380219978921965 	 0.022699774588751748
1.0390219978921964 	 0.02089947777464264
1.0400219978921963 	 0.01932432991223239
1.0410219978921962 	 0.017936820531350022
1.042021997892196 	 0.016707052462263422
1.043021997892196 	 0.01561094877910675
1.0440219978921959 	 0.014628935014216827
1.0450219978921957 	 0.013744957819378439
1.0460219978921956 	 0.012945745252341035
1.0470219978921955 	 0.012220242910937554
1.0480219978921954 	 0.01155917962650549
1.0490219978921953 	 0.01095472970759569
1.0500219978921952 	 0.010400247902262984
1.051021997892195 	 0.00989005967400538
1.052021997892195 	 0.009419293942838325
1.0530219978921949 	 0.00898374871081891
1.0540219978921948 	 0.008579782360434555
1.0550219978921946 	 0.008204225149302545
1.0560219978921945 	 0.00785430670746378
1.0570219978921944 	 0.007527596300596672
1.0580219978921943 	 0.007221953342539087
1.0590219978921942 	 0.006935486186621597
1.060021997892194 	 0.006666517642651545
1.061021997892194 	 0.006413555987609265
1.0620219978921939 	 0.006175270487052921
1.0630219978921938 	 0.005950470638392602
1.0640219978921936 	 0.005738088499577061
1.0650219978921935 	 0.005537163587030699
1.0660219978921934 	 0.0053468299221735805
1.0670219978921933 	 0.00516630488207198
1.0680219978921932 	 0.004994879570904895
1.069021997892193 	 0.004831910478216576
1.070021997892193 	 0.004676812229837783
1.0710219978921929 	 0.004529051269830019
1.0720219978921928 	 0.00438814033833481
1.0730219978921927 	 0.004253633631975883
1.0740219978921925 	 0.004125122551385615
1.0750219978921924 	 0.004002231955249801
1.0760219978921923 	 0.003884616852562696
1.0770219978921922 	 0.003771959475025537
1.078021997892192 	 0.00366396668008048
1.079021997892192 	 0.0035603676422453845
1.0800219978921919 	 0.003460911796448798
1.0810219978921918 	 0.003365367002153642
1.0820219978921917 	 0.003273517901364397
1.0830219978921916 	 0.003185164447265597
1.0840219978921914 	 0.0031001205833484083
1.0850219978921913 	 0.0030182130555326462
1.0860219978921912 	 0.002939280342060724
1.0870219978921911 	 0.0028631716878832723
1.088021997892191 	 0.002789746231928269
1.089021997892191 	 0.002718872217084994
1.0900219978921908 	 0.002650426273977435
1.0910219978921907 	 0.0025842927706776356
1.0920219978921906 	 0.0025203632214425868
1.0930219978921905 	 0.002458535748369165
1.0940219978921903 	 0.002398714590567678
1.0950219978921902 	 0.002340809656070903
1.0960219978921901 	 0.0022847361122336576
1.09702199789219 	 0.0022304140108505106
1.09802199789219 	 0.002177767944632155
1.0990219978921898 	 0.002126726732045791
1.1000219978921897 	 0.0020772231278443176
1.1010219978921896 	 0.0020291935568924236
1.1020219978921895 	 0.001982577869146637
1.1030219978921894 	 0.0019373191138677532
1.1040219978921892 	 0.0018933633313393556
1.1050219978921891 	 0.0018506593605401188
1.106021997892189 	 0.0018091586613716995
1.107021997892189 	 0.001768815150181833
1.1080219978921888 	 0.001729585047444235
1.1090219978921887 	 0.0016914267365667592
1.1100219978921886 	 0.0016543006328964306
1.1110219978921885 	 0.0016181690620781534
1.1120219978921884 	 0.0015829961470013622
1.1130219978921883 	 0.0015487477026401352
1.1140219978921881 	 0.001515391138154635
1.115021997892188 	 0.0014828953656792444
1.116021997892188 	 0.0014512307152733147
1.1170219978921878 	 0.0014203688555571412
1.1180219978921877 	 0.0013902827195968694
1.1190219978921876 	 0.0013609464356401247
1.1200219978921875 	 0.001332335262337716
1.1210219978921874 	 0.001304425528118034
1.1220219978921873 	 0.0012771945744082228
1.1230219978921872 	 0.0012506207024218841
1.124021997892187 	 0.0012246831232558986
1.125021997892187 	 0.001199361911059849
1.1260219978921868 	 0.0011746379590607038
1.1270219978921867 	 0.0011504929382425556
1.1280219978921866 	 0.0011269092584971284
1.1290219978921865 	 0.0011038700320752065
1.1300219978921864 	 0.0010813590391822057
1.1310219978921863 	 0.001059360695573143
1.1320219978921862 	 0.0010378600220134395
1.133021997892186 	 0.0010168426154817903
1.134021997892186 	 0.0009962946220008326
1.1350219978921858 	 0.000976202710989681
1.1360219978921857 	 0.0009565540510401429
1.1370219978921856 	 0.0009373362870256665
1.1380219978921855 	 0.0009185375184585837
1.1390219978921854 	 0.0009001462790172617
1.1400219978921853 	 0.0008821515171702436
1.1410219978921852 	 0.0008645425778297912
1.142021997892185 	 0.0008473091849717503
1.143021997892185 	 0.0008304414251630954
1.1440219978921848 	 0.000813929731942549
1.1450219978921847 	 0.0007977648710033897
1.1460219978921846 	 0.0007819379261309392
1.1470219978921845 	 0.0007664402858504336
1.1480219978921844 	 0.0007512636307439322
1.1490219978921843 	 0.0007363999213976533
1.1500219978921842 	 0.0007218413869435295
1.151021997892184 	 0.0007075805141613563
1.152021997892184 	 0.0006936100371097856
1.1530219978921838 	 0.0006799229272566852
1.1540219978921837 	 0.0006665123840810885
1.1550219978921836 	 0.00065337182612082
1.1560219978921835 	 0.0006404948824413875
1.1570219978921834 	 0.0006278753845033367
1.1580219978921833 	 0.0006155073584066327
1.1590219978921832 	 0.0006033850174918885
1.160021997892183 	 0.0005915027552795995
1.161021997892183 	 0.0005798551387295283
1.1620219978921829 	 0.0005684369018035878
1.1630219978921827 	 0.0005572429393164671
1.1640219978921826 	 0.0005462683010591853
1.1650219978921825 	 0.0005355081861816794
1.1660219978921824 	 0.0005249579378212512
1.1670219978921823 	 0.0005146130379645284
1.1680219978921822 	 0.0005044691025312654
1.169021997892182 	 0.0004945218766689889
1.170021997892182 	 0.00048476723024809716
1.1710219978921819 	 0.00047520115354760927
1.1720219978921818 	 0.00046581975312233746
1.1730219978921816 	 0.00045661924784269517
1.1740219978921815 	 0.00044759596509892386
1.1750219978921814 	 0.0004387463371618881
1.1760219978921813 	 0.0004300668976930838
1.1770219978921812 	 0.00042155427839684083
1.178021997892181 	 0.00041320520580812904
1.179021997892181 	 0.00040501649820967763
1.1800219978921809 	 0.0003969850626724987
1.1810219978921808 	 0.0003891078922141845
1.1820219978921807 	 0.00038138206306964417
1.1830219978921805 	 0.00037380473206923297
1.1840219978921804 	 0.00036637313411948936
1.1850219978921803 	 0.0003590845797819301
1.1860219978921802 	 0.0003519364529455855
1.18702199789218 	 0.0003449262085891845
1.18802199789218 	 0.0003380513706291076
1.1890219978921799 	 0.0003313095298493972
1.1900219978921798 	 0.00032469834191033257
1.1910219978921797 	 0.0003182155254322248
1.1920219978921796 	 0.0003118588601512724
1.1930219978921794 	 0.00030562618514443334
1.1940219978921793 	 0.00029951539712048426
1.1950219978921792 	 0.0002935244487745041
1.1960219978921791 	 0.0002876513472032097
1.197021997892179 	 0.00028189415237864934
1.198021997892179 	 0.0002762509756779098
1.1990219978921788 	 0.00027071997846660846
1.2000219978921787 	 0.00026529937073400164
1.2010219978921786 	 0.00025998740977770747
1.2020219978921785 	 0.00025478239893607564
1.2030219978921783 	 0.0002496826863663848
1.2040219978921782 	 0.00024468666386707214
1.2050219978921781 	 0.00023979276574233896
1.206021997892178 	 0.00023499946770752083
1.207021997892178 	 0.0002303052858336875
1.2080219978921778 	 0.00022570877553002478
1.2090219978921777 	 0.0002212085305625965
1.2100219978921776 	 0.0002168031821081634
1.2110219978921775 	 0.00021249139784179107
1.2120219978921773 	 0.00020827188105702768
1.2130219978921772 	 0.0002041433698175173
1.2140219978921771 	 0.00020010463613891807
1.215021997892177 	 0.00019615448520009473
1.216021997892177 	 0.00019229175458256996
1.2170219978921768 	 0.0001885153135372736
1.2180219978921767 	 0.00018482406227767964
1.2190219978921766 	 0.0001812169312984476
1.2200219978921765 	 0.0001776928807187423
1.2210219978921764 	 0.0001742508996494236
1.2220219978921762 	 0.00017089000558335318
1.2230219978921761 	 0.00016760924380808726
1.224021997892176 	 0.00016440768684025946
1.225021997892176 	 0.00016128443388099858
1.2260219978921758 	 0.00015823861029174552
1.2270219978921757 	 0.00015526936708985936
1.2280219978921756 	 0.00015237588046345337
1.2290219978921755 	 0.00014955735130490246
1.2300219978921754 	 0.000146813004762498
1.2310219978921753 	 0.00014414208980976468
1.2320219978921751 	 0.00014154387883195182
1.233021997892175 	 0.00013901766722926082
1.234021997892175 	 0.00013656277303636825
1.2350219978921748 	 0.00013417853655784851
1.2360219978921747 	 0.0001318643200191012
1.2370219978921746 	 0.00012961950723242043
1.2380219978921745 	 0.0001274435032778545
1.2390219978921744 	 0.00012533573419852903
1.2400219978921743 	 0.00012329564671012018
1.2410219978921742 	 0.00012132270792418215
1.242021997892174 	 0.0001194164050850553
1.243021997892174 	 0.0001175762453200797
1.2440219978921738 	 0.0001158017554028918
1.2450219978921737 	 0.00011409248152954236
1.2460219978921736 	 0.00011244798910724254
1.2470219978921735 	 0.00011086786255552852
1.2480219978921734 	 0.0001093517051196467
1.2490219978921733 	 0.00010789913869599794
1.2500219978921732 	 0.00010650980366947283
1.251021997892173 	 0.0001051833587625225
1.252021997892173 	 0.00010391948089583938
1.2530219978921728 	 0.00010271786506051142
1.2540219978921727 	 0.00010157822420154484
1.2550219978921726 	 0.00010050028911265046
1.2560219978921725 	 9.948380834219889e-05
1.2570219978921724 	 9.852854811027222e-05
1.2580219978921723 	 9.763429223673761e-05
1.2590219978921722 	 9.680084208028474e-05
1.260021997892172 	 9.602801648837819e-05
1.261021997892172 	 9.531565175808815e-05
1.2620219978921718 	 9.466360160776484e-05
1.2630219978921717 	 9.407173715954306e-05
1.2640219978921716 	 9.353994693265485e-05
1.2650219978921715 	 9.306813684756153e-05
1.2660219978921714 	 9.265623024089786e-05
1.2670219978921713 	 9.230416789124903e-05
1.2680219978921712 	 9.201190805577921e-05
1.269021997892171 	 9.177942651774081e-05
1.270021997892171 	 9.160671664489928e-05
1.2710219978921709 	 9.149378945891781e-05
1.2720219978921707 	 9.144067371574422e-05
1.2730219978921706 	 9.14474159970629e-05
1.2740219978921705 	 9.151408081285973e-05
1.2750219978921704 	 9.164075071517198e-05
1.2760219978921703 	 9.182752642308427e-05
1.2770219978921702 	 9.207452695904496e-05
1.27802199789217 	 9.23818897965713e-05
1.27902199789217 	 9.274977101942004e-05
1.2800219978921699 	 9.317834549229715e-05
1.2810219978921698 	 9.366780704317844e-05
1.2820219978921696 	 9.421836865731661e-05
1.2830219978921695 	 9.483026268300175e-05
1.2840219978921694 	 9.550374104913759e-05
1.2850219978921693 	 9.623907549470125e-05
1.2860219978921692 	 9.703655781012308e-05
1.287021997892169 	 9.789650009064266e-05
1.288021997892169 	 9.88192350016604e-05
1.2890219978921689 	 9.980511605610484e-05
1.2900219978921688 	 0.00010085451790381472
1.2910219978921686 	 0.00010196783663291115
1.2920219978921685 	 0.00010314549008311969
1.2930219978921684 	 0.00010438791817096983
1.2940219978921683 	 0.00010569558322677668
1.2950219978921682 	 0.00010706897034326007
1.296021997892168 	 0.00010850858773563704
1.297021997892168 	 0.00011001496711296203
1.2980219978921679 	 0.00011158866406044834
1.2990219978921678 	 0.00011323025843244372
1.3000219978921677 	 0.00011494035475567219
1.3010219978921675 	 0.00011671958264227452
1.3020219978921674 	 0.00011856859721211065
1.3030219978921673 	 0.00012048807952369364
1.3040219978921672 	 0.00012247873701301494
1.305021997892167 	 0.00012454130393942662
1.306021997892167 	 0.00012667654183760434
1.3070219978921669 	 0.00012888523997449315
1.3080219978921668 	 0.00013116821580996677
1.3090219978921667 	 0.0001335263154597758
1.3100219978921666 	 0.00013596041415917028
1.3110219978921664 	 0.00013847141672535142
1.3120219978921663 	 0.00014106025801671312
1.3130219978921662 	 0.00014372790338654235
1.3140219978921661 	 0.00014647534912858192
1.315021997892166 	 0.00014930362291154785
1.316021997892166 	 0.00015221378419934037
1.3170219978921658 	 0.00015520692465331053
1.3180219978921657 	 0.00015828416851252668
1.3190219978921656 	 0.0001614466729475209
1.3200219978921655 	 0.00016469562838248862
1.3210219978921653 	 0.00016803225878035278
1.3220219978921652 	 0.00017145782188448535
1.3230219978921651 	 0.0001749736094102241
1.324021997892165 	 0.00017858094717854004
1.325021997892165 	 0.00018228119518344337
1.3260219978921648 	 0.00018607574758378558
1.3270219978921647 	 0.00018996603260915915
1.3280219978921646 	 0.0001939535123685166
1.3290219978921645 	 0.00019803968254896253
1.3300219978921644 	 0.00020222607199088424
1.3310219978921642 	 0.00020651424212420448
1.3320219978921641 	 0.00021090578624898947
1.333021997892164 	 0.0002154023286420182
1.334021997892164 	 0.00022000552346906682
1.3350219978921638 	 0.00022471705348072878
1.3360219978921637 	 0.00022953862846745104
1.3370219978921636 	 0.0002344719834471149
1.3380219978921635 	 0.00023951887655604786
1.3390219978921634 	 0.00024468108661157556
1.3400219978921633 	 0.00024996041031135496
1.3410219978921631 	 0.0002553586590315391
1.342021997892163 	 0.000260877655182509
1.343021997892163 	 0.00026651922807720643
1.3440219978921628 	 0.0002722852092633377
1.3450219978921627 	 0.0002781774272665289
1.3460219978921626 	 0.0002841977016872037
1.3470219978921625 	 0.0002903478365893422
1.3480219978921624 	 0.00029662961311445154
1.3490219978921623 	 0.00030304478124901885
1.3500219978921622 	 0.00030959505066849367
1.351021997892162 	 0.00031628208057546116
1.352021997892162 	 0.0003231074684441193
1.3530219978921618 	 0.00033007273757770295
1.3540219978921617 	 0.0003371793233798935
1.3550219978921616 	 0.00034442855823592664
1.3560219978921615 	 0.00035182165489397715
1.3570219978921614 	 0.000359359688232612
1.3580219978921613 	 0.0003670435752960617
1.3590219978921612 	 0.00037487405347562283
1.360021997892161 	 0.0003828516567133328
1.361021997892161 	 0.00039097668960308863
1.3620219978921608 	 0.0003992491992653118
1.3630219978921607 	 0.0004076689448741993
1.3640219978921606 	 0.0004162353647223134
1.3650219978921605 	 0.0004249475407160909
1.3660219978921604 	 0.0004338041602085596
1.3670219978921603 	 0.0004428034750927598
1.3680219978921602 	 0.0004519432581019233
1.36902199789216 	 0.00046122075629122185
1.37002199789216 	 0.00047063264171170555
1.3710219978921598 	 0.0004801749593311213
1.3720219978921597 	 0.0004898430723093497
1.3730219978921596 	 0.0004996316047997042
1.3740219978921595 	 0.0005095343825219393
1.3750219978921594 	 0.0005195443714398969
1.3760219978921593 	 0.0005296536149769077
1.3770219978921592 	 0.0005398531703162438
1.378021997892159 	 0.0005501330444624465
1.379021997892159 	 0.0005604821308824169
1.3800219978921588 	 0.0005708881477021737
1.3810219978921587 	 0.0005813375786052431
1.3820219978921586 	 0.0005918156177598824
1.3830219978921585 	 0.0006023061202917171
1.3840219978921584 	 0.0006127915600123094
1.3850219978921583 	 0.0006232529963069221
1.3860219978921582 	 0.0006336700522700106
1.387021997892158 	 0.0006440209063460511
1.388021997892158 	 0.0006542822998764379
1.3890219978921579 	 0.0006644295630587185
1.3900219978921577 	 0.0006744366618791878
1.3910219978921576 	 0.0006842762685696716
1.3920219978921575 	 0.0006939198580488675
1.3930219978921574 	 0.0007033378326229082
1.3940219978921573 	 0.0007124996769240389
1.3950219978921572 	 0.0007213741446478231
1.396021997892157 	 0.000729929478098316
1.397021997892157 	 0.0007381336608616867
1.3980219978921569 	 0.0007459547031026176
1.3990219978921568 	 0.0007533609580220635
1.4000219978921566 	 0.0007603214669466135
1.4010219978921565 	 0.0007668063293648684
1.4020219978921564 	 0.0007727870930212668
1.4030219978921563 	 0.0007782371579695521
1.4040219978921562 	 0.0007831321873312919
1.405021997892156 	 0.0007874505164621262
1.406021997892156 	 0.0007911735513657153
1.4070219978921559 	 0.0007942861465786266
1.4080219978921558 	 0.0007967769524398201
1.4090219978921557 	 0.0007986387217079975
1.4100219978921555 	 0.000799868565934631
1.4110219978921554 	 0.000800468152858112
1.4120219978921553 	 0.0008004438373485352
1.4130219978921552 	 0.0007998067200728567
1.414021997892155 	 0.0007985726300102978
1.415021997892155 	 0.0007967620291489615
1.4160219978921549 	 0.0007943998400389931
1.4170219978921548 	 0.0007915151992543004
1.4180219978921547 	 0.0007881411421078884
1.4190219978921546 	 0.000784314226062402
1.4200219978921544 	 0.0007800741020746674
1.4210219978921543 	 0.0007754630445274641
1.4220219978921542 	 0.0007705254513731045
1.4230219978921541 	 0.0007653073266090247
1.424021997892154 	 0.0007598557572221608
1.425021997892154 	 0.0007542183962998363
1.4260219978921538 	 0.0007484429631586442
1.4270219978921537 	 0.0007425767701569137
1.4280219978921536 	 0.0007366662844113583
1.4290219978921535 	 0.0007307567310219448
1.4300219978921533 	 0.0007248917427085745
1.4310219978921532 	 0.0007191130590615026
1.4320219978921531 	 0.0007134602769769145
1.433021997892153 	 0.0007079706523499439
1.434021997892153 	 0.0007026789517743629
1.4350219978921528 	 0.0006976173518813103
1.4360219978921527 	 0.0006928153830540785
1.4370219978921526 	 0.0006882999135844707
1.4380219978921525 	 0.0006840951698802213
1.4390219978921523 	 0.0006802227880754186
1.4400219978921522 	 0.0006767018923139064
1.4410219978921521 	 0.0006735491950428667
1.442021997892152 	 0.000670779114841809
1.443021997892152 	 0.0006684039075938297
1.4440219978921518 	 0.0006664338071541707
1.4450219978921517 	 0.000664877172062719
1.4460219978921516 	 0.0006637406352608323
1.4470219978921515 	 0.0006630292541919699
1.4480219978921514 	 0.0006627466590755633
1.4490219978921512 	 0.0006628951975341823
1.4500219978921511 	 0.0006634760741172158
1.451021997892151 	 0.0006644894835953524
1.452021997892151 	 0.0006659347371958228
1.4530219978921508 	 0.0006678103812078366
1.4540219978921507 	 0.0006701143076113785
1.4550219978921506 	 0.0006728438565716254
1.4560219978921505 	 0.0006759959107982532
1.4570219978921504 	 0.0006795669818964249
1.4580219978921503 	 0.0006835532889370491
1.4590219978921501 	 0.0006879508295514378
1.46002199789215 	 0.0006927554439125774
1.46102199789215 	 0.0006979628720047446
1.4620219978921498 	 0.0007035688046081792
1.4630219978921497 	 0.0007095689284382238
1.4640219978921496 	 0.0007159589658811024
1.4650219978921495 	 0.000722734709763462
1.4660219978921494 	 0.0007298920535814117
1.4670219978921493 	 0.0007374270175989383
1.4680219978921492 	 0.0007453357712062086
1.469021997892149 	 0.0007536146519065666
1.470021997892149 	 0.0007622601812780397
1.4710219978921488 	 0.000771269078231199
1.4720219978921487 	 0.0007806382698613706
1.4730219978921486 	 0.0007903649001694175
1.4740219978921485 	 0.0008004463369022761
1.4750219978921484 	 0.0008108801767422417
1.4760219978921483 	 0.0008216642490529028
1.4770219978921482 	 0.0008327966183696291
1.478021997892148 	 0.0008442755858039516
1.479021997892148 	 0.0008560996895135913
1.4800219978921478 	 0.0008682677043739986
1.4810219978921477 	 0.0008807786409721961
1.4820219978921476 	 0.0008936317440302538
1.4830219978921475 	 0.000906826490353166
1.4840219978921474 	 0.0009203625863845638
1.4850219978921473 	 0.0009342399654434378
1.4860219978921472 	 0.0009484587847056192
1.487021997892147 	 0.0009630194219853722
1.488021997892147 	 0.0009779224723648397
1.4890219978921468 	 0.0009931687447122487
1.4900219978921467 	 0.0010087592581235184
1.4910219978921466 	 0.0010246952383165344
1.4920219978921465 	 0.001040978114002264
1.4930219978921464 	 0.0010576095132525058
1.4940219978921463 	 0.001074591259880027
1.4950219978921462 	 0.0010919253698433266
1.496021997892146 	 0.0011096140476849264
1.497021997892146 	 0.0011276596830093167
1.4980219978921459 	 0.0011460648470039895
1.4990219978921457 	 0.0011648322890046082
1.5000219978921456 	 0.0011839649331032206
1.5010219978921455 	 0.0012034658747964648
1.5020219978921454 	 0.0012233383776687834
1.5030219978921453 	 0.0012435858701040647
1.5040219978921452 	 0.0012642119420174435
1.505021997892145 	 0.0012852203415974358
1.506021997892145 	 0.0013066149720472142
1.5070219978921449 	 0.0013283998883122214
1.5080219978921447 	 0.001350579293780012
1.5090219978921446 	 0.001373157536936732
1.5100219978921445 	 0.0013961391079631018
1.5110219978921444 	 0.0014195286352514831
1.5120219978921443 	 0.0014433308818236732
1.5130219978921442 	 0.0014675507416279081
1.514021997892144 	 0.00149219323569133
1.515021997892144 	 0.0015172635081026678
1.5160219978921439 	 0.001542766821797771
1.5170219978921438 	 0.0015687085541184207
1.5180219978921436 	 0.0015950941921125871
1.5190219978921435 	 0.0016219293275418077
1.5200219978921434 	 0.0016492196515585566
1.5210219978921433 	 0.001676970949013349
1.5220219978921432 	 0.0017051890923483264
1.523021997892143 	 0.0017338800350300719
1.524021997892143 	 0.0017630498044707984
1.5250219978921429 	 0.0017927044943823315
1.5260219978921428 	 0.0018228502565029478
1.5270219978921427 	 0.0018534932916313088
1.5280219978921425 	 0.001884639839896501
1.5290219978921424 	 0.0019162961701863703
1.5300219978921423 	 0.0019484685686494583
1.5310219978921422 	 0.001981163326178234
1.532021997892142 	 0.002014386724772643
1.533021997892142 	 0.0020481450226736064
1.5340219978921419 	 0.0020824444381460088
1.5350219978921418 	 0.002117291131779506
1.5360219978921417 	 0.0021526911871626083
1.5370219978921416 	 0.002188650589772939
1.5380219978921414 	 0.002225175203910878
1.5390219978921413 	 0.002262270747488685
1.5400219978921412 	 0.002299942764469311
1.5410219978921411 	 0.0023381965947310433
1.542021997892141 	 0.00237703734111394
1.543021997892141 	 0.002416469833383068
1.5440219978921408 	 0.0024564985888220533
1.5450219978921407 	 0.0024971277691471262
1.5460219978921406 	 0.0025383611334099257
1.5470219978921405 	 0.002580201986534725
1.5480219978921403 	 0.00262265312311574
1.5490219978921402 	 0.0026657167660829885
1.5500219978921401 	 0.0027093944998334576
1.55102199789214 	 0.002753687197421161
1.55202199789214 	 0.0027985949414087237
1.5530219978921398 	 0.0028441169380102977
1.5540219978921397 	 0.0028902514242079708
1.5550219978921396 	 0.002936995567612291
1.5560219978921395 	 0.0029843453589745135
1.5570219978921394 	 0.0030322954974628794
1.5580219978921392 	 0.0030808392691117304
1.5590219978921391 	 0.003129968419272747
1.560021997892139 	 0.003179673020485045
1.561021997892139 	 0.0032299413379933833
1.5620219978921388 	 0.0032807596962551398
1.5630219978921387 	 0.003332112351286866
1.5640219978921386 	 0.0033839813757394954
1.5650219978921385 	 0.0034363465663246823
1.5660219978921384 	 0.0034891853868590844
1.5670219978921383 	 0.003542472965022441
1.5680219978921381 	 0.0035961821672807273
1.569021997892138 	 0.003650283784723726
1.570021997892138 	 0.003704746873300066
1.5710219978921378 	 0.0037595393056504504
1.5720219978921377 	 0.0038146286090049546
1.5730219978921376 	 0.003869983184893394
1.5740219978921375 	 0.003925574031909858
1.5750219978921374 	 0.003981377122044568
1.5760219978921373 	 0.004037376612531554
1.5770219978921372 	 0.0040935691050732305
1.578021997892137 	 0.004149969185609139
1.579021997892137 	 0.0042066164782028626
1.5800219978921368 	 0.004263584406392235
1.5810219978921367 	 0.004320990745105292
1.5820219978921366 	 0.004379009825969985
1.5830219978921365 	 0.004437885880477539
1.5840219978921364 	 0.004497946423125109
1.5850219978921363 	 0.004559613770133683
1.5860219978921362 	 0.004623411805738255
1.587021997892136 	 0.004689964120742934
1.588021997892136 	 0.004759979015157557
1.5890219978921358 	 0.004834217133232773
1.5900219978921357 	 0.004913439327328056
1.5910219978921356 	 0.00499833615538349
1.5920219978921355 	 0.005089445951373997
1.5930219978921354 	 0.005187074318443572
1.5940219978921353 	 0.005291231793859371
1.5950219978921352 	 0.005401605788002112
1.596021997892135 	 0.005517576549732166
1.597021997892135 	 0.0056382763069372545
1.5980219978921348 	 0.00576267971278863
1.5990219978921347 	 0.00588970662966894
1.6000219978921346 	 0.006018317550979641
1.6010219978921345 	 0.006147586995494834
1.6020219978921344 	 0.006276748128831973
1.6030219978921343 	 0.006405209384826371
1.6040219978921342 	 0.006532548848139557
1.605021997892134 	 0.00665849411763849
1.606021997892134 	 0.006782894968163389
1.6070219978921338 	 0.0069056944540571204
1.6080219978921337 	 0.00702690209607848
1.6090219978921336 	 0.007146571041243418
1.6100219978921335 	 0.007264779813057285
1.6110219978921334 	 0.007381618481970786
1.6120219978921333 	 0.007497178682267149
1.6130219978921332 	 0.007611546758018974
1.614021997892133 	 0.007724799330306139
1.615021997892133 	 0.007837000663448026
1.6160219978921329 	 0.007948201320692922
1.6170219978921327 	 0.008058437712255291
1.6180219978921326 	 0.008167732237730329
1.6190219978921325 	 0.00827609380623089
1.6200219978921324 	 0.008383518581150013
1.6210219978921323 	 0.008489990844405668
1.6220219978921322 	 0.008595483910208302
1.623021997892132 	 0.00869996104360043
1.624021997892132 	 0.008803376356684281
1.6250219978921319 	 0.008905675667554847
1.6260219978921318 	 0.009006797315040935
1.6270219978921316 	 0.009106672927580656
1.6280219978921315 	 0.009205228147788552
1.6290219978921314 	 0.009302383316125706
1.6300219978921313 	 0.009398054118010972
1.6310219978921312 	 0.009492152199021758
1.632021997892131 	 0.009584585752749005
1.633021997892131 	 0.00967526008553904
1.6340219978921309 	 0.009764078161883176
1.6350219978921308 	 0.009850941133667461
1.6360219978921307 	 0.009935748855919666
1.6370219978921305 	 0.01001840039111699
1.6380219978921304 	 0.01009879450356272
1.6390219978921303 	 0.010176830144819203
1.6400219978921302 	 0.0102524069306998
1.64102199789213 	 0.010325425609882744
1.64202199789213 	 0.010395788523814831
1.6430219978921299 	 0.010463400057220925
1.6440219978921298 	 0.010528167078234025
1.6450219978921297 	 0.010589999366899992
1.6460219978921296 	 0.010648810030600267
1.6470219978921294 	 0.010704515904766513
1.6480219978921293 	 0.010757037937137389
1.6490219978921292 	 0.01080630155372634
1.650021997892129 	 0.01085223700462971
1.651021997892129 	 0.01089477968780576
1.652021997892129 	 0.010933870448993748
1.6530219978921288 	 0.010969455856020032
1.6540219978921287 	 0.011001488445847175
1.6550219978921286 	 0.01102992694286639
1.6560219978921285 	 0.011054736447102587
1.6570219978921283 	 0.011075888591200699
1.6580219978921282 	 0.011093361665277888
1.6590219978921281 	 0.011107140708965454
1.660021997892128 	 0.011117217570212105
1.661021997892128 	 0.01112359093068358
1.6620219978921278 	 0.01112626629785735
1.6630219978921277 	 0.011125255964179317
1.6640219978921276 	 0.011120578933913848
1.6650219978921275 	 0.01111226081857564
1.6660219978921273 	 0.011100333702078706
1.6670219978921272 	 0.011084835976969729
1.6680219978921271 	 0.011065812153328757
1.669021997892127 	 0.011043312642113449
1.670021997892127 	 0.011017393514896296
1.6710219978921268 	 0.010988116242090168
1.6720219978921267 	 0.010955547411880411
1.6730219978921266 	 0.010919758432174128
1.6740219978921265 	 0.010880825217946413
1.6750219978921264 	 0.010838827866401533
1.6760219978921262 	 0.01079385032238115
1.6770219978921261 	 0.010745980036437631
1.678021997892126 	 0.010695307617955055
1.679021997892126 	 0.010641926485637842
1.6800219978921258 	 0.010585932517608063
1.6810219978921257 	 0.01052742370325057
1.6820219978921256 	 0.01046649979882933
1.6830219978921255 	 0.010403261988767499
1.6840219978921254 	 0.010337812554341207
1.6850219978921253 	 0.010270254551385687
1.6860219978921251 	 0.010200691498453953
1.687021997892125 	 0.010129227076706441
1.688021997892125 	 0.010055964842644581
1.6890219978921248 	 0.0099810079546382
1.6900219978921247 	 0.009904458914033302
1.6910219978921246 	 0.009826419321469519
1.6920219978921245 	 0.009746989648882685
1.6930219978921244 	 0.009666269027522188
1.6940219978921243 	 0.009584355052175296
1.6950219978921242 	 0.009501343601659221
1.696021997892124 	 0.009417328675524542
1.697021997892124 	 0.009332402246801425
1.6980219978921238 	 0.009246654130522149
1.6990219978921237 	 0.00916017186766364
1.7000219978921236 	 0.009073040624076576
1.7010219978921235 	 0.008985343103898296
1.7020219978921234 	 0.008897159476890307
1.7030219978921233 	 0.008808567319092582
1.7040219978921232 	 0.008719641566148136
1.705021997892123 	 0.00863045447862236
1.706021997892123 	 0.008541075618619231
1.7070219978921228 	 0.008451571836983217
1.7080219978921227 	 0.008362007270368045
1.7090219978921226 	 0.008272443347454623
1.7100219978921225 	 0.00818293880360335
1.7110219978921224 	 0.008093549703237762
1.7120219978921223 	 0.008004329469270769
1.7130219978921222 	 0.007915328918902996
1.714021997892122 	 0.007826596305144077
1.715021997892122 	 0.00773817736343284
1.7160219978921218 	 0.007650115362757875
1.7170219978921217 	 0.0075624511607091174
1.7180219978921216 	 0.007475223261919177
1.7190219978921215 	 0.007388467879384852
1.7200219978921214 	 0.007302218998188779
1.7210219978921213 	 0.0072165084411729245
1.7220219978921212 	 0.007131365936145716
1.723021997892121 	 0.0070468191842356104
1.724021997892121 	 0.006962893929033532
1.7250219978921209 	 0.006879614026195571
1.7260219978921207 	 0.00679700151320623
1.7270219978921206 	 0.006715076679027997
1.7280219978921205 	 0.006633858133392224
1.7290219978921204 	 0.006553362875507221
1.7300219978921203 	 0.006473606361986907
1.7310219978921202 	 0.00639460257382248
1.73202199789212 	 0.006316364082243467
1.73302199789212 	 0.006238902113332155
1.7340219978921199 	 0.006162226611274691
1.7350219978921197 	 0.00608634630014988
1.7360219978921196 	 0.006011268744171277
1.7370219978921195 	 0.005937000406314215
1.7380219978921194 	 0.0058635467052724
1.7390219978921193 	 0.005790912070700739
1.7400219978921192 	 0.005719099996713082
1.741021997892119 	 0.005648113093613412
1.742021997892119 	 0.005577953137848634
1.7430219978921189 	 0.005508621120178811
1.7440219978921188 	 0.005440117292069386
1.7450219978921186 	 0.00537244121031525
1.7460219978921185 	 0.005305591779913773
1.7470219978921184 	 0.005239567295207776
1.7480219978921183 	 0.005174365479325616
1.7490219978921182 	 0.005109983521947585
1.750021997892118 	 0.005046418115432852
1.751021997892118 	 0.00498366548934348
1.7520219978921179 	 0.004921721443403742
1.7530219978921178 	 0.004860581378936191
1.7540219978921177 	 0.004800240328816659
1.7550219978921175 	 0.004740692985991582
1.7560219978921174 	 0.004681933730602359
1.7570219978921173 	 0.004623956655762032
1.7580219978921172 	 0.004566755592029114
1.759021997892117 	 0.0045103241306247484
1.760021997892117 	 0.004454655645438398
1.7610219978921169 	 0.004399743313867175
1.7620219978921168 	 0.004345580136533693
1.7630219978921167 	 0.004292158955926514
1.7640219978921166 	 0.0042394724740069546
1.7650219978921164 	 0.004187513268824481
1.7660219978921163 	 0.004136273810182974
1.7670219978921162 	 0.0040857464743984835
1.7680219978921161 	 0.00403592355818831
1.769021997892116 	 0.003986797291730406
1.770021997892116 	 0.003938359850930489
1.7710219978921158 	 0.0038906033689338347
1.7720219978921157 	 0.0038435199469166693
1.7730219978921156 	 0.0037971016641918914
1.7740219978921155 	 0.003751340587661797
1.7750219978921153 	 0.0037062287806502287
1.7760219978921152 	 0.003661758311144273
1.7770219978921151 	 0.0036179212594756706
1.778021997892115 	 0.0035747097254701142
1.779021997892115 	 0.0035321158350919094
1.7800219978921148 	 0.0034901317466100095
1.7810219978921147 	 0.00344874965631106
1.7820219978921146 	 0.0034079618037828685
1.7830219978921145 	 0.003367760476792089
1.7840219978921144 	 0.0033281380157776782
1.7850219978921142 	 0.0032890868179813494
1.7860219978921141 	 0.003250599341235352
1.787021997892114 	 0.003212668107426531
1.788021997892114 	 0.0031752857056551852
1.7890219978921138 	 0.0031384447951060563
1.7900219978921137 	 0.0031021381076483216
1.7910219978921136 	 0.003066358450180153
1.7920219978921135 	 0.0030310987067332174
1.7930219978921134 	 0.00299635184035119
1.7940219978921133 	 0.0029621108947561568
1.7950219978921131 	 0.0029283689958156675
1.796021997892113 	 0.002895119352822898
1.797021997892113 	 0.0028623552596014033
1.7980219978921128 	 0.0028300700954457664
1.7990219978921127 	 0.002798257325908458
1.8000219978921126 	 0.00276691050344287
1.8010219978921125 	 0.0027360232679120916
1.8020219978921124 	 0.0027055893469721333
1.8030219978921123 	 0.002675602556338295
1.8040219978921122 	 0.0026460567999423545
1.805021997892112 	 0.0026169460699884744
1.806021997892112 	 0.0025882644469146523
1.8070219978921118 	 0.002560006099266674
1.8080219978921117 	 0.0025321652834908595
1.8090219978921116 	 0.002504736343651532
1.8100219978921115 	 0.0024777137110790323
1.8110219978921114 	 0.0024510919039535404
1.8120219978921113 	 0.002424865526829706
1.8130219978921112 	 0.0023990292701069156
1.814021997892111 	 0.0023735779094496007
1.815021997892111 	 0.0023485063051618613
1.8160219978921108 	 0.0023238094015202862
1.8170219978921107 	 0.002299482226068746
1.8180219978921106 	 0.002275519888878625
1.8190219978921105 	 0.002251917581777777
1.8200219978921104 	 0.0022286705775513803
1.8210219978921103 	 0.0022057742291173637
1.8220219978921102 	 0.002183223968679375
1.82302199789211 	 0.002161015306859677
1.82402199789211 	 0.0021391438318143366
1.8250219978921098 	 0.002117605208333074
1.8260219978921097 	 0.0020963951769256877
1.8270219978921096 	 0.00207550955289713
1.8280219978921095 	 0.002054944225412942
1.8290219978921094 	 0.0020346951565568604
1.8300219978921093 	 0.0020147583803820667
1.8310219978921092 	 0.0019951300019576314
1.832021997892109 	 0.001975806196411427
1.833021997892109 	 0.0019567832079709514
1.8340219978921088 	 0.0019380573490030072
1.8350219978921087 	 0.0019196249990535534
1.8360219978921086 	 0.0019014826038885862
1.8370219978921085 	 0.001883626674537125
1.8380219978921084 	 0.0018660537863369664
1.8390219978921083 	 0.0018487605779842755
1.8400219978921082 	 0.0018317437505875368
1.841021997892108 	 0.0018150000667265312
1.842021997892108 	 0.0017985263495172018
1.8430219978921079 	 0.001782319481682673
1.8440219978921077 	 0.0017663764046310971
1.8450219978921076 	 0.0017506941175408266
1.8460219978921075 	 0.0017352696764532266
1.8470219978921074 	 0.001720100193373569
1.8480219978921073 	 0.0017051828353804057
1.8490219978921072 	 0.0016905148237436173
1.850021997892107 	 0.001676093433051512
1.851021997892107 	 0.0016619159903471714
1.8520219978921069 	 0.0016479798742742593
1.8530219978921068 	 0.0016342825142325085
1.8540219978921066 	 0.0016208213895429974
1.8550219978921065 	 0.0016075940286234174
1.8560219978921064 	 0.0015945980081733676
1.8570219978921063 	 0.0015818309523698707
1.8580219978921062 	 0.0015692905320730615
1.859021997892106 	 0.001556974464042237
1.860021997892106 	 0.0015448805101621462
1.8610219978921059 	 0.0015330064766797323
1.8620219978921058 	 0.0015213502134511934
1.8630219978921057 	 0.0015099096131993568
1.8640219978921055 	 0.001498682610781476
1.8650219978921054 	 0.0014876671824672633
1.8660219978921053 	 0.0014768613452272453
1.8670219978921052 	 0.0014662631560312805
1.868021997892105 	 0.0014558707111573025
1.869021997892105 	 0.001445682145510086
1.8700219978921049 	 0.0014356956319500596
1.8710219978921048 	 0.0014259093806321186
1.8720219978921047 	 0.001416321638354108
1.8730219978921046 	 0.001406930687915267
1.8740219978921044 	 0.0013977348474841695
1.8750219978921043 	 0.0013887324699762664
1.8760219978921042 	 0.0013799219424409023
1.877021997892104 	 0.0013713016854575801
1.878021997892104 	 0.0013628701525414922
1.879021997892104 	 0.0013546258295581261
1.8800219978921038 	 0.001346567234146845
1.8810219978921037 	 0.001338692915153306
1.8820219978921036 	 0.0013310014520705998
1.8830219978921034 	 0.001323491454488975
1.8840219978921033 	 0.0013161615615540617
1.8850219978921032 	 0.0013090104414333853
1.8860219978921031 	 0.0013020367907911011
1.887021997892103 	 0.001295239334270826
1.888021997892103 	 0.0012886168239863525
1.8890219978921028 	 0.0012821680390202432
1.8900219978921027 	 0.001275891784930038
1.8910219978921026 	 0.0012697868932620387
1.8920219978921025 	 0.0012638522210725092
1.8930219978921023 	 0.0012580866504561484
1.8940219978921022 	 0.0012524890880817093
1.8950219978921021 	 0.0012470584647346315
1.896021997892102 	 0.0012417937348666213
1.897021997892102 	 0.0012366938761519072
1.8980219978921018 	 0.0012317578890502215
1.8990219978921017 	 0.0012269847963762184
1.9000219978921016 	 0.0012223736428753392
1.9010219978921015 	 0.0012179234948058995
1.9020219978921014 	 0.0012136334395273446
1.9030219978921012 	 0.0012095025850944968
1.9040219978921011 	 0.001205530059857754
1.905021997892101 	 0.0012017150120690002
1.906021997892101 	 0.0011980566094932654
1.9070219978921008 	 0.0011945540390258676
1.9080219978921007 	 0.0011912065063150604
1.9090219978921006 	 0.001188013235389951
1.9100219978921005 	 0.0011849734682936887
1.9110219978921004 	 0.0011820864647217413
1.9120219978921003 	 0.0011793515016652128
1.9130219978921001 	 0.001176767873058994
1.9140219978921 	 0.0011743348894348313
1.9150219978921 	 0.0011720518775789807
1.9160219978920998 	 0.0011699181801945605
1.9170219978920997 	 0.0011679331555683602
1.9180219978920996 	 0.0011660961772420957
1.9190219978920995 	 0.0011644066336879736
1.9200219978920994 	 0.0011628639279885002
1.9210219978920993 	 0.0011614674775204154
1.9220219978920992 	 0.0011602167136427308
1.923021997892099 	 0.0011591110813886905
1.924021997892099 	 0.0011581500391616762
1.9250219978920988 	 0.0011573330584348702
1.9260219978920987 	 0.0011566596234547136
1.9270219978920986 	 0.001156129230947971
1.9280219978920985 	 0.0011557413898324138
1.9290219978920984 	 0.0011554956209309964
1.9300219978920983 	 0.001155391456689474
1.9310219978920982 	 0.001155428440897403
1.932021997892098 	 0.0011556061284124287
1.933021997892098 	 0.0011559240848878255
1.9340219978920978 	 0.0011563818865032108
1.9350219978920977 	 0.001156979119698376
1.9360219978920976 	 0.001157715380910159
1.9370219978920975 	 0.0011585902763123282
1.9380219978920974 	 0.0011596034215584172
1.9390219978920973 	 0.001160754441527409
1.9400219978920972 	 0.0011620429700723144
1.941021997892097 	 0.001163468649771476
1.942021997892097 	 0.0011650311316826496
1.9430219978920968 	 0.0011667300750997697
1.9440219978920967 	 0.0011685651473123254
1.9450219978920966 	 0.0011705360233673994
1.9460219978920965 	 0.0011726423858342007
1.9470219978920964 	 0.0011748839245711675
1.9480219978920963 	 0.0011772603364954989
1.9490219978920962 	 0.0011797713253552228
1.950021997892096 	 0.0011824166015035318
1.951021997892096 	 0.001185195881675634
1.9520219978920959 	 0.0011881088887678534
1.9530219978920957 	 0.0011911553516190808
1.9540219978920956 	 0.0011943350047945202
1.9550219978920955 	 0.0011976475883716297
1.9560219978920954 	 0.0012010928477283632
1.9570219978920953 	 0.0012046705333336094
1.9580219978920952 	 0.0012083804005397043
1.959021997892095 	 0.0012122222093773082
1.960021997892095 	 0.001216195724352186
1.9610219978920949 	 0.0012203007142443131
1.9620219978920947 	 0.001224536951908928
1.9630219978920946 	 0.0012289042140797802
1.9640219978920945 	 0.00123340228117438
1.9650219978920944 	 0.0012380309371013538
1.9660219978920943 	 0.0012427899690697906
1.9670219978920942 	 0.0012476791674006613
1.968021997892094 	 0.0012526983253402463
1.969021997892094 	 0.0012578472388755902
1.9700219978920939 	 0.001263125706551924
1.9710219978920938 	 0.0012685335292921037
1.9720219978920936 	 0.0012740705102180874
1.9730219978920935 	 0.0012797364544742968
1.9740219978920934 	 0.0012855311690530553
1.9750219978920933 	 0.0012914544626219614
1.9760219978920932 	 0.001297506145353231
1.977021997892093 	 0.0013036860287550496
1.978021997892093 	 0.0013099939255048643
1.9790219978920929 	 0.0013164296492846749
1.9800219978920928 	 0.0013229930146182742
1.9810219978920927 	 0.0013296838367105159
1.9820219978920925 	 0.0013365019312885002
1.9830219978920924 	 0.0013434471144448045
1.9840219978920923 	 0.001350519202482653
1.9850219978920922 	 0.001357718011763106
1.986021997892092 	 0.0013650433585542482
1.987021997892092 	 0.0013724950588823864
1.9880219978920919 	 0.0013800729283852122
1.9890219978920918 	 0.0013877767821670608
1.9900219978920917 	 0.001395606434656129
1.9910219978920916 	 0.0014035616994637363
1.9920219978920914 	 0.0014116423892456846
1.9930219978920913 	 0.0014198483155655707
1.9940219978920912 	 0.001428179288760263
1.9950219978920911 	 0.0014366351178073235
1.996021997892091 	 0.0014452156101946749
1.997021997892091 	 0.001453920571792158
1.9980219978920908 	 0.0014627498067253523
1.9990219978920907 	 0.0014717031172514008
