0.0010219978922 	 0.0
0.0020219978922 	 0.0
0.0030219978922 	 0.0
0.0040219978922 	 0.0
0.0050219978922 	 0.0
0.0060219978922 	 0.0
0.0070219978922 	 0.0
0.0080219978922 	 0.0
0.009021997892200002 	 0.0
0.010021997892200003 	 0.0
0.011021997892200004 	 0.0
0.012021997892200004 	 0.0
0.013021997892200005 	 0.0
0.014021997892200006 	 0.0
0.015021997892200007 	 0.0
0.016021997892200008 	 0.0
0.01702199789220001 	 0.0
0.01802199789220001 	 0.0
0.01902199789220001 	 0.0
0.02002199789220001 	 0.0
0.021021997892200012 	 0.0
0.022021997892200013 	 0.0
0.023021997892200014 	 0.0
0.024021997892200015 	 0.0
0.025021997892200016 	 0.0
0.026021997892200017 	 0.0
0.027021997892200018 	 0.0
0.02802199789220002 	 0.0
0.02902199789220002 	 0.0
0.03002199789220002 	 0.0
0.03102199789220002 	 0.0
0.03202199789220002 	 0.0
0.03302199789220002 	 0.0
0.03402199789220002 	 0.0
0.03502199789220002 	 0.0
0.03602199789220002 	 0.0
0.03702199789220002 	 0.0
0.038021997892200024 	 0.0
0.039021997892200025 	 0.0
0.040021997892200026 	 0.0
0.04102199789220003 	 0.0
0.04202199789220003 	 0.0
0.04302199789220003 	 0.0
0.04402199789220003 	 0.0
0.04502199789220003 	 0.0
0.04602199789220003 	 0.0
0.04702199789220003 	 0.0
0.04802199789220003 	 0.0
0.049021997892200034 	 0.0
0.050021997892200035 	 0.0
0.051021997892200036 	 0.0
0.052021997892200036 	 0.0
0.05302199789220004 	 0.0
0.05402199789220004 	 0.0
0.05502199789220004 	 0.0
0.05602199789220004 	 0.0
0.05702199789220004 	 0.0
0.05802199789220004 	 0.0
0.05902199789220004 	 0.0
0.060021997892200044 	 0.0
0.061021997892200044 	 0.0
0.062021997892200045 	 0.0
0.06302199789220005 	 0.0
0.06402199789220005 	 0.0
0.06502199789220005 	 0.0
0.06602199789220005 	 0.0
0.06702199789220005 	 0.0
0.06802199789220005 	 0.0
0.06902199789220005 	 0.0
0.07002199789220005 	 0.0
0.07102199789220005 	 0.0
0.07202199789220005 	 0.0
0.07302199789220006 	 0.0
0.07402199789220006 	 0.0
0.07502199789220006 	 0.0
0.07602199789220006 	 0.0
0.07702199789220006 	 0.0
0.07802199789220006 	 0.0
0.07902199789220006 	 0.0
0.08002199789220006 	 0.0
0.08102199789220006 	 0.0
0.08202199789220006 	 0.0
0.08302199789220006 	 0.0
0.08402199789220006 	 0.0
0.08502199789220007 	 0.0
0.08602199789220007 	 0.0
0.08702199789220007 	 0.0
0.08802199789220007 	 0.0
0.08902199789220007 	 0.0
0.09002199789220007 	 0.0
0.09102199789220007 	 0.0
0.09202199789220007 	 0.0
0.09302199789220007 	 0.0
0.09402199789220007 	 0.0
0.09502199789220007 	 0.0
0.09602199789220008 	 0.0
0.09702199789220008 	 0.0
0.09802199789220008 	 0.0
0.09902199789220008 	 0.0
0.10002199789220008 	 0.0
0.10102199789220008 	 0.0
0.10202199789220008 	 0.0
0.10302199789220008 	 0.0
0.10402199789220008 	 0.0
0.10502199789220008 	 0.0
0.10602199789220008 	 0.0
0.10702199789220009 	 0.0
0.10802199789220009 	 0.0
0.10902199789220009 	 0.0
0.11002199789220009 	 0.0
0.11102199789220009 	 0.0
0.11202199789220009 	 0.0
0.11302199789220009 	 0.0
0.11402199789220009 	 0.0
0.11502199789220009 	 0.0
0.1160219978922001 	 0.0
0.1170219978922001 	 0.0
0.1180219978922001 	 0.0
0.1190219978922001 	 0.0
0.1200219978922001 	 0.0
0.1210219978922001 	 0.0
0.1220219978922001 	 0.0
0.1230219978922001 	 0.0
0.1240219978922001 	 0.0
0.1250219978922001 	 0.0
0.1260219978922001 	 0.0
0.1270219978922001 	 0.0
0.1280219978922001 	 0.0
0.1290219978922001 	 0.0
0.1300219978922001 	 0.0
0.1310219978922001 	 0.0
0.1320219978922001 	 0.0
0.1330219978922001 	 0.0
0.1340219978922001 	 0.0
0.1350219978922001 	 0.0
0.1360219978922001 	 0.0
0.1370219978922001 	 0.0
0.1380219978922001 	 0.0
0.1390219978922001 	 0.0
0.1400219978922001 	 0.0
0.1410219978922001 	 0.0
0.1420219978922001 	 0.0
0.1430219978922001 	 0.0
0.1440219978922001 	 0.0
0.1450219978922001 	 0.0
0.1460219978922001 	 0.0
0.1470219978922001 	 0.0
0.1480219978922001 	 0.0
0.1490219978922001 	 0.0
0.1500219978922001 	 0.0
0.1510219978922001 	 0.0
0.1520219978922001 	 0.0
0.1530219978922001 	 0.0
0.1540219978922001 	 0.0
0.15502199789220011 	 0.0
0.15602199789220011 	 0.0
0.15702199789220012 	 0.0
0.15802199789220012 	 0.0
0.15902199789220012 	 0.0
0.16002199789220012 	 0.0
0.16102199789220012 	 0.0
0.16202199789220012 	 0.0
0.16302199789220012 	 0.0
0.16402199789220012 	 0.0
0.16502199789220012 	 0.0
0.16602199789220012 	 0.0
0.16702199789220012 	 0.0
0.16802199789220013 	 0.0
0.16902199789220013 	 0.0
0.17002199789220013 	 0.0
0.17102199789220013 	 0.0
0.17202199789220013 	 0.0
0.17302199789220013 	 0.0
0.17402199789220013 	 0.0
0.17502199789220013 	 0.0
0.17602199789220013 	 0.0
0.17702199789220013 	 0.0
0.17802199789220013 	 0.0
0.17902199789220014 	 0.0
0.18002199789220014 	 0.0
0.18102199789220014 	 0.0
0.18202199789220014 	 0.0
0.18302199789220014 	 0.0
0.18402199789220014 	 0.0
0.18502199789220014 	 0.0
0.18602199789220014 	 0.0
0.18702199789220014 	 0.0
0.18802199789220014 	 0.0
0.18902199789220014 	 0.0
0.19002199789220015 	 0.0
0.19102199789220015 	 0.0
0.19202199789220015 	 0.0
0.19302199789220015 	 0.0
0.19402199789220015 	 0.0
0.19502199789220015 	 0.0
0.19602199789220015 	 0.0
0.19702199789220015 	 0.0
0.19802199789220015 	 0.0
0.19902199789220015 	 0.0
0.20002199789220015 	 0.0
0.20102199789220015 	 0.0
0.20202199789220016 	 0.0
0.20302199789220016 	 0.0
0.20402199789220016 	 0.0
0.20502199789220016 	 0.0
0.20602199789220016 	 0.0
0.20702199789220016 	 0.0
0.20802199789220016 	 0.0
0.20902199789220016 	 0.0
0.21002199789220016 	 0.0
0.21102199789220016 	 0.0
0.21202199789220016 	 0.0
0.21302199789220017 	 0.0
0.21402199789220017 	 0.0
0.21502199789220017 	 0.0
0.21602199789220017 	 0.0
0.21702199789220017 	 0.0
0.21802199789220017 	 0.0
0.21902199789220017 	 0.0
0.22002199789220017 	 0.0
0.22102199789220017 	 0.0
0.22202199789220017 	 0.0
0.22302199789220017 	 0.0
0.22402199789220018 	 0.0
0.22502199789220018 	 0.0
0.22602199789220018 	 0.0
0.22702199789220018 	 0.0
0.22802199789220018 	 0.0
0.22902199789220018 	 0.0
0.23002199789220018 	 0.0
0.23102199789220018 	 0.0
0.23202199789220018 	 0.0
0.23302199789220018 	 0.0
0.23402199789220018 	 0.0
0.23502199789220019 	 0.0
0.23602199789220019 	 0.0
0.2370219978922002 	 0.0
0.2380219978922002 	 0.0
0.2390219978922002 	 0.0
0.2400219978922002 	 0.0
0.2410219978922002 	 0.0
0.2420219978922002 	 0.0
0.2430219978922002 	 0.0
0.2440219978922002 	 0.0
0.2450219978922002 	 0.0
0.2460219978922002 	 0.0
0.2470219978922002 	 0.0
0.2480219978922002 	 0.0
0.2490219978922002 	 0.0
0.2500219978922002 	 0.0
0.2510219978922002 	 0.0
0.2520219978922002 	 0.0
0.2530219978922002 	 0.0
0.2540219978922002 	 0.0
0.2550219978922002 	 0.0
0.2560219978922002 	 0.0
0.2570219978922002 	 0.0
0.2580219978922002 	 0.0
0.2590219978922002 	 0.0
0.2600219978922002 	 0.0
0.2610219978922002 	 0.0
0.2620219978922002 	 0.0
0.2630219978922002 	 0.0
0.2640219978922002 	 0.0
0.2650219978922002 	 0.0
0.2660219978922002 	 0.0
0.2670219978922002 	 0.0
0.2680219978922002 	 0.0
0.2690219978922002 	 0.0
0.2700219978922002 	 0.0
0.2710219978922002 	 0.0
0.2720219978922002 	 0.0
0.2730219978922002 	 0.0
0.2740219978922002 	 0.0
0.2750219978922002 	 0.0
0.2760219978922002 	 0.0
0.2770219978922002 	 0.0
0.2780219978922002 	 0.0
0.2790219978922002 	 0.0
0.2800219978922002 	 0.0
0.2810219978922002 	 0.0
0.2820219978922002 	 0.0
0.2830219978922002 	 0.0
0.28402199789220023 	 0.0
0.28502199789220023 	 0.0
0.28602199789220023 	 0.0
0.28702199789220023 	 0.0
0.28802199789220023 	 0.0
0.28902199789220023 	 0.0
0.29002199789220023 	 0.0
0.29102199789220023 	 0.0
0.29202199789220024 	 0.0
0.29302199789220024 	 0.0
0.29402199789220024 	 0.0
0.29502199789220024 	 0.0
0.29602199789220024 	 0.0
0.29702199789220024 	 0.0
0.29802199789220024 	 0.0
0.29902199789220024 	 0.0
0.30002199789220024 	 0.0
0.30102199789220024 	 0.0
0.30202199789220024 	 0.0
0.30302199789220025 	 0.0
0.30402199789220025 	 0.0
0.30502199789220025 	 0.0
0.30602199789220025 	 0.0
0.30702199789220025 	 0.0
0.30802199789220025 	 0.0
0.30902199789220025 	 0.0
0.31002199789220025 	 0.0
0.31102199789220025 	 0.0
0.31202199789220025 	 0.0
0.31302199789220025 	 0.0
0.31402199789220026 	 0.0
0.31502199789220026 	 0.0
0.31602199789220026 	 0.0
0.31702199789220026 	 0.0
0.31802199789220026 	 0.0
0.31902199789220026 	 0.0
0.32002199789220026 	 0.0
0.32102199789220026 	 0.0
0.32202199789220026 	 0.0
0.32302199789220026 	 0.0
0.32402199789220026 	 0.0
0.32502199789220027 	 0.0
0.32602199789220027 	 0.0
0.32702199789220027 	 0.0
0.32802199789220027 	 0.0
0.32902199789220027 	 0.0
0.33002199789220027 	 0.0
0.33102199789220027 	 0.0
0.33202199789220027 	 0.0
0.33302199789220027 	 0.0
0.3340219978922003 	 0.0
0.3350219978922003 	 0.0
0.3360219978922003 	 0.0
0.3370219978922003 	 0.0
0.3380219978922003 	 0.0
0.3390219978922003 	 0.0
0.3400219978922003 	 0.0
0.3410219978922003 	 0.0
0.3420219978922003 	 0.0
0.3430219978922003 	 0.0
0.3440219978922003 	 0.0
0.3450219978922003 	 0.0
0.3460219978922003 	 0.0
0.3470219978922003 	 0.0
0.3480219978922003 	 0.0
0.3490219978922003 	 0.0
0.3500219978922003 	 0.0
0.3510219978922003 	 0.0
0.3520219978922003 	 0.0
0.3530219978922003 	 0.0
0.3540219978922003 	 0.0
0.3550219978922003 	 0.0
0.3560219978922003 	 0.0
0.3570219978922003 	 0.0
0.3580219978922003 	 0.0
0.3590219978922003 	 0.0
0.3600219978922003 	 0.0
0.3610219978922003 	 0.0
0.3620219978922003 	 0.0
0.3630219978922003 	 0.0
0.3640219978922003 	 0.0
0.3650219978922003 	 0.0
0.3660219978922003 	 0.0
0.3670219978922003 	 0.0
0.3680219978922003 	 0.0
0.3690219978922003 	 0.0
0.3700219978922003 	 0.0
0.3710219978922003 	 0.0
0.3720219978922003 	 0.0
0.3730219978922003 	 0.0
0.3740219978922003 	 0.0
0.3750219978922003 	 0.0
0.3760219978922003 	 0.0
0.3770219978922003 	 0.0
0.3780219978922003 	 0.0
0.3790219978922003 	 0.0
0.3800219978922003 	 0.0
0.3810219978922003 	 0.0
0.3820219978922003 	 0.0
0.3830219978922003 	 0.0
0.3840219978922003 	 0.0
0.3850219978922003 	 0.0
0.3860219978922003 	 0.0
0.3870219978922003 	 0.0
0.3880219978922003 	 0.0
0.3890219978922003 	 0.0
0.3900219978922003 	 0.0
0.3910219978922003 	 0.0
0.3920219978922003 	 0.0
0.3930219978922003 	 0.0
0.3940219978922003 	 0.0
0.3950219978922003 	 0.0
0.39602199789220033 	 0.0
0.39702199789220033 	 0.0
0.39802199789220033 	 0.0
0.39902199789220033 	 0.0
0.40002199789220033 	 0.0
0.40102199789220033 	 0.0
0.40202199789220033 	 0.0
0.40302199789220033 	 0.0
0.40402199789220034 	 0.0
0.40502199789220034 	 0.0
0.40602199789220034 	 0.0
0.40702199789220034 	 0.0
0.40802199789220034 	 0.0
0.40902199789220034 	 0.0
0.41002199789220034 	 0.0
0.41102199789220034 	 0.0
0.41202199789220034 	 0.0
0.41302199789220034 	 0.0
0.41402199789220034 	 0.0
0.41502199789220034 	 0.0
0.41602199789220035 	 0.0
0.41702199789220035 	 0.0
0.41802199789220035 	 0.0
0.41902199789220035 	 0.0
0.42002199789220035 	 0.0
0.42102199789220035 	 0.0
0.42202199789220035 	 0.0
0.42302199789220035 	 0.0
0.42402199789220035 	 0.0
0.42502199789220035 	 0.0
0.42602199789220035 	 0.0
0.42702199789220036 	 0.0
0.42802199789220036 	 0.0
0.42902199789220036 	 0.0
0.43002199789220036 	 0.0
0.43102199789220036 	 0.0
0.43202199789220036 	 0.0
0.43302199789220036 	 0.0
0.43402199789220036 	 0.0
0.43502199789220036 	 0.0
0.43602199789220036 	 0.0
0.43702199789220036 	 0.0
0.43802199789220037 	 0.0
0.43902199789220037 	 0.0
0.44002199789220037 	 0.0
0.44102199789220037 	 0.0
0.44202199789220037 	 0.0
0.44302199789220037 	 0.0
0.44402199789220037 	 0.0
0.44502199789220037 	 0.0
0.4460219978922004 	 0.0
0.4470219978922004 	 0.0
0.4480219978922004 	 0.0
0.4490219978922004 	 0.0
0.4500219978922004 	 0.0
0.4510219978922004 	 0.0
0.4520219978922004 	 0.0
0.4530219978922004 	 0.0
0.4540219978922004 	 0.0
0.4550219978922004 	 0.0
0.4560219978922004 	 0.0
0.4570219978922004 	 0.0
0.4580219978922004 	 0.0
0.4590219978922004 	 0.0
0.4600219978922004 	 0.0
0.4610219978922004 	 0.0
0.4620219978922004 	 0.0
0.4630219978922004 	 0.0
0.4640219978922004 	 0.0
0.4650219978922004 	 0.0
0.4660219978922004 	 0.0
0.4670219978922004 	 0.0
0.4680219978922004 	 0.0
0.4690219978922004 	 0.0
0.4700219978922004 	 0.0
0.4710219978922004 	 0.0
0.4720219978922004 	 0.0
0.4730219978922004 	 0.0
0.4740219978922004 	 0.0
0.4750219978922004 	 0.0
0.4760219978922004 	 0.0
0.4770219978922004 	 0.0
0.4780219978922004 	 0.0
0.4790219978922004 	 0.0
0.4800219978922004 	 0.0
0.4810219978922004 	 0.0
0.4820219978922004 	 0.0
0.4830219978922004 	 0.0
0.4840219978922004 	 0.0
0.4850219978922004 	 0.0
0.4860219978922004 	 0.0
0.4870219978922004 	 0.0
0.4880219978922004 	 0.0
0.4890219978922004 	 0.0
0.4900219978922004 	 0.0
0.4910219978922004 	 0.0
0.4920219978922004 	 0.0
0.4930219978922004 	 0.0
0.4940219978922004 	 0.0
0.4950219978922004 	 0.0
0.4960219978922004 	 0.0
0.4970219978922004 	 0.0
0.4980219978922004 	 0.0
0.4990219978922004 	 0.0
0.5000219978922004 	 0.0
0.5010219978922004 	 0.0
0.5020219978922004 	 0.0
0.5030219978922004 	 0.0
0.5040219978922004 	 0.0
0.5050219978922004 	 0.0
0.5060219978922004 	 0.0
0.5070219978922004 	 0.0
0.5080219978922004 	 0.0
0.5090219978922004 	 0.0
0.5100219978922004 	 0.0
0.5110219978922004 	 0.0
0.5120219978922004 	 0.0
0.5130219978922004 	 0.0
0.5140219978922004 	 0.0
0.5150219978922004 	 0.0
0.5160219978922004 	 0.0
0.5170219978922004 	 0.0
0.5180219978922004 	 0.0
0.5190219978922004 	 0.0
0.5200219978922004 	 0.0
0.5210219978922004 	 0.0
0.5220219978922004 	 0.0
0.5230219978922004 	 0.0
0.5240219978922004 	 0.0
0.5250219978922004 	 0.0
0.5260219978922004 	 0.0
0.5270219978922004 	 0.0
0.5280219978922004 	 0.0
0.5290219978922004 	 0.0
0.5300219978922004 	 0.0
0.5310219978922004 	 0.0
0.5320219978922004 	 0.0
0.5330219978922004 	 0.0
0.5340219978922004 	 0.0
0.5350219978922004 	 0.0
0.5360219978922004 	 0.0
0.5370219978922004 	 0.0
0.5380219978922004 	 0.0
0.5390219978922004 	 0.0
0.5400219978922004 	 0.0
0.5410219978922004 	 0.0
0.5420219978922004 	 0.0
0.5430219978922004 	 0.0
0.5440219978922004 	 0.0
0.5450219978922004 	 0.0
0.5460219978922004 	 0.0
0.5470219978922004 	 0.0
0.5480219978922004 	 0.0
0.5490219978922004 	 0.0
0.5500219978922004 	 0.0
0.5510219978922004 	 0.0
0.5520219978922004 	 0.0
0.5530219978922004 	 0.0
0.5540219978922004 	 0.0
0.5550219978922004 	 0.0
0.5560219978922004 	 0.0
0.5570219978922004 	 0.0
0.5580219978922004 	 0.0
0.5590219978922004 	 0.0
0.5600219978922004 	 0.0
0.5610219978922004 	 0.0
0.5620219978922004 	 0.0
0.5630219978922004 	 0.0
0.5640219978922004 	 0.0
0.5650219978922004 	 0.0
0.5660219978922004 	 0.0
0.5670219978922004 	 0.0
0.5680219978922004 	 0.0
0.5690219978922004 	 0.0
0.5700219978922004 	 0.0
0.5710219978922004 	 0.0
0.5720219978922004 	 0.0
0.5730219978922004 	 0.0
0.5740219978922004 	 0.0
0.5750219978922004 	 0.0
0.5760219978922004 	 0.0
0.5770219978922004 	 0.0
0.5780219978922004 	 0.0
0.5790219978922004 	 0.0
0.5800219978922004 	 0.0
0.5810219978922004 	 0.0
0.5820219978922004 	 0.0
0.5830219978922004 	 0.0
0.5840219978922004 	 0.0
0.5850219978922004 	 0.0
0.5860219978922004 	 0.0
0.5870219978922004 	 0.0
0.5880219978922004 	 0.0
0.5890219978922004 	 0.0
0.5900219978922004 	 0.0
0.5910219978922004 	 0.0
0.5920219978922004 	 0.0
0.5930219978922004 	 0.0
0.5940219978922004 	 0.0
0.5950219978922004 	 0.0
0.5960219978922005 	 0.0
0.5970219978922005 	 0.0
0.5980219978922005 	 0.0
0.5990219978922005 	 0.0
0.6000219978922005 	 0.0
0.6010219978922005 	 0.0
0.6020219978922005 	 0.0
0.6030219978922005 	 0.0
0.6040219978922005 	 0.0
0.6050219978922005 	 0.0
0.6060219978922005 	 0.0
0.6070219978922005 	 0.0
0.6080219978922005 	 0.0
0.6090219978922005 	 0.0
0.6100219978922005 	 0.0
0.6110219978922005 	 0.0
0.6120219978922005 	 0.0
0.6130219978922005 	 0.0
0.6140219978922005 	 0.0
0.6150219978922005 	 0.0
0.6160219978922005 	 0.0
0.6170219978922005 	 0.0
0.6180219978922005 	 0.0
0.6190219978922005 	 0.0
0.6200219978922005 	 0.0
0.6210219978922005 	 0.0
0.6220219978922005 	 0.0
0.6230219978922005 	 0.0
0.6240219978922005 	 0.0
0.6250219978922005 	 0.0
0.6260219978922005 	 0.0
0.6270219978922005 	 0.0
0.6280219978922005 	 0.0
0.6290219978922005 	 0.0
0.6300219978922005 	 0.0
0.6310219978922005 	 0.0
0.6320219978922005 	 0.0
0.6330219978922005 	 0.0
0.6340219978922005 	 0.0
0.6350219978922005 	 0.0
0.6360219978922005 	 0.0
0.6370219978922005 	 0.0
0.6380219978922005 	 0.0
0.6390219978922005 	 0.0
0.6400219978922005 	 0.0
0.6410219978922005 	 0.0
0.6420219978922005 	 0.0
0.6430219978922005 	 0.0
0.6440219978922005 	 0.0
0.6450219978922005 	 0.0
0.6460219978922005 	 0.0
0.6470219978922005 	 0.0
0.6480219978922005 	 0.0
0.6490219978922005 	 0.0
0.6500219978922005 	 0.0
0.6510219978922005 	 0.0
0.6520219978922005 	 0.0
0.6530219978922005 	 0.0
0.6540219978922005 	 0.0
0.6550219978922005 	 0.0
0.6560219978922005 	 0.0
0.6570219978922005 	 0.0
0.6580219978922005 	 0.0
0.6590219978922005 	 0.0
0.6600219978922005 	 0.0
0.6610219978922005 	 0.0
0.6620219978922005 	 0.0
0.6630219978922005 	 0.0
0.6640219978922005 	 0.0
0.6650219978922005 	 0.0
0.6660219978922005 	 0.0
0.6670219978922005 	 0.0
0.6680219978922005 	 0.0
0.6690219978922005 	 0.0
0.6700219978922005 	 0.0
0.6710219978922005 	 0.0
0.6720219978922005 	 0.0
0.6730219978922005 	 0.0
0.6740219978922005 	 0.0
0.6750219978922005 	 0.0
0.6760219978922005 	 0.0
0.6770219978922005 	 0.0
0.6780219978922005 	 0.0
0.6790219978922005 	 0.0
0.6800219978922005 	 0.0
0.6810219978922005 	 0.0
0.6820219978922005 	 0.0
0.6830219978922005 	 0.0
0.6840219978922005 	 0.0
0.6850219978922005 	 0.0
0.6860219978922005 	 0.0
0.6870219978922005 	 0.0
0.6880219978922005 	 0.0
0.6890219978922005 	 0.0
0.6900219978922005 	 0.0
0.6910219978922005 	 0.0
0.6920219978922005 	 0.0
0.6930219978922005 	 0.0
0.6940219978922005 	 0.0
0.6950219978922005 	 0.0
0.6960219978922005 	 0.0
0.6970219978922005 	 0.0
0.6980219978922005 	 0.0
0.6990219978922005 	 0.0
0.7000219978922005 	 0.0
0.7010219978922005 	 0.0
0.7020219978922005 	 0.0
0.7030219978922005 	 0.0
0.7040219978922005 	 0.0
0.7050219978922005 	 0.0
0.7060219978922005 	 0.0
0.7070219978922005 	 0.0
0.7080219978922005 	 0.0
0.7090219978922006 	 0.0
0.7100219978922006 	 0.0
0.7110219978922006 	 0.0
0.7120219978922006 	 0.0
0.7130219978922006 	 0.0
0.7140219978922006 	 0.0
0.7150219978922006 	 0.0
0.7160219978922006 	 0.0
0.7170219978922006 	 0.0
0.7180219978922006 	 0.0
0.7190219978922006 	 0.0
0.7200219978922006 	 0.0
0.7210219978922006 	 0.0
0.7220219978922006 	 0.0
0.7230219978922006 	 0.0
0.7240219978922006 	 0.0
0.7250219978922006 	 0.0
0.7260219978922006 	 0.0
0.7270219978922006 	 0.0
0.7280219978922006 	 0.0
0.7290219978922006 	 0.0
0.7300219978922006 	 0.0
0.7310219978922006 	 0.0
0.7320219978922006 	 0.0
0.7330219978922006 	 0.0
0.7340219978922006 	 0.0
0.7350219978922006 	 0.0
0.7360219978922006 	 0.0
0.7370219978922006 	 0.0
0.7380219978922006 	 0.0
0.7390219978922006 	 0.0
0.7400219978922006 	 0.0
0.7410219978922006 	 0.0
0.7420219978922006 	 0.0
0.7430219978922006 	 0.0
0.7440219978922006 	 0.0
0.7450219978922006 	 0.0
0.7460219978922006 	 0.0
0.7470219978922006 	 0.0
0.7480219978922006 	 0.0
0.7490219978922006 	 0.0
0.7500219978922006 	 0.0
0.7510219978922006 	 0.0
0.7520219978922006 	 0.0
0.7530219978922006 	 0.0
0.7540219978922006 	 0.0
0.7550219978922006 	 0.0
0.7560219978922006 	 0.0
0.7570219978922006 	 0.0
0.7580219978922006 	 0.0
0.7590219978922006 	 0.0
0.7600219978922006 	 0.0
0.7610219978922006 	 0.0
0.7620219978922006 	 0.0
0.7630219978922006 	 0.0
0.7640219978922006 	 0.0
0.7650219978922006 	 0.0
0.7660219978922006 	 0.0
0.7670219978922006 	 0.0
0.7680219978922006 	 0.0
0.7690219978922006 	 0.0
0.7700219978922006 	 0.0
0.7710219978922006 	 0.0
0.7720219978922006 	 0.0
0.7730219978922006 	 0.0
0.7740219978922006 	 0.0
0.7750219978922006 	 0.0
0.7760219978922006 	 0.0
0.7770219978922006 	 0.0
0.7780219978922006 	 0.0
0.7790219978922006 	 0.0
0.7800219978922006 	 0.0
0.7810219978922006 	 0.0
0.7820219978922006 	 0.0
0.7830219978922006 	 0.0
0.7840219978922006 	 0.0
0.7850219978922006 	 0.0
0.7860219978922006 	 0.0
0.7870219978922006 	 0.0
0.7880219978922006 	 0.0
0.7890219978922006 	 0.0
0.7900219978922006 	 0.0
0.7910219978922006 	 0.0
0.7920219978922006 	 0.0
0.7930219978922006 	 0.0
0.7940219978922006 	 0.0
0.7950219978922006 	 0.0
0.7960219978922006 	 0.0
0.7970219978922006 	 0.0
0.7980219978922006 	 0.0
0.7990219978922006 	 0.0
0.8000219978922006 	 0.0
0.8010219978922006 	 0.0
0.8020219978922006 	 0.0
0.8030219978922006 	 0.0
0.8040219978922006 	 0.0
0.8050219978922006 	 0.0
0.8060219978922006 	 0.0
0.8070219978922006 	 0.0
0.8080219978922006 	 0.0
0.8090219978922006 	 0.0
0.8100219978922006 	 0.0
0.8110219978922006 	 0.0
0.8120219978922006 	 0.0
0.8130219978922006 	 0.0
0.8140219978922006 	 0.0
0.8150219978922006 	 0.0
0.8160219978922006 	 0.0
0.8170219978922006 	 0.0
0.8180219978922006 	 0.0
0.8190219978922006 	 0.0
0.8200219978922006 	 0.0
0.8210219978922007 	 0.0
0.8220219978922007 	 0.0
0.8230219978922007 	 0.0
0.8240219978922007 	 0.0
0.8250219978922007 	 0.0
0.8260219978922007 	 0.0
0.8270219978922007 	 0.0
0.8280219978922007 	 0.0
0.8290219978922007 	 0.0
0.8300219978922007 	 0.0
0.8310219978922007 	 0.0
0.8320219978922007 	 0.0
0.8330219978922007 	 0.0
0.8340219978922007 	 0.0
0.8350219978922007 	 0.0
0.8360219978922007 	 0.0
0.8370219978922007 	 0.0
0.8380219978922007 	 0.0
0.8390219978922007 	 0.0
0.8400219978922007 	 0.0
0.8410219978922007 	 0.0
0.8420219978922007 	 0.0
0.8430219978922007 	 0.0
0.8440219978922007 	 0.0
0.8450219978922007 	 0.0
0.8460219978922007 	 0.0
0.8470219978922007 	 0.0
0.8480219978922007 	 0.0
0.8490219978922007 	 0.0
0.8500219978922007 	 0.0
0.8510219978922007 	 0.0
0.8520219978922007 	 0.0
0.8530219978922007 	 0.0
0.8540219978922007 	 0.0
0.8550219978922007 	 0.0
0.8560219978922007 	 0.0
0.8570219978922007 	 0.0
0.8580219978922007 	 0.0
0.8590219978922007 	 0.0
0.8600219978922007 	 0.0
0.8610219978922007 	 0.0
0.8620219978922007 	 0.0
0.8630219978922007 	 0.0
0.8640219978922007 	 0.0
0.8650219978922007 	 0.0
0.8660219978922007 	 0.0
0.8670219978922007 	 0.0
0.8680219978922007 	 0.0
0.8690219978922007 	 0.0
0.8700219978922007 	 0.0
0.8710219978922007 	 0.0
0.8720219978922007 	 0.0
0.8730219978922007 	 0.0
0.8740219978922007 	 0.0
0.8750219978922007 	 0.0
0.8760219978922007 	 0.0
0.8770219978922007 	 0.0
0.8780219978922007 	 0.0
0.8790219978922007 	 0.0
0.8800219978922007 	 0.0
0.8810219978922007 	 0.0
0.8820219978922007 	 0.0
0.8830219978922007 	 0.0
0.8840219978922007 	 0.0
0.8850219978922007 	 0.0
0.8860219978922007 	 0.0
0.8870219978922007 	 0.0
0.8880219978922007 	 0.0
0.8890219978922007 	 0.0
0.8900219978922007 	 0.0
0.8910219978922007 	 0.0
0.8920219978922007 	 0.0
0.8930219978922007 	 0.0
0.8940219978922007 	 0.0
0.8950219978922007 	 0.0
0.8960219978922007 	 0.0
0.8970219978922007 	 0.0
0.8980219978922007 	 0.0
0.8990219978922007 	 0.0
0.9000219978922007 	 0.0
0.9010219978922007 	 0.0
0.9020219978922007 	 0.0
0.9030219978922007 	 0.0
0.9040219978922007 	 0.0
0.9050219978922007 	 0.0
0.9060219978922007 	 0.0
0.9070219978922007 	 0.0
0.9080219978922007 	 0.0
0.9090219978922007 	 0.0
0.9100219978922007 	 0.0
0.9110219978922007 	 0.0
0.9120219978922007 	 0.0
0.9130219978922007 	 0.0
0.9140219978922007 	 0.0
0.9150219978922007 	 0.0
0.9160219978922007 	 0.0
0.9170219978922007 	 0.0
0.9180219978922007 	 0.0
0.9190219978922007 	 0.0
0.9200219978922007 	 0.0
0.9210219978922007 	 0.0
0.9220219978922007 	 0.0
0.9230219978922007 	 0.0
0.9240219978922007 	 0.0
0.9250219978922007 	 0.0
0.9260219978922007 	 0.0
0.9270219978922007 	 0.0
0.9280219978922007 	 0.0
0.9290219978922007 	 0.0
0.9300219978922007 	 0.0
0.9310219978922007 	 0.0
0.9320219978922007 	 0.0
0.9330219978922007 	 0.0
0.9340219978922008 	 0.0
0.9350219978922008 	 0.0
0.9360219978922008 	 0.0
0.9370219978922008 	 0.0
0.9380219978922008 	 0.0
0.9390219978922008 	 0.0
0.9400219978922008 	 0.0
0.9410219978922008 	 0.0
0.9420219978922008 	 0.0
0.9430219978922008 	 0.0
0.9440219978922008 	 0.0
0.9450219978922008 	 0.0
0.9460219978922008 	 0.0
0.9470219978922008 	 0.0
0.9480219978922008 	 0.0
0.9490219978922008 	 0.0
0.9500219978922008 	 0.0
0.9510219978922008 	 0.0
0.9520219978922008 	 0.0
0.9530219978922008 	 0.0
0.9540219978922008 	 0.0
0.9550219978922008 	 0.0
0.9560219978922008 	 0.0
0.9570219978922008 	 0.0
0.9580219978922008 	 0.0
0.9590219978922008 	 0.0
0.9600219978922008 	 0.0
0.9610219978922008 	 0.0
0.9620219978922008 	 0.0
0.9630219978922008 	 0.0
0.9640219978922008 	 0.0
0.9650219978922008 	 0.0
0.9660219978922008 	 0.0
0.9670219978922008 	 0.0
0.9680219978922008 	 0.0
0.9690219978922008 	 0.0
0.9700219978922008 	 0.0
0.9710219978922008 	 0.0
0.9720219978922008 	 0.0
0.9730219978922008 	 0.0
0.9740219978922008 	 0.0
0.9750219978922008 	 0.0
0.9760219978922008 	 0.0
0.9770219978922008 	 0.0
0.9780219978922008 	 0.0
0.9790219978922008 	 0.0
0.9800219978922008 	 0.0
0.9810219978922008 	 0.0
0.9820219978922008 	 0.0
0.9830219978922008 	 0.0
0.9840219978922008 	 0.0
0.9850219978922008 	 0.0
0.9860219978922008 	 0.0
0.9870219978922008 	 0.0
0.9880219978922008 	 0.0
0.9890219978922008 	 0.0
0.9900219978922008 	 0.0
0.9910219978922008 	 0.0
0.9920219978922008 	 0.0
0.9930219978922008 	 0.0
0.9940219978922008 	 0.0
0.9950219978922008 	 0.0
0.9960219978922008 	 0.0
0.9970219978922008 	 0.0
0.9980219978922008 	 0.0
0.9990219978922008 	 0.0
1.0000219978922007 	 0.0
1.0010219978922006 	 0.0
1.0020219978922005 	 0.0
1.0030219978922004 	 0.0
1.0040219978922003 	 0.0
1.0050219978922001 	 0.0
1.0060219978922 	 0.0
1.0070219978922 	 0.0
1.0080219978921998 	 0.0
1.0090219978921997 	 0.0
1.0100219978921996 	 0.0
1.0110219978921995 	 0.0
1.0120219978921994 	 0.0
1.0130219978921993 	 0.0
1.0140219978921992 	 0.0
1.015021997892199 	 0.0
1.016021997892199 	 0.0
1.0170219978921988 	 0.0
1.0180219978921987 	 0.0
1.0190219978921986 	 0.0
1.0200219978921985 	 0.0
1.0210219978921984 	 0.0
1.0220219978921983 	 0.0
1.0230219978921982 	 0.0
1.024021997892198 	 0.0
1.025021997892198 	 0.0
1.0260219978921978 	 0.0
1.0270219978921977 	 0.0
1.0280219978921976 	 0.0
1.0290219978921975 	 0.0
1.0300219978921974 	 0.0
1.0310219978921973 	 0.0
1.0320219978921972 	 0.0
1.033021997892197 	 0.0
1.034021997892197 	 0.0
1.0350219978921968 	 0.0
1.0360219978921967 	 0.0
1.0370219978921966 	 0.0
1.0380219978921965 	 0.0
1.0390219978921964 	 0.0
1.0400219978921963 	 0.0
1.0410219978921962 	 0.0
1.042021997892196 	 0.0
1.043021997892196 	 0.0
1.0440219978921959 	 0.0
1.0450219978921957 	 0.0
1.0460219978921956 	 0.0
1.0470219978921955 	 0.0
1.0480219978921954 	 0.0
1.0490219978921953 	 0.0
1.0500219978921952 	 0.0
1.051021997892195 	 0.0
1.052021997892195 	 0.0
1.0530219978921949 	 0.0
1.0540219978921948 	 0.0
1.0550219978921946 	 0.0
1.0560219978921945 	 0.0
1.0570219978921944 	 0.0
1.0580219978921943 	 0.0
1.0590219978921942 	 0.0
1.060021997892194 	 0.0
1.061021997892194 	 0.0
1.0620219978921939 	 0.0
1.0630219978921938 	 0.0
1.0640219978921936 	 0.0
1.0650219978921935 	 0.0
1.0660219978921934 	 0.0
1.0670219978921933 	 0.0
1.0680219978921932 	 0.0
1.069021997892193 	 0.0
1.070021997892193 	 0.0
1.0710219978921929 	 0.0
1.0720219978921928 	 0.0
1.0730219978921927 	 0.0
1.0740219978921925 	 0.0
1.0750219978921924 	 0.0
1.0760219978921923 	 0.0
1.0770219978921922 	 0.0
1.078021997892192 	 0.0
1.079021997892192 	 0.0
1.0800219978921919 	 0.0
1.0810219978921918 	 0.0
1.0820219978921917 	 0.0
1.0830219978921916 	 0.0
1.0840219978921914 	 0.0
1.0850219978921913 	 0.0
1.0860219978921912 	 0.0
1.0870219978921911 	 0.0
1.088021997892191 	 0.0
1.089021997892191 	 0.0
1.0900219978921908 	 0.0
1.0910219978921907 	 0.0
1.0920219978921906 	 0.0
1.0930219978921905 	 0.0
1.0940219978921903 	 0.0
1.0950219978921902 	 0.0
1.0960219978921901 	 0.0
1.09702199789219 	 0.0
1.09802199789219 	 0.0
1.0990219978921898 	 0.0
1.1000219978921897 	 0.0
1.1010219978921896 	 0.0
1.1020219978921895 	 0.0
1.1030219978921894 	 0.0
1.1040219978921892 	 0.0
1.1050219978921891 	 0.0
1.106021997892189 	 0.0
1.107021997892189 	 0.0
1.1080219978921888 	 0.0
1.1090219978921887 	 0.0
1.1100219978921886 	 0.0
1.1110219978921885 	 0.0
1.1120219978921884 	 0.0
1.1130219978921883 	 0.0
1.1140219978921881 	 0.0
1.115021997892188 	 0.0
1.116021997892188 	 0.0
1.1170219978921878 	 0.0
1.1180219978921877 	 0.0
1.1190219978921876 	 0.0
1.1200219978921875 	 0.0
1.1210219978921874 	 0.0
1.1220219978921873 	 0.0
1.1230219978921872 	 0.0
1.124021997892187 	 0.0
1.125021997892187 	 0.0
1.1260219978921868 	 0.0
1.1270219978921867 	 0.0
1.1280219978921866 	 0.0
1.1290219978921865 	 0.0
1.1300219978921864 	 0.0
1.1310219978921863 	 0.0
1.1320219978921862 	 0.0
1.133021997892186 	 0.0
1.134021997892186 	 0.0
1.1350219978921858 	 0.0
1.1360219978921857 	 0.0
1.1370219978921856 	 0.0
1.1380219978921855 	 0.0
1.1390219978921854 	 0.0
1.1400219978921853 	 0.0
1.1410219978921852 	 0.0
1.142021997892185 	 0.0
1.143021997892185 	 0.0
1.1440219978921848 	 0.0
1.1450219978921847 	 0.0
1.1460219978921846 	 0.0
1.1470219978921845 	 0.0
1.1480219978921844 	 0.0
1.1490219978921843 	 0.0
1.1500219978921842 	 0.0
1.151021997892184 	 0.0
1.152021997892184 	 0.0
1.1530219978921838 	 0.0
1.1540219978921837 	 0.0
1.1550219978921836 	 0.0
1.1560219978921835 	 0.0
1.1570219978921834 	 0.0
1.1580219978921833 	 0.0
1.1590219978921832 	 0.0
1.160021997892183 	 0.0
1.161021997892183 	 0.0
1.1620219978921829 	 0.0
1.1630219978921827 	 0.0
1.1640219978921826 	 0.0
1.1650219978921825 	 0.0
1.1660219978921824 	 0.0
1.1670219978921823 	 0.0
1.1680219978921822 	 0.0
1.169021997892182 	 0.0
1.170021997892182 	 0.0
1.1710219978921819 	 0.0
1.1720219978921818 	 0.0
1.1730219978921816 	 0.0
1.1740219978921815 	 0.0
1.1750219978921814 	 0.0
1.1760219978921813 	 0.0
1.1770219978921812 	 0.0
1.178021997892181 	 0.0
1.179021997892181 	 0.0
1.1800219978921809 	 0.0
1.1810219978921808 	 0.0
1.1820219978921807 	 0.0
1.1830219978921805 	 0.0
1.1840219978921804 	 0.0
1.1850219978921803 	 0.0
1.1860219978921802 	 0.0
1.18702199789218 	 0.0
1.18802199789218 	 0.0
1.1890219978921799 	 0.0
1.1900219978921798 	 0.0
1.1910219978921797 	 0.0
1.1920219978921796 	 0.0
1.1930219978921794 	 0.0
1.1940219978921793 	 0.0
1.1950219978921792 	 0.0
1.1960219978921791 	 0.0
1.197021997892179 	 0.0
1.198021997892179 	 0.0
1.1990219978921788 	 0.0
1.2000219978921787 	 0.0
1.2010219978921786 	 0.0
1.2020219978921785 	 0.0
1.2030219978921783 	 0.0
1.2040219978921782 	 0.0
1.2050219978921781 	 0.0
1.206021997892178 	 0.0
1.207021997892178 	 0.0
1.2080219978921778 	 0.0
1.2090219978921777 	 0.0
1.2100219978921776 	 0.0
1.2110219978921775 	 0.0
1.2120219978921773 	 0.0
1.2130219978921772 	 0.0
1.2140219978921771 	 0.0
1.215021997892177 	 0.0
1.216021997892177 	 0.0
1.2170219978921768 	 0.0
1.2180219978921767 	 0.0
1.2190219978921766 	 0.0
1.2200219978921765 	 0.0
1.2210219978921764 	 0.0
1.2220219978921762 	 0.0
1.2230219978921761 	 0.0
1.224021997892176 	 0.0
1.225021997892176 	 0.0
1.2260219978921758 	 0.0
1.2270219978921757 	 0.0
1.2280219978921756 	 0.0
1.2290219978921755 	 0.0
1.2300219978921754 	 0.0
1.2310219978921753 	 0.0
1.2320219978921751 	 0.0
1.233021997892175 	 0.0
1.234021997892175 	 0.0
1.2350219978921748 	 0.0
1.2360219978921747 	 0.0
1.2370219978921746 	 0.0
1.2380219978921745 	 0.0
1.2390219978921744 	 0.0
1.2400219978921743 	 0.0
1.2410219978921742 	 0.0
1.242021997892174 	 0.0
1.243021997892174 	 0.0
1.2440219978921738 	 0.0
1.2450219978921737 	 0.0
1.2460219978921736 	 0.0
1.2470219978921735 	 0.0
1.2480219978921734 	 0.0
1.2490219978921733 	 0.0
1.2500219978921732 	 0.0
1.251021997892173 	 0.0
1.252021997892173 	 0.0
1.2530219978921728 	 0.0
1.2540219978921727 	 0.0
1.2550219978921726 	 0.0
1.2560219978921725 	 0.0
1.2570219978921724 	 0.0
1.2580219978921723 	 0.0
1.2590219978921722 	 0.0
1.260021997892172 	 0.0
1.261021997892172 	 0.0
1.2620219978921718 	 0.0
1.2630219978921717 	 0.0
1.2640219978921716 	 0.0
1.2650219978921715 	 0.0
1.2660219978921714 	 0.0
1.2670219978921713 	 0.0
1.2680219978921712 	 0.0
1.269021997892171 	 0.0
1.270021997892171 	 0.0
1.2710219978921709 	 0.0
1.2720219978921707 	 0.0
1.2730219978921706 	 0.0
1.2740219978921705 	 0.0
1.2750219978921704 	 0.0
1.2760219978921703 	 0.0
1.2770219978921702 	 0.0
1.27802199789217 	 0.0
1.27902199789217 	 0.0
1.2800219978921699 	 0.0
1.2810219978921698 	 0.0
1.2820219978921696 	 0.0
1.2830219978921695 	 0.0
1.2840219978921694 	 0.0
1.2850219978921693 	 0.0
1.2860219978921692 	 0.0
1.287021997892169 	 0.0
1.288021997892169 	 0.0
1.2890219978921689 	 0.0
1.2900219978921688 	 6.312899845437717e-11
1.2910219978921686 	 4.4392459500063693e-10
1.2920219978921685 	 1.1736974625878255e-09
1.2930219978921684 	 2.2573156019126166e-09
1.2940219978921683 	 3.700087069515413e-09
1.2950219978921682 	 5.506963427285613e-09
1.296021997892168 	 7.68324802894105e-09
1.297021997892168 	 1.0234312578538094e-08
1.2980219978921679 	 1.3165461691411295e-08
1.2990219978921678 	 1.6546546414331242e-08
1.3000219978921677 	 2.09260443568171e-08
1.3010219978921675 	 2.644138942914457e-08
1.3020219978921674 	 3.310912684510692e-08
1.3030219978921673 	 4.0945851478171774e-08
1.3040219978921672 	 4.996851527444131e-08
1.305021997892167 	 6.019445742002244e-08
1.306021997892167 	 7.164078663100405e-08
1.3070219978921669 	 8.432549083491377e-08
1.3080219978921668 	 9.826633436831118e-08
1.3090219978921667 	 1.1348140854173997e-07
1.3100219978921666 	 1.2998930552705993e-07
1.3110219978921664 	 1.478086498217799e-07
1.3120219978921663 	 1.6695840925411987e-07
1.3130219978921662 	 1.8745782510594086e-07
1.3140219978921661 	 2.0932650475547388e-07
1.315021997892166 	 2.325840717970131e-07
1.316021997892166 	 2.5725070481072866e-07
1.3170219978921658 	 2.833467843287016e-07
1.3180219978921657 	 3.108930772694578e-07
1.3190219978921656 	 3.3991055635882484e-07
1.3200219978921655 	 3.704202450298212e-07
1.3210219978921653 	 4.0244391744908333e-07
1.3220219978921652 	 4.3600357671142084e-07
1.3230219978921651 	 4.7112127620088723e-07
1.324021997892165 	 5.078198515354648e-07
1.325021997892165 	 5.461219229819524e-07
1.3260219978921648 	 5.860507238056764e-07
1.3270219978921647 	 6.276300186090664e-07
1.3280219978921646 	 6.708837270699729e-07
1.3290219978921645 	 7.158358549513357e-07
1.3300219978921644 	 7.625113279258477e-07
1.3310219978921642 	 8.109351531174977e-07
1.3320219978921641 	 8.611324287747245e-07
1.333021997892164 	 9.131292053839346e-07
1.334021997892164 	 9.669516317686686e-07
1.3350219978921638 	 1.0226260541676765e-06
1.3360219978921637 	 1.0801794128610112e-06
1.3370219978921636 	 1.1396394443472835e-06
1.3380219978921635 	 1.2010333141276288e-06
1.3390219978921634 	 1.2643894986741314e-06
1.3400219978921633 	 1.3297368925593083e-06
1.3410219978921631 	 1.3971039403679427e-06
1.342021997892163 	 1.466520717341737e-06
1.343021997892163 	 1.5380165427990005e-06
1.3440219978921628 	 1.6116222049803238e-06
1.3450219978921627 	 1.6873685413644885e-06
1.3460219978921626 	 1.7652866703303515e-06
1.3470219978921625 	 1.845408584840485e-06
1.3480219978921624 	 1.9277663635750613e-06
1.3490219978921623 	 2.0123929875947087e-06
1.3500219978921622 	 2.0993215292764064e-06
1.351021997892162 	 2.188585990887941e-06
1.352021997892162 	 2.280220473056378e-06
1.3530219978921618 	 2.3742598200088403e-06
1.3540219978921617 	 2.4707398371839623e-06
1.3550219978921616 	 2.5696958161429125e-06
1.3560219978921615 	 2.671164886140381e-06
1.3570219978921614 	 2.7751834548875106e-06
1.3580219978921613 	 2.8817898025424053e-06
1.3590219978921612 	 2.991021492230278e-06
1.360021997892161 	 3.1029179938176146e-06
1.361021997892161 	 3.21751806646727e-06
1.3620219978921608 	 3.3348624100405554e-06
1.3630219978921607 	 3.4549910217779086e-06
1.3640219978921606 	 3.577945873354281e-06
1.3650219978921605 	 3.703768243602763e-06
1.3660219978921604 	 3.83250141941683e-06
1.3670219978921603 	 3.9641880062727836e-06
1.3680219978921602 	 4.0988726513291475e-06
1.36902199789216 	 4.2365993333538415e-06
1.37002199789216 	 4.377414106517178e-06
1.3710219978921598 	 4.521362487630901e-06
1.3720219978921597 	 4.6684916370593934e-06
1.3730219978921596 	 4.81884889306454e-06
1.3740219978921595 	 4.97248280396608e-06
1.3750219978921594 	 5.129442233410293e-06
1.3760219978921593 	 5.289777285939001e-06
1.3770219978921592 	 5.453538642857228e-06
1.378021997892159 	 5.620777303154836e-06
1.379021997892159 	 5.791546299993238e-06
1.3800219978921588 	 5.965898178272642e-06
1.3810219978921587 	 6.143887303387374e-06
1.3820219978921586 	 6.325568305778116e-06
1.3830219978921585 	 6.5109971847072835e-06
1.3840219978921584 	 6.7002303530850134e-06
1.3850219978921583 	 6.893325626984967e-06
1.3860219978921582 	 7.0903412647731305e-06
1.387021997892158 	 7.291337089258438e-06
1.388021997892158 	 7.496373143236732e-06
1.3890219978921579 	 7.705510819987097e-06
1.3900219978921577 	 7.918812769683197e-06
1.3910219978921576 	 8.136342148219414e-06
1.3920219978921575 	 8.358163656903368e-06
1.3930219978921574 	 8.58434253635911e-06
1.3940219978921573 	 8.814945741694004e-06
1.3950219978921572 	 9.050040543447895e-06
1.396021997892157 	 9.289695702444484e-06
1.397021997892157 	 9.533981378560885e-06
1.3980219978921569 	 9.782968347242868e-06
1.3990219978921568 	 1.0036729219337113e-05
1.4000219978921566 	 1.029533672520869e-05
1.4010219978921565 	 1.0558866276790515e-05
1.4020219978921564 	 1.0827393180669639e-05
1.4030219978921563 	 1.1100994523787015e-05
1.4040219978921562 	 1.1379749088149822e-05
1.405021997892156 	 1.1663735850957561e-05
1.406021997892156 	 1.1953036625771784e-05
1.4070219978921559 	 1.2247733194423264e-05
1.4080219978921558 	 1.2547909248593081e-05
1.4090219978921557 	 1.28536503055665e-05
1.4100219978921555 	 1.3165042164473422e-05
1.4110219978921554 	 1.3482173625163521e-05
1.4120219978921553 	 1.3805133540646947e-05
1.4130219978921552 	 1.4134012813860242e-05
1.414021997892155 	 1.4468904314518401e-05
1.415021997892155 	 1.4809901292494983e-05
1.4160219978921549 	 1.5157100173496157e-05
1.4170219978921548 	 1.5510597533232535e-05
1.4180219978921547 	 1.5870492149016302e-05
1.4190219978921546 	 1.6236884917779223e-05
1.4200219978921544 	 1.660987722733825e-05
1.4210219978921543 	 1.698957382843306e-05
1.4220219978921542 	 1.7376079882941436e-05
1.4230219978921541 	 1.776950231228929e-05
1.424021997892154 	 1.8169951232684724e-05
1.425021997892154 	 1.8577536768777777e-05
1.4260219978921538 	 1.8992372760052257e-05
1.4270219978921537 	 1.9414573583758615e-05
1.4280219978921536 	 1.984425554037109e-05
1.4290219978921535 	 2.0281538326184673e-05
1.4300219978921533 	 2.072654224578019e-05
1.4310219978921532 	 2.1179389632006443e-05
1.4320219978921531 	 2.1640206353931328e-05
1.433021997892153 	 2.2109118477238448e-05
1.434021997892153 	 2.258625615593733e-05
1.4350219978921528 	 2.3071750302323072e-05
1.4360219978921527 	 2.3565734044639805e-05
1.4370219978921526 	 2.4068344273362145e-05
1.4380219978921525 	 2.4579718389180706e-05
1.4390219978921523 	 2.509999746134965e-05
1.4400219978921522 	 2.5629324479302536e-05
1.4410219978921521 	 2.616784418835769e-05
1.442021997892152 	 2.6715705505254068e-05
1.443021997892152 	 2.7273058365612637e-05
1.4440219978921518 	 2.784005525557237e-05
1.4450219978921517 	 2.8416852834043003e-05
1.4460219978921516 	 2.900360887962474e-05
1.4470219978921515 	 2.96004838584176e-05
1.4480219978921514 	 3.0207642583657122e-05
1.4490219978921512 	 3.082525073821876e-05
1.4500219978921511 	 3.145347826399584e-05
1.451021997892151 	 3.209249748972013e-05
1.452021997892151 	 3.274248314680608e-05
1.4530219978921508 	 3.3403614051285634e-05
1.4540219978921507 	 3.4076071546717664e-05
1.4550219978921506 	 3.476003933781957e-05
1.4560219978921505 	 3.545570613616543e-05
1.4570219978921504 	 3.6163262217917063e-05
1.4580219978921503 	 3.688290110705486e-05
1.4590219978921501 	 3.7614821354615394e-05
1.46002199789215 	 3.8359222824677393e-05
1.46102199789215 	 3.911631051958815e-05
1.4620219978921498 	 3.988629180994904e-05
1.4630219978921497 	 4.0669377607879006e-05
1.4640219978921496 	 4.1465783606562434e-05
1.4650219978921495 	 4.227572802108168e-05
1.4660219978921494 	 4.309943278899471e-05
1.4670219978921493 	 4.393712483830782e-05
1.4680219978921492 	 4.478903377913053e-05
1.469021997892149 	 4.565539353999937e-05
1.470021997892149 	 4.653644204089257e-05
1.4710219978921488 	 4.743242125824605e-05
1.4720219978921487 	 4.8343577290706566e-05
1.4730219978921486 	 4.927016042561608e-05
1.4740219978921485 	 5.0212425206210045e-05
1.4750219978921484 	 5.117063049951688e-05
1.4760219978921483 	 5.214503956494279e-05
1.4770219978921482 	 5.3135920123524247e-05
1.478021997892148 	 5.4143544427829025e-05
1.479021997892148 	 5.516818933248169e-05
1.4800219978921478 	 5.621013636529538e-05
1.4810219978921477 	 5.7269671798978246e-05
1.4820219978921476 	 5.8347086723391207e-05
1.4830219978921475 	 5.944267711832524e-05
1.4840219978921474 	 6.0556743926764775e-05
1.4850219978921473 	 6.168959312860282e-05
1.4860219978921472 	 6.284153581477158e-05
1.487021997892147 	 6.401288826174295e-05
1.488021997892147 	 6.520397200635884e-05
1.4890219978921468 	 6.641511392094557e-05
1.4900219978921467 	 6.764664628865426e-05
1.4910219978921466 	 6.889890687898359e-05
1.4920219978921465 	 7.017223902341843e-05
1.4930219978921464 	 7.146699169112812e-05
1.4940219978921463 	 7.278351956465613e-05
1.4950219978921462 	 7.412218311553254e-05
1.496021997892146 	 7.548334867973456e-05
1.497021997892146 	 7.68673885329156e-05
1.4980219978921459 	 7.827468096532095e-05
1.4990219978921457 	 7.970561035629785e-05
1.5000219978921456 	 8.116056724830946e-05
1.5010219978921455 	 8.263994842035033e-05
1.5020219978921454 	 8.414415696065792e-05
1.5030219978921453 	 8.567360233861074e-05
1.5040219978921452 	 8.722870047569147e-05
1.505021997892145 	 8.880987381539382e-05
1.506021997892145 	 9.041755139193892e-05
1.5070219978921449 	 9.205216889766475e-05
1.5080219978921447 	 9.371416827848493e-05
1.5090219978921446 	 9.540399967129624e-05
1.5100219978921445 	 9.712211866969374e-05
1.5110219978921444 	 9.886898824052597e-05
1.5120219978921443 	 0.0001006450783203831
1.5130219978921442 	 0.0001024508658716677
1.514021997892144 	 0.00010428683493613095
1.515021997892144 	 0.00010615347668567905
1.5160219978921439 	 0.00010805128947022664
1.5170219978921438 	 0.00010998077886236807
1.5180219978921436 	 0.00011194245769862877
1.5190219978921435 	 0.00011393684611704671
1.5200219978921434 	 0.00011596447159081916
1.5210219978921433 	 0.00011802586895773886
1.5220219978921432 	 0.00012012158044513899
1.523021997892143 	 0.0001222521556900377
1.524021997892143 	 0.00012441815059140404
1.5250219978921429 	 0.0001266201319493083
1.5260219978921428 	 0.00012885867055633637
1.5270219978921427 	 0.00013113434578250718
1.5280219978921425 	 0.00013344774442484428
1.5290219978921424 	 0.00013579946069165798
1.5300219978921423 	 0.00013819009617953212
1.5310219978921422 	 0.000140620259842597
1.532021997892142 	 0.00014309056795365022
1.533021997892142 	 0.00014560164405667022
1.5340219978921419 	 0.00014815411891025703
1.5350219978921418 	 0.0001507486304215118
1.5360219978921417 	 0.00015338582356983906
1.5370219978921416 	 0.00015606635032016378
1.5380219978921414 	 0.00015879086952500057
1.5390219978921413 	 0.0001615600468148273
1.5400219978921412 	 0.00016437455447616857
1.5410219978921411 	 0.00016723507131679783
1.542021997892141 	 0.00017014228251742867
1.543021997892141 	 0.0001730968794692543
1.5440219978921408 	 0.00017609955959667811
1.5450219978921407 	 0.00017915102616454807
1.5460219978921406 	 0.00018225198806919642
1.5470219978921405 	 0.00018540315961256085
1.5480219978921403 	 0.0001886052602586455
1.5490219978921402 	 0.00019185901437156335
1.5500219978921401 	 0.00019516515093437407
1.55102199789214 	 0.0001985244032479219
1.55202199789214 	 0.00020193750860885405
1.5530219978921398 	 0.00020540520796598355
1.5540219978921397 	 0.0002089282455541418
1.5550219978921396 	 0.0002125073685046553
1.5560219978921395 	 0.000216143326431559
1.5570219978921394 	 0.00021983687099264498
1.5580219978921392 	 0.00022358875542443643
1.5590219978921391 	 0.0002273997340501686
1.560021997892139 	 0.0002312705606110037
1.561021997892139 	 0.00023520199229228343
1.5620219978921388 	 0.00023919478231223737
1.5630219978921387 	 0.00024324968384786054
1.5640219978921386 	 0.00024736744826480566
1.5650219978921385 	 0.0002515488244435282
1.5660219978921384 	 0.00025579455807178827
1.5670219978921383 	 0.0002601053909025653
1.5680219978921381 	 0.0002644820599764567
1.569021997892138 	 0.00026892529680762523
1.570021997892138 	 0.0002734358265324095
1.5710219978921378 	 0.0002780143670196907
1.5720219978921377 	 0.0002826616279421709
1.5730219978921376 	 0.0002873783098077393
1.5740219978921375 	 0.00029216510295011777
1.5750219978921374 	 0.00029702268647805103
1.5760219978921373 	 0.0003019517271823206
1.5770219978921372 	 0.0003069528783999457
1.578021997892137 	 0.0003120267759032132
1.579021997892137 	 0.00031717404835279256
1.5800219978921368 	 0.0003223952985911195
1.5810219978921367 	 0.00032769111390639833
1.5820219978921366 	 0.00033306206179344836
1.5830219978921365 	 0.00033850868855108204
1.5840219978921364 	 0.00034403151783416
1.5850219978921363 	 0.0003496310491603417
1.5860219978921362 	 0.0003553077563716937
1.587021997892136 	 0.00036106208605143637
1.588021997892136 	 0.0003668944558962579
1.5890219978921358 	 0.0003728052530447751
1.5900219978921357 	 0.00037879483236288115
1.5910219978921356 	 0.00038486351468690073
1.5920219978921355 	 0.00039101158502563815
1.5930219978921354 	 0.0003972392907226327
1.5940219978921353 	 0.00040354683958008754
1.5950219978921352 	 0.00040993439794621627
1.596021997892135 	 0.0004164020887679258
1.597021997892135 	 0.000422949989611012
1.5980219978921348 	 0.0004295781306503031
1.5990219978921347 	 0.00043628649263240923
1.6000219978921346 	 0.0004430750048140548
1.6010219978921345 	 0.00044994354287918384
1.6020219978921344 	 0.0004568919268383696
1.6030219978921343 	 0.00046391991891431354
1.6040219978921342 	 0.0004710272214175462
1.605021997892134 	 0.0004782134746167309
1.606021997892134 	 0.0004854782546082866
1.6070219978921338 	 0.0004928210711903792
1.6080219978921337 	 0.0005002413657466099
1.6090219978921336 	 0.0005077385091451143
1.6100219978921335 	 0.0005153117971157141
1.6110219978921334 	 0.0005229604583319103
1.6120219978921333 	 0.0005306836372514063
1.6130219978921332 	 0.0005384804021956775
1.614021997892133 	 0.0005463497409179735
1.615021997892133 	 0.0005542905587316798
1.6160219978921329 	 0.0005623016767025501
1.6170219978921327 	 0.0005703818299129112
1.6180219978921326 	 0.0005785296658061424
1.6190219978921325 	 0.000586743742620031
1.6200219978921324 	 0.0005950225279177255
1.6210219978921323 	 0.0006033643972252834
1.6220219978921322 	 0.0006117676327848717
1.623021997892132 	 0.0006202304224328623
1.624021997892132 	 0.0006287508586121143
1.6250219978921319 	 0.0006373269375278001
1.6260219978921318 	 0.0006459565584561367
1.6270219978921316 	 0.000654637523215317
1.6280219978921315 	 0.0006633675358079099
1.6290219978921314 	 0.0006721441959081482
1.6300219978921313 	 0.0006809650241287056
1.6310219978921312 	 0.000689827424481597
1.632021997892131 	 0.0006987287098741743
1.633021997892131 	 0.0007076660964928152
1.6340219978921309 	 0.0007166367046567299
1.6350219978921308 	 0.0007256375599010711
1.6360219978921307 	 0.0007346655942959134
1.6370219978921305 	 0.0007437176480071437
1.6380219978921304 	 0.000752790471104574
1.6390219978921303 	 0.0007618807256218749
1.6400219978921302 	 0.0007709849878721785
1.64102199789213 	 0.0007800997510222926
1.64202199789213 	 0.0007892214279276329
1.6430219978921299 	 0.000798346354228951
1.6440219978921298 	 0.0008074707917110023
1.6450219978921297 	 0.0008165909319221459
1.6460219978921296 	 0.0008257029000528802
1.6470219978921294 	 0.0008348027590700687
1.6480219978921293 	 0.000843886514102507
1.6490219978921292 	 0.0008529501170722777
1.650021997892129 	 0.0008619894715650878
1.651021997892129 	 0.0008710004379315793
1.652021997892129 	 0.0008799788386103795
1.6530219978921288 	 0.000888920463662384
1.6540219978921287 	 0.0008978210765045829
1.6550219978921286 	 0.0009066764198305502
1.6560219978921285 	 0.0009154822217034892
1.6570219978921283 	 0.0009242342018066609
1.6580219978921282 	 0.0009329280778349164
1.6590219978921281 	 0.0009415595673820261
1.660021997892128 	 0.0009501244130280626
1.661021997892128 	 0.0009586183614150637
1.6620219978921278 	 0.0009670371883959523
1.6630219978921277 	 0.0009753767012714986
1.6640219978921276 	 0.0009836327456341177
1.6650219978921275 	 0.0009918012122143087
1.6660219978921273 	 0.0009998780437075858
1.6670219978921272 	 0.0010078592415593743
1.6680219978921271 	 0.0010157408726852925
1.669021997892127 	 0.0010235190761040945
1.670021997892127 	 0.001031190069460706
1.6710219978921268 	 0.0010387501554169974
1.6720219978921267 	 0.0010461957278882308
1.6730219978921266 	 0.0010535232781036588
1.6740219978921265 	 0.0010607294004702833
1.6750219978921264 	 0.0010678107982195653
1.6760219978921262 	 0.001074764288817645
1.6770219978921261 	 0.001081586809120656
1.678021997892126 	 0.0010882754202577154
1.679021997892126 	 0.0010948273018780478
1.6800219978921258 	 0.0011012397977622629
1.6810219978921257 	 0.0011075103579200939
1.6820219978921256 	 0.0011136365834148335
1.6830219978921255 	 0.0011196162193902372
1.6840219978921254 	 0.0011254471580252024
1.6850219978921253 	 0.0011311274411313732
1.6860219978921251 	 0.0011366552623875666
1.687021997892125 	 0.0011420289692066164
1.688021997892125 	 0.0011472470642317834
1.6890219978921248 	 0.0011523082064615747
1.6900219978921247 	 0.0011572112120033888
1.6910219978921246 	 0.0011619550544579918
1.6920219978921245 	 0.0011665388649384216
1.6930219978921244 	 0.0011709619317283653
1.6940219978921243 	 0.001175223699586565
1.6950219978921242 	 0.0011793237687051667
1.696021997892124 	 0.001183261893331215
1.697021997892124 	 0.0011870379800618313
1.6980219978921238 	 0.001190652085824648
1.6990219978921237 	 0.0011941044155561952
1.7000219978921236 	 0.0011973953195919323
1.7010219978921235 	 0.0012005252907823902
1.7020219978921234 	 0.0012034949613507532
1.7030219978921233 	 0.0012063050995078128
1.7040219978921232 	 0.0012089566058407829
1.705021997892123 	 0.001211450509492965
1.706021997892123 	 0.001213787964151524
1.7070219978921228 	 0.0012159702379019026
1.7080219978921227 	 0.0012179987327066294
1.7090219978921226 	 0.0012198749442123692
1.7100219978921225 	 0.0012216004809387244
1.7110219978921224 	 0.0012231770536272682
1.7120219978921223 	 0.0012246064704483596
1.7130219978921222 	 0.0012258906321387117
1.714021997892122 	 0.0012270315270863892
1.715021997892122 	 0.0012280312263794535
1.7160219978921218 	 0.0012288918788339932
1.7170219978921217 	 0.0012296157060167178
1.7180219978921216 	 0.0012302049972766755
1.7190219978921215 	 0.001230662104800014
1.7200219978921214 	 0.0012309894387010232
1.7210219978921213 	 0.0012311894621619408
1.7220219978921212 	 0.0012312646866333543
1.723021997892121 	 0.0012312176671061379
1.724021997892121 	 0.0012310509974652081
1.7250219978921209 	 0.0012307673059345256
1.7260219978921207 	 0.0012303692506220258
1.7270219978921206 	 0.0012298595151723497
1.7280219978921205 	 0.0012292407928934273
1.7290219978921204 	 0.0012285158292072418
1.7300219978921203 	 0.0012276873478272326
1.7310219978921202 	 0.001226758093460904
1.73202199789212 	 0.0012257308164553326
1.73302199789212 	 0.0012246082692196649
1.7340219978921199 	 0.0012233932027896333
1.7350219978921197 	 0.0012220883635362637
1.7360219978921196 	 0.001220696490020297
1.7370219978921195 	 0.0012192203099932568
1.7380219978921194 	 0.001217662537545608
1.7390219978921193 	 0.001216025870401859
1.7400219978921192 	 0.0012143129873620328
1.741021997892119 	 0.00121252654588848
1.742021997892119 	 0.0012106691798365625
1.7430219978921189 	 0.0012087434973273741
1.7440219978921188 	 0.0012067520787603257
1.7450219978921186 	 0.0012046974749630776
1.7460219978921185 	 0.0012025822054760422
1.7470219978921184 	 0.0012004087569683966
1.7480219978921183 	 0.0011981795817823458
1.7490219978921182 	 0.0011958970966021755
1.750021997892118 	 0.0011935636812444143
1.751021997892118 	 0.0011911816775653807
1.7520219978921179 	 0.0011887533884821424
1.7530219978921178 	 0.001186281077102949
1.7540219978921177 	 0.0011837669601763704
1.7550219978921175 	 0.0011812132305831266
1.7560219978921174 	 0.0011786220220257528
1.7570219978921173 	 0.0011759954317265104
1.7580219978921172 	 0.0011733355142483659
1.759021997892117 	 0.0011706442811951889
1.760021997892117 	 0.001167923700992356
1.7610219978921169 	 0.001165175698743652
1.7620219978921168 	 0.0011624021561604195
1.7630219978921167 	 0.0011596049115589896
1.7640219978921166 	 0.0011567857599224921
1.7650219978921164 	 0.0011539464530231978
1.7660219978921163 	 0.001151088699601689
1.7670219978921162 	 0.0011482141655991954
1.7680219978921161 	 0.001145324474439561
1.769021997892116 	 0.001142421207357417
1.770021997892116 	 0.0011395059037692242
1.7710219978921158 	 0.0011365800616839727
1.7720219978921157 	 0.0011336451381504355
1.7730219978921156 	 0.0011307025497380068
1.7740219978921155 	 0.001127753673048217
1.7750219978921153 	 0.0011247998452542226
1.7760219978921152 	 0.0011218423646655934
1.7770219978921151 	 0.0011188824806980014
1.778021997892115 	 0.0011159214369725432
1.779021997892115 	 0.0011129604081751242
1.7800219978921148 	 0.0011100005432292841
1.7810219978921147 	 0.0011070429553143928
1.7820219978921146 	 0.0011040887225333574
1.7830219978921145 	 0.00110113888859037
1.7840219978921144 	 0.0010981944634769242
1.7850219978921142 	 0.0010952564241644674
1.7860219978921141 	 0.0010923257153021256
1.787021997892114 	 0.0010894032499180464
1.788021997892114 	 0.0010864899101229804
1.7890219978921138 	 0.001083586547814844
1.7900219978921137 	 0.0010806939853830562
1.7910219978921136 	 0.0010778130164115249
1.7920219978921135 	 0.0010749444063792865
1.7930219978921134 	 0.001072088893357803
1.7940219978921133 	 0.001069247188704054
1.7950219978921131 	 0.001066419977748607
1.796021997892113 	 0.0010636079204779118
1.797021997892113 	 0.0010608116522101232
1.7980219978921128 	 0.0010580317842638558
1.7990219978921127 	 0.001055268904619274
1.8000219978921126 	 0.0010525235785710091
1.8010219978921125 	 0.0010497963442498064
1.8020219978921124 	 0.0010470877337577951
1.8030219978921123 	 0.0010443982430300039
1.8040219978921122 	 0.0010417283529695499
1.805021997892112 	 0.0010390785249215122
1.806021997892112 	 0.0010364492012687279
1.8070219978921118 	 0.0010338408060170977
1.8080219978921117 	 0.0010312537453702386
1.8090219978921116 	 0.001028688408293333
1.8100219978921115 	 0.0010261451670660676
1.8110219978921114 	 0.0010236243778245762
1.8120219978921113 	 0.0010211263810923025
1.8130219978921112 	 0.0010186515022997894
1.814021997892111 	 0.0010162000522933369
1.815021997892111 	 0.0010137723278325584
1.8160219978921108 	 0.0010113686120768648
1.8170219978921107 	 0.0010089891750608958
1.8180219978921106 	 0.001006634274158985
1.8190219978921105 	 0.0010043041545387105
1.8200219978921104 	 0.0010019990496036356
1.8210219978921103 	 0.0009997191814253255
1.8220219978921102 	 0.000997464761164761
1.82302199789211 	 0.0009952359894832659
1.82402199789211 	 0.0009930330569430793
1.8250219978921098 	 0.00099085613498294
1.8260219978921097 	 0.0009887054139706042
1.8270219978921096 	 0.0009865810470449364
1.8280219978921095 	 0.000984483188175469
1.8290219978921094 	 0.0009824119830852901
1.8300219978921093 	 0.000980367569592622
1.8310219978921092 	 0.0009783500779431498
1.832021997892109 	 0.0009763596311332699
1.833021997892109 	 0.0009743963452244237
1.8340219978921088 	 0.0009724603296487079
1.8350219978921087 	 0.0009705516875059391
1.8360219978921086 	 0.0009686705158523442
1.8370219978921085 	 0.000966816905981077
1.8380219978921084 	 0.0009649909436947212
1.8390219978921083 	 0.0009631927095699792
1.8400219978921082 	 0.0009614222792147201
1.841021997892108 	 0.0009596797235175694
1.842021997892108 	 0.0009579651088902181
1.8430219978921079 	 0.0009562784975026341
1.8440219978921077 	 0.0009546199475113505
1.8450219978921076 	 0.0009529895132810081
1.8460219978921075 	 0.0009513872455993177
1.8470219978921074 	 0.0009498131872602573
1.8480219978921073 	 0.0009482673917720144
1.8490219978921072 	 0.0009467498957885141
1.850021997892107 	 0.0009452607378139114
1.851021997892107 	 0.000943799953757587
1.8520219978921069 	 0.0009423675771131988
1.8530219978921068 	 0.0009409636391323034
1.8540219978921066 	 0.000939588168992717
1.8550219978921065 	 0.0009382411939617519
1.8560219978921064 	 0.0009369227395544942
1.8570219978921063 	 0.0009356328296872469
1.8580219978921062 	 0.0009343714868263024
1.859021997892106 	 0.0009331387321321707
1.860021997892106 	 0.0009319345855994035
1.8610219978921059 	 0.0009307590661921469
1.8620219978921058 	 0.0009296121919755583
1.8630219978921057 	 0.0009284939802432092
1.8640219978921055 	 0.0009274044476405981
1.8650219978921054 	 0.0009263436102849034
1.8660219978921053 	 0.0009253114838810883
1.8670219978921052 	 0.0009243080838344726
1.868021997892105 	 0.0009233334253598865
1.869021997892105 	 0.0009223875235875258
1.8700219978921049 	 0.000921470393665593
1.8710219978921048 	 0.0009205820508598533
1.8720219978921047 	 0.0009197225106501937
1.8730219978921046 	 0.0009188917800830145
1.8740219978921044 	 0.0009180898928281022
1.8750219978921043 	 0.0009173168568161246
1.8760219978921042 	 0.0009165726892925637
1.877021997892104 	 0.0009158574081582715
1.878021997892104 	 0.0009151710320500492
1.879021997892104 	 0.000914513580418869
1.8800219978921038 	 0.0009138850736058141
1.8810219978921037 	 0.0009132855329158254
1.8820219978921036 	 0.0009127149806893251
1.8830219978921034 	 0.0009121734403717884
1.8840219978921033 	 0.0009116609365813382
1.8850219978921032 	 0.000911177495174431
1.8860219978921031 	 0.0009107231433097008
1.887021997892103 	 0.0009102979095100248
1.888021997892103 	 0.0009099018237228693
1.8890219978921028 	 0.0009095349173789877
1.8900219978921027 	 0.0009091972234495105
1.8910219978921026 	 0.0009088887765015016
1.8920219978921025 	 0.0009086096127520265
1.8930219978921023 	 0.0009083597701207738
1.8940219978921022 	 0.0009081392838632893
1.8950219978921021 	 0.0009079482042906327
1.896021997892102 	 0.0009077865703166856
1.897021997892102 	 0.0009076544271709318
1.8980219978921018 	 0.0009075518220287722
1.8990219978921017 	 0.0009074788040565191
1.9000219978921016 	 0.0009074354244552681
1.9010219978921015 	 0.000907421736503678
1.9020219978921014 	 0.0009074377955997001
1.9030219978921012 	 0.0009074836593012863
1.9040219978921011 	 0.0009075593873661103
1.905021997892101 	 0.0009076650417903284
1.906021997892101 	 0.0009078006868464151
1.9070219978921008 	 0.0009079663891200921
1.9080219978921007 	 0.0009081622175463845
1.9090219978921006 	 0.0009083882434448187
1.9100219978921005 	 0.0009086445405537946
1.9110219978921004 	 0.0009089311850641385
1.9120219978921003 	 0.0009092482556518725
1.9130219978921001 	 0.0009095958335102007
1.9140219978921 	 0.0009099740023807393
1.9150219978921 	 0.0009103828485840029
1.9160219978920998 	 0.0009108224610491503
1.9170219978920997 	 0.0009112929313430118
1.9180219978920996 	 0.0009117943536984055
1.9190219978920995 	 0.0009123268250417365
1.9200219978920994 	 0.0009128904450199091
1.9210219978920993 	 0.0009134853073276164
1.9220219978920992 	 0.0009141115345159567
1.923021997892099 	 0.0009147692258611323
1.924021997892099 	 0.000915458492147179
1.9250219978920988 	 0.0009161794470027307
1.9260219978920987 	 0.00091693220692375
1.9270219978920986 	 0.0009177168912955509
1.9280219978920985 	 0.0009185336224141061
1.9290219978920984 	 0.0009193825255066305
1.9300219978920983 	 0.0009202637287514295
1.9310219978920982 	 0.0009211773632969936
1.932021997892098 	 0.0009221235632803374
1.933021997892098 	 0.0009231024658445447
1.9340219978920978 	 0.0009241142111555228
1.9350219978920977 	 0.0009251589424179288
1.9360219978920976 	 0.0009262368058902511
1.9370219978920975 	 0.0009273479508990206
1.9380219978920974 	 0.000928492529852122
1.9390219978920973 	 0.0009296706982511765
1.9400219978920972 	 0.0009308826147029585
1.941021997892097 	 0.0009321284363988915
1.942021997892097 	 0.000933408337238651
1.9430219978920968 	 0.0009347224806812799
1.9440219978920967 	 0.000936071037847902
1.9450219978920966 	 0.000937454183006182
1.9460219978920965 	 0.0009388720935751668
1.9470219978920964 	 0.0009403249501288612
1.9480219978920963 	 0.0009418129363984999
1.9490219978920962 	 0.0009433362392734512
1.950021997892096 	 0.0009448950488006898
1.951021997892096 	 0.0009464895581827841
1.9520219978920959 	 0.0009481199637743269
1.9530219978920957 	 0.000949786465076749
1.9540219978920956 	 0.0009514892647314224
1.9550219978920955 	 0.0009532285685110032
1.9560219978920954 	 0.0009550045853089163
1.9570219978920953 	 0.0009568175271269007
1.9580219978920952 	 0.0009586676090605345
1.959021997892095 	 0.0009605550492826438
1.960021997892095 	 0.0009624800690244877
1.9610219978920949 	 0.0009644428925546451
1.9620219978920947 	 0.000966443747155469
1.9630219978920946 	 0.0009684828630970258
1.9640219978920945 	 0.0009705604736083696
1.9650219978920944 	 0.0009726768148460812
1.9660219978920943 	 0.0009748321258598933
1.9670219978920942 	 0.0009770266485553116
1.968021997892094 	 0.0009792606276530812
1.969021997892094 	 0.0009815343012902062
1.9700219978920939 	 0.0009838479383641927
1.9710219978920938 	 0.0009862017824380795
1.9720219978920936 	 0.0009885960890200353
1.9730219978920935 	 0.000991031116178314
1.9740219978920934 	 0.0009935071244786156
1.9750219978920933 	 0.0009960243769171623
1.9760219978920932 	 0.0009985831388493272
1.977021997892093 	 0.0010011836779136004
1.978021997892093 	 0.0010038262639507052
1.9790219978920929 	 0.0010065111689176393
1.9800219978920928 	 0.0010092386667964449
1.9810219978920927 	 0.0010120090334974632
1.9820219978920925 	 0.0010148225467568543
1.9830219978920924 	 0.0010176794860281277
1.9840219978920923 	 0.0010205801323674383
1.9850219978920922 	 0.0010235247683123918
1.986021997892092 	 0.0010265136777540772
1.987021997892092 	 0.0010295471458020627
1.9880219978920919 	 0.0010326254536264794
1.9890219978920918 	 0.0010357488983515017
1.9900219978920917 	 0.0010389177628602226
1.9910219978920916 	 0.0010421323356347772
1.9920219978920914 	 0.0010453929055845696
1.9930219978920913 	 0.0010486997618625474
1.9940219978920912 	 0.0010520531936721899
1.9950219978920911 	 0.001055453490064839
1.996021997892091 	 0.00105890093972699
1.997021997892091 	 0.0010623958307571608
1.9980219978920908 	 0.0010659384504319363
1.9990219978920907 	 0.0010695290849607702
