0.0010219978922 	 0.0
0.0020219978922 	 0.0
0.0030219978922 	 0.0
0.0040219978922 	 0.0
0.0050219978922 	 0.0
0.0060219978922 	 0.0
0.0070219978922 	 0.0
0.0080219978922 	 0.0
0.009021997892200002 	 0.0
0.010021997892200003 	 0.0
0.011021997892200004 	 0.0
0.012021997892200004 	 0.0
0.013021997892200005 	 0.0
0.014021997892200006 	 0.0
0.015021997892200007 	 0.0
0.016021997892200008 	 0.0
0.01702199789220001 	 0.0
0.01802199789220001 	 0.0
0.01902199789220001 	 0.0
0.02002199789220001 	 0.0
0.021021997892200012 	 0.0
0.022021997892200013 	 0.0
0.023021997892200014 	 0.0
0.024021997892200015 	 0.0
0.025021997892200016 	 0.0
0.026021997892200017 	 0.0
0.027021997892200018 	 0.0
0.02802199789220002 	 0.0
0.02902199789220002 	 0.0
0.03002199789220002 	 0.0
0.03102199789220002 	 0.0
0.03202199789220002 	 0.0
0.03302199789220002 	 0.0
0.03402199789220002 	 0.0
0.03502199789220002 	 0.0
0.03602199789220002 	 0.0
0.03702199789220002 	 0.0
0.038021997892200024 	 0.0
0.039021997892200025 	 0.0
0.040021997892200026 	 0.0
0.04102199789220003 	 0.0
0.04202199789220003 	 0.0
0.04302199789220003 	 0.0
0.04402199789220003 	 0.0
0.04502199789220003 	 0.0
0.04602199789220003 	 0.0
0.04702199789220003 	 0.0
0.04802199789220003 	 0.0
0.049021997892200034 	 0.0
0.050021997892200035 	 0.0
0.051021997892200036 	 0.0
0.052021997892200036 	 0.0
0.05302199789220004 	 0.0
0.05402199789220004 	 0.0
0.05502199789220004 	 0.0
0.05602199789220004 	 0.0
0.05702199789220004 	 0.0
0.05802199789220004 	 0.0
0.05902199789220004 	 0.0
0.060021997892200044 	 0.0
0.061021997892200044 	 0.0
0.062021997892200045 	 0.0
0.06302199789220005 	 0.0
0.06402199789220005 	 0.0
0.06502199789220005 	 0.0
0.06602199789220005 	 0.0
0.06702199789220005 	 0.0
0.06802199789220005 	 0.0
0.06902199789220005 	 0.0
0.07002199789220005 	 0.0
0.07102199789220005 	 0.0
0.07202199789220005 	 0.0
0.07302199789220006 	 0.0
0.07402199789220006 	 0.0
0.07502199789220006 	 0.0
0.07602199789220006 	 0.0
0.07702199789220006 	 0.0
0.07802199789220006 	 0.0
0.07902199789220006 	 0.0
0.08002199789220006 	 0.0
0.08102199789220006 	 0.0
0.08202199789220006 	 0.0
0.08302199789220006 	 0.0
0.08402199789220006 	 0.0
0.08502199789220007 	 0.0
0.08602199789220007 	 0.0
0.08702199789220007 	 0.0
0.08802199789220007 	 0.0
0.08902199789220007 	 0.0
0.09002199789220007 	 0.0
0.09102199789220007 	 0.0
0.09202199789220007 	 0.0
0.09302199789220007 	 0.0
0.09402199789220007 	 0.0
0.09502199789220007 	 0.0
0.09602199789220008 	 0.0
0.09702199789220008 	 0.0
0.09802199789220008 	 0.0
0.09902199789220008 	 0.0
0.10002199789220008 	 0.0
0.10102199789220008 	 0.0
0.10202199789220008 	 0.0
0.10302199789220008 	 0.0
0.10402199789220008 	 0.0
0.10502199789220008 	 0.0
0.10602199789220008 	 0.0
0.10702199789220009 	 0.0
0.10802199789220009 	 0.0
0.10902199789220009 	 0.0
0.11002199789220009 	 0.0
0.11102199789220009 	 0.0
0.11202199789220009 	 0.0
0.11302199789220009 	 0.0
0.11402199789220009 	 0.0
0.11502199789220009 	 0.0
0.1160219978922001 	 0.0
0.1170219978922001 	 0.0
0.1180219978922001 	 0.0
0.1190219978922001 	 0.0
0.1200219978922001 	 0.0
0.1210219978922001 	 0.0
0.1220219978922001 	 0.0
0.1230219978922001 	 0.0
0.1240219978922001 	 0.0
0.1250219978922001 	 0.0
0.1260219978922001 	 0.0
0.1270219978922001 	 0.0
0.1280219978922001 	 0.0
0.1290219978922001 	 0.0
0.1300219978922001 	 0.0
0.1310219978922001 	 0.0
0.1320219978922001 	 0.0
0.1330219978922001 	 0.0
0.1340219978922001 	 0.0
0.1350219978922001 	 0.0
0.1360219978922001 	 0.0
0.1370219978922001 	 0.0
0.1380219978922001 	 0.0
0.1390219978922001 	 0.0
0.1400219978922001 	 0.0
0.1410219978922001 	 0.0
0.1420219978922001 	 0.0
0.1430219978922001 	 0.0
0.1440219978922001 	 0.0
0.1450219978922001 	 0.0
0.1460219978922001 	 0.0
0.1470219978922001 	 0.0
0.1480219978922001 	 0.0
0.1490219978922001 	 0.0
0.1500219978922001 	 0.0
0.1510219978922001 	 0.0
0.1520219978922001 	 0.0
0.1530219978922001 	 0.0
0.1540219978922001 	 0.0
0.15502199789220011 	 0.0
0.15602199789220011 	 0.0
0.15702199789220012 	 0.0
0.15802199789220012 	 0.0
0.15902199789220012 	 0.0
0.16002199789220012 	 0.0
0.16102199789220012 	 0.0
0.16202199789220012 	 0.0
0.16302199789220012 	 0.0
0.16402199789220012 	 0.0
0.16502199789220012 	 0.0
0.16602199789220012 	 0.0
0.16702199789220012 	 0.0
0.16802199789220013 	 0.0
0.16902199789220013 	 0.0
0.17002199789220013 	 0.0
0.17102199789220013 	 0.0
0.17202199789220013 	 0.0
0.17302199789220013 	 0.0
0.17402199789220013 	 0.0
0.17502199789220013 	 0.0
0.17602199789220013 	 0.0
0.17702199789220013 	 0.0
0.17802199789220013 	 0.0
0.17902199789220014 	 0.0
0.18002199789220014 	 0.0
0.18102199789220014 	 0.0
0.18202199789220014 	 0.0
0.18302199789220014 	 0.0
0.18402199789220014 	 0.0
0.18502199789220014 	 0.0
0.18602199789220014 	 0.0
0.18702199789220014 	 0.0
0.18802199789220014 	 0.0
0.18902199789220014 	 0.0
0.19002199789220015 	 0.0
0.19102199789220015 	 0.0
0.19202199789220015 	 0.0
0.19302199789220015 	 0.0
0.19402199789220015 	 0.0
0.19502199789220015 	 0.0
0.19602199789220015 	 0.0
0.19702199789220015 	 0.0
0.19802199789220015 	 0.0
0.19902199789220015 	 0.0
0.20002199789220015 	 0.0
0.20102199789220015 	 0.0
0.20202199789220016 	 0.0
0.20302199789220016 	 0.0
0.20402199789220016 	 0.0
0.20502199789220016 	 0.0
0.20602199789220016 	 0.0
0.20702199789220016 	 0.0
0.20802199789220016 	 0.0
0.20902199789220016 	 0.0
0.21002199789220016 	 0.0
0.21102199789220016 	 0.0
0.21202199789220016 	 0.0
0.21302199789220017 	 0.0
0.21402199789220017 	 0.0
0.21502199789220017 	 0.0
0.21602199789220017 	 0.0
0.21702199789220017 	 0.0
0.21802199789220017 	 0.0
0.21902199789220017 	 0.0
0.22002199789220017 	 0.0
0.22102199789220017 	 0.0
0.22202199789220017 	 0.0
0.22302199789220017 	 0.0
0.22402199789220018 	 0.0
0.22502199789220018 	 0.0
0.22602199789220018 	 0.0
0.22702199789220018 	 0.0
0.22802199789220018 	 0.0
0.22902199789220018 	 0.0
0.23002199789220018 	 0.0
0.23102199789220018 	 0.0
0.23202199789220018 	 0.0
0.23302199789220018 	 0.0
0.23402199789220018 	 0.0
0.23502199789220019 	 0.0
0.23602199789220019 	 0.0
0.2370219978922002 	 0.0
0.2380219978922002 	 0.0
0.2390219978922002 	 0.0
0.2400219978922002 	 0.0
0.2410219978922002 	 0.0
0.2420219978922002 	 0.0
0.2430219978922002 	 0.0
0.2440219978922002 	 0.0
0.2450219978922002 	 0.0
0.2460219978922002 	 0.0
0.2470219978922002 	 0.0
0.2480219978922002 	 0.0
0.2490219978922002 	 0.0
0.2500219978922002 	 0.0
0.2510219978922002 	 0.0
0.2520219978922002 	 0.0
0.2530219978922002 	 0.0
0.2540219978922002 	 0.0
0.2550219978922002 	 0.0
0.2560219978922002 	 0.0
0.2570219978922002 	 0.0
0.2580219978922002 	 0.0
0.2590219978922002 	 0.0
0.2600219978922002 	 0.0
0.2610219978922002 	 0.0
0.2620219978922002 	 0.0
0.2630219978922002 	 0.0
0.2640219978922002 	 0.0
0.2650219978922002 	 0.0
0.2660219978922002 	 0.0
0.2670219978922002 	 0.0
0.2680219978922002 	 0.0
0.2690219978922002 	 0.0
0.2700219978922002 	 0.0
0.2710219978922002 	 0.0
0.2720219978922002 	 0.0
0.2730219978922002 	 0.0
0.2740219978922002 	 0.0
0.2750219978922002 	 0.0
0.2760219978922002 	 0.0
0.2770219978922002 	 0.0
0.2780219978922002 	 0.0
0.2790219978922002 	 0.0
0.2800219978922002 	 0.0
0.2810219978922002 	 0.0
0.2820219978922002 	 0.0
0.2830219978922002 	 0.0
0.28402199789220023 	 0.0
0.28502199789220023 	 0.0
0.28602199789220023 	 0.0
0.28702199789220023 	 0.0
0.28802199789220023 	 0.0
0.28902199789220023 	 0.0
0.29002199789220023 	 0.0
0.29102199789220023 	 0.0
0.29202199789220024 	 0.0
0.29302199789220024 	 0.0
0.29402199789220024 	 0.0
0.29502199789220024 	 0.0
0.29602199789220024 	 0.0
0.29702199789220024 	 0.0
0.29802199789220024 	 0.0
0.29902199789220024 	 0.0
0.30002199789220024 	 0.0
0.30102199789220024 	 0.0
0.30202199789220024 	 0.0
0.30302199789220025 	 0.0
0.30402199789220025 	 0.0
0.30502199789220025 	 0.0
0.30602199789220025 	 0.0
0.30702199789220025 	 0.0
0.30802199789220025 	 0.0
0.30902199789220025 	 0.0
0.31002199789220025 	 0.0
0.31102199789220025 	 0.0
0.31202199789220025 	 0.0
0.31302199789220025 	 0.0
0.31402199789220026 	 0.0
0.31502199789220026 	 0.0
0.31602199789220026 	 0.0
0.31702199789220026 	 0.0
0.31802199789220026 	 0.0
0.31902199789220026 	 0.0
0.32002199789220026 	 0.0
0.32102199789220026 	 0.0
0.32202199789220026 	 0.0
0.32302199789220026 	 0.0
0.32402199789220026 	 0.0
0.32502199789220027 	 0.0
0.32602199789220027 	 0.0
0.32702199789220027 	 0.0
0.32802199789220027 	 0.0
0.32902199789220027 	 0.0
0.33002199789220027 	 0.0
0.33102199789220027 	 0.0
0.33202199789220027 	 0.0
0.33302199789220027 	 0.0
0.3340219978922003 	 0.0
0.3350219978922003 	 0.0
0.3360219978922003 	 0.0
0.3370219978922003 	 0.0
0.3380219978922003 	 0.0
0.3390219978922003 	 0.0
0.3400219978922003 	 0.0
0.3410219978922003 	 0.0
0.3420219978922003 	 0.0
0.3430219978922003 	 0.0
0.3440219978922003 	 0.0
0.3450219978922003 	 0.0
0.3460219978922003 	 0.0
0.3470219978922003 	 0.0
0.3480219978922003 	 0.0
0.3490219978922003 	 0.0
0.3500219978922003 	 0.0
0.3510219978922003 	 0.0
0.3520219978922003 	 0.0
0.3530219978922003 	 0.0
0.3540219978922003 	 0.0
0.3550219978922003 	 0.0
0.3560219978922003 	 0.0
0.3570219978922003 	 0.0
0.3580219978922003 	 0.0
0.3590219978922003 	 0.0
0.3600219978922003 	 0.0
0.3610219978922003 	 0.0
0.3620219978922003 	 0.0
0.3630219978922003 	 0.0
0.3640219978922003 	 0.0
0.3650219978922003 	 0.0
0.3660219978922003 	 0.0
0.3670219978922003 	 0.0
0.3680219978922003 	 0.0
0.3690219978922003 	 0.0
0.3700219978922003 	 0.0
0.3710219978922003 	 0.0
0.3720219978922003 	 0.0
0.3730219978922003 	 0.0
0.3740219978922003 	 0.0
0.3750219978922003 	 0.0
0.3760219978922003 	 0.0
0.3770219978922003 	 0.0
0.3780219978922003 	 0.0
0.3790219978922003 	 0.0
0.3800219978922003 	 0.0
0.3810219978922003 	 0.0
0.3820219978922003 	 0.0
0.3830219978922003 	 0.0
0.3840219978922003 	 0.0
0.3850219978922003 	 0.0
0.3860219978922003 	 0.0
0.3870219978922003 	 0.0
0.3880219978922003 	 0.0
0.3890219978922003 	 0.0
0.3900219978922003 	 0.0
0.3910219978922003 	 0.0
0.3920219978922003 	 0.0
0.3930219978922003 	 0.0
0.3940219978922003 	 0.0
0.3950219978922003 	 0.0
0.39602199789220033 	 0.0
0.39702199789220033 	 0.0
0.39802199789220033 	 0.0
0.39902199789220033 	 0.0
0.40002199789220033 	 0.0
0.40102199789220033 	 0.0
0.40202199789220033 	 0.0
0.40302199789220033 	 0.0
0.40402199789220034 	 0.0
0.40502199789220034 	 0.0
0.40602199789220034 	 0.0
0.40702199789220034 	 0.0
0.40802199789220034 	 0.0
0.40902199789220034 	 0.0
0.41002199789220034 	 0.0
0.41102199789220034 	 0.0
0.41202199789220034 	 0.0
0.41302199789220034 	 0.0
0.41402199789220034 	 0.0
0.41502199789220034 	 0.0
0.41602199789220035 	 0.0
0.41702199789220035 	 0.0
0.41802199789220035 	 0.0
0.41902199789220035 	 0.0
0.42002199789220035 	 0.0
0.42102199789220035 	 0.0
0.42202199789220035 	 0.0
0.42302199789220035 	 0.0
0.42402199789220035 	 0.0
0.42502199789220035 	 0.0
0.42602199789220035 	 0.0
0.42702199789220036 	 0.0
0.42802199789220036 	 0.0
0.42902199789220036 	 0.0
0.43002199789220036 	 0.0
0.43102199789220036 	 0.0
0.43202199789220036 	 0.0
0.43302199789220036 	 0.0
0.43402199789220036 	 0.0
0.43502199789220036 	 0.0
0.43602199789220036 	 0.0
0.43702199789220036 	 0.0
0.43802199789220037 	 0.0
0.43902199789220037 	 0.0
0.44002199789220037 	 0.0
0.44102199789220037 	 0.0
0.44202199789220037 	 0.0
0.44302199789220037 	 0.0
0.44402199789220037 	 0.0
0.44502199789220037 	 0.0
0.4460219978922004 	 0.0
0.4470219978922004 	 0.0
0.4480219978922004 	 0.0
0.4490219978922004 	 0.0
0.4500219978922004 	 0.0
0.4510219978922004 	 0.0
0.4520219978922004 	 0.0
0.4530219978922004 	 0.0
0.4540219978922004 	 0.0
0.4550219978922004 	 0.0
0.4560219978922004 	 0.0
0.4570219978922004 	 0.0
0.4580219978922004 	 0.0
0.4590219978922004 	 0.0
0.4600219978922004 	 0.0
0.4610219978922004 	 0.0
0.4620219978922004 	 0.0
0.4630219978922004 	 0.0
0.4640219978922004 	 0.0
0.4650219978922004 	 0.0
0.4660219978922004 	 0.0
0.4670219978922004 	 0.0
0.4680219978922004 	 0.0
0.4690219978922004 	 0.0
0.4700219978922004 	 0.0
0.4710219978922004 	 0.0
0.4720219978922004 	 0.0
0.4730219978922004 	 0.0
0.4740219978922004 	 0.0
0.4750219978922004 	 0.0
0.4760219978922004 	 0.0
0.4770219978922004 	 0.0
0.4780219978922004 	 0.0
0.4790219978922004 	 0.0
0.4800219978922004 	 0.0
0.4810219978922004 	 0.0
0.4820219978922004 	 0.0
0.4830219978922004 	 0.0
0.4840219978922004 	 0.0
0.4850219978922004 	 0.0
0.4860219978922004 	 0.0
0.4870219978922004 	 0.0
0.4880219978922004 	 0.0
0.4890219978922004 	 0.0
0.4900219978922004 	 0.0
0.4910219978922004 	 0.0
0.4920219978922004 	 0.0
0.4930219978922004 	 0.0
0.4940219978922004 	 0.0
0.4950219978922004 	 0.0
0.4960219978922004 	 0.0
0.4970219978922004 	 0.0
0.4980219978922004 	 0.0
0.4990219978922004 	 0.0
0.5000219978922004 	 0.0
0.5010219978922004 	 0.0
0.5020219978922004 	 0.0
0.5030219978922004 	 0.0
0.5040219978922004 	 0.0
0.5050219978922004 	 0.0
0.5060219978922004 	 0.0
0.5070219978922004 	 0.0
0.5080219978922004 	 0.0
0.5090219978922004 	 0.0
0.5100219978922004 	 0.0
0.5110219978922004 	 0.0
0.5120219978922004 	 0.0
0.5130219978922004 	 0.0
0.5140219978922004 	 0.0
0.5150219978922004 	 0.0
0.5160219978922004 	 0.0
0.5170219978922004 	 0.0
0.5180219978922004 	 0.0
0.5190219978922004 	 0.0
0.5200219978922004 	 0.0
0.5210219978922004 	 0.0
0.5220219978922004 	 0.0
0.5230219978922004 	 0.0
0.5240219978922004 	 0.0
0.5250219978922004 	 0.0
0.5260219978922004 	 0.0
0.5270219978922004 	 0.0
0.5280219978922004 	 0.0
0.5290219978922004 	 0.0
0.5300219978922004 	 0.0
0.5310219978922004 	 0.0
0.5320219978922004 	 0.0
0.5330219978922004 	 0.0
0.5340219978922004 	 0.0
0.5350219978922004 	 0.0
0.5360219978922004 	 0.0
0.5370219978922004 	 0.0
0.5380219978922004 	 0.0
0.5390219978922004 	 0.0
0.5400219978922004 	 0.0
0.5410219978922004 	 0.0
0.5420219978922004 	 0.0
0.5430219978922004 	 0.0
0.5440219978922004 	 0.0
0.5450219978922004 	 0.0
0.5460219978922004 	 0.0
0.5470219978922004 	 0.0
0.5480219978922004 	 3.116168242539401e-16
0.5490219978922004 	 1.1906890712800884e-13
0.5500219978922004 	 7.708164574603158e-13
0.5510219978922004 	 2.420088630642466e-12
0.5520219978922004 	 5.536634826562261e-12
0.5530219978922004 	 1.0595626268264661e-11
0.5540219978922004 	 1.807786796145244e-11
0.5550219978922004 	 2.8470016025745963e-11
0.5560219978922004 	 4.22648006035153e-11
0.5570219978922004 	 5.996125455993318e-11
0.5580219978922004 	 8.206494819604295e-11
0.5590219978922004 	 1.0908823020518402e-10
0.5600219978922004 	 1.4155047511205582e-10
0.5610219978922004 	 1.799783374430017e-10
0.5620219978922004 	 2.24906012885875e-10
0.5630219978922004 	 2.768755067080762e-10
0.5640219978922004 	 3.364369097119713e-10
0.5650219978922004 	 4.0414868201813433e-10
0.5660219978922004 	 4.805779449785102e-10
0.5670219978922004 	 5.663007815338474e-10
0.5680219978922004 	 6.619025453425506e-10
0.5690219978922004 	 7.679781790215174e-10
0.5700219978922004 	 8.851325418535722e-10
0.5710219978922004 	 1.013980747330812e-09
0.5720219978922004 	 1.1551485109185943e-09
0.5730219978922004 	 1.3092725084410443e-09
0.5740219978922004 	 1.4770007455058727e-09
0.5750219978922004 	 1.6589929384040484e-09
0.5760219978922004 	 1.855920906938492e-09
0.5770219978922004 	 2.0684689796553023e-09
0.5780219978922004 	 2.2973344119718004e-09
0.5790219978922004 	 2.5432278177167577e-09
0.5800219978922004 	 2.80687361462106e-09
0.5810219978922004 	 3.089010484320265e-09
0.5820219978922004 	 3.390391847455912e-09
0.5830219978922004 	 3.711786354487759e-09
0.5840219978922004 	 4.053978392857323e-09
0.5850219978922004 	 4.417768611170917e-09
0.5860219978922004 	 4.80397446110159e-09
0.5870219978922004 	 5.213430757740169e-09
0.5880219978922004 	 5.646990259159582e-09
0.5890219978922004 	 6.1055242659917446e-09
0.5900219978922004 	 6.5899232418526954e-09
0.5910219978922004 	 7.101097455491091e-09
0.5920219978922004 	 7.639977645575535e-09
0.5930219978922004 	 8.207515709079911e-09
0.5940219978922004 	 8.804685414270206e-09
0.5950219978922004 	 9.432483139344877e-09
0.5960219978922005 	 1.009192863783071e-08
0.5970219978922005 	 1.0784065831888963e-08
0.5980219978922005 	 1.1509963634742598e-08
0.5990219978922005 	 1.2270716803494158e-08
0.6000219978922005 	 1.3067446823665736e-08
0.6010219978922005 	 1.3901302826858315e-08
0.6020219978922005 	 1.477346254299655e-08
0.6030219978922005 	 1.5685133288697443e-08
0.6040219978922005 	 1.663755299337986e-08
0.6050219978922005 	 1.7631991264811205e-08
0.6060219978922005 	 1.866975049587503e-08
0.6070219978922005 	 1.9752167014432605e-08
0.6080219978922005 	 2.088061227824913e-08
0.6090219978922005 	 2.205649411705525e-08
0.6100219978922005 	 2.3281258023921906e-08
0.6110219978922005 	 2.4556388498241604e-08
0.6120219978922005 	 2.588341044272668e-08
0.6130219978922005 	 2.7263890616965273e-08
0.6140219978922005 	 2.8699439150207743e-08
0.6150219978922005 	 3.019171111620076e-08
0.6160219978922005 	 3.174240817303728e-08
0.6170219978922005 	 3.335328027114975e-08
0.6180219978922005 	 3.502612743274518e-08
0.6190219978922005 	 3.67628016061615e-08
0.6200219978922005 	 3.856520859881401e-08
0.6210219978922005 	 4.0435310092606e-08
0.6220219978922005 	 4.2375125745892896e-08
0.6230219978922005 	 4.438673538631776e-08
0.6240219978922005 	 4.647228129908135e-08
0.6250219978922005 	 4.863397061546701e-08
0.6260219978922005 	 5.0874077806718385e-08
0.6270219978922005 	 5.319494728865962e-08
0.6280219978922005 	 5.559899614276065e-08
0.6290219978922005 	 5.8088716959682354e-08
0.6300219978922005 	 6.066668081169047e-08
0.6310219978922005 	 6.333554036070482e-08
0.6320219978922005 	 6.609803310915123e-08
0.6330219978922005 	 6.895698480121566e-08
0.6340219978922005 	 7.191531298255458e-08
0.6350219978922005 	 7.497603072700672e-08
0.6360219978922005 	 7.814225053937137e-08
0.6370219978922005 	 8.141718844387919e-08
0.6380219978922005 	 8.480416826857221e-08
0.6390219978922005 	 8.830662613645515e-08
0.6400219978922005 	 9.192811517495129e-08
0.6410219978922005 	 9.567231045593975e-08
0.6420219978922005 	 9.954301417941606e-08
0.6430219978922005 	 1.035441611146738e-07
0.6440219978922005 	 1.0767982431378528e-07
0.6450219978922005 	 1.1195422111313314e-07
0.6460219978922005 	 1.1637171943977485e-07
0.6470219978922005 	 1.209368444405266e-07
0.6480219978922005 	 1.2565428545284853e-07
0.6490219978922005 	 1.3052890333789045e-07
0.6500219978922005 	 1.3556573819743172e-07
0.6510219978922005 	 1.4077001749793067e-07
0.6520219978922005 	 1.461471646264882e-07
0.6530219978922005 	 1.517028079052478e-07
0.6540219978922005 	 1.574427900925991e-07
0.6550219978922005 	 1.633731784015437e-07
0.6560219978922005 	 1.6950027506773375e-07
0.6570219978922005 	 1.7583062850200457e-07
0.6580219978922005 	 1.8237104506473483e-07
0.6590219978922005 	 1.891286015020662e-07
0.6600219978922005 	 1.9611065808694455e-07
0.6610219978922005 	 2.033248725111016e-07
0.6620219978922005 	 2.1077921457753247e-07
0.6630219978922005 	 2.1848198174672624e-07
0.6640219978922005 	 2.2644181559392868e-07
0.6650219978922005 	 2.346677192390887e-07
0.6660219978922005 	 2.4316907581585806e-07
0.6670219978922005 	 2.5195566805117847e-07
0.6680219978922005 	 2.6103769903255357e-07
0.6690219978922005 	 2.7042581424620773e-07
0.6700219978922005 	 2.80131124975927e-07
0.6710219978922005 	 2.9016523315960216e-07
0.6720219978922005 	 3.005402578083335e-07
0.6730219978922005 	 3.1126886310152803e-07
0.6740219978922005 	 3.223642882807854e-07
0.6750219978922005 	 3.338403794755566e-07
0.6760219978922005 	 3.4571162360475977e-07
0.6770219978922005 	 3.5799318451073657e-07
0.6780219978922005 	 3.7070094149533516e-07
0.6790219978922005 	 3.8385153044255516e-07
0.6800219978922005 	 3.9746238772830136e-07
0.6810219978922005 	 4.1155179713544095e-07
0.6820219978922005 	 4.26138940011783e-07
0.6830219978922005 	 4.4124394892994395e-07
0.6840219978922005 	 4.5688796513156114e-07
0.6850219978922005 	 4.7309320006421963e-07
0.6860219978922005 	 4.89883001348009e-07
0.6870219978922005 	 5.072819235401718e-07
0.6880219978922005 	 5.253158041011144e-07
0.6890219978922005 	 5.440118450036352e-07
0.6900219978922005 	 5.633987004698635e-07
0.6910219978922005 	 5.83506571367711e-07
0.6920219978922005 	 6.043673068511514e-07
0.6930219978922005 	 6.26014513886923e-07
0.6940219978922005 	 6.484836753750855e-07
0.6950219978922005 	 6.718122776430958e-07
0.6960219978922005 	 6.960399481734758e-07
0.6970219978922005 	 7.212086045149898e-07
0.6980219978922005 	 7.473626154275471e-07
0.6990219978922005 	 7.745489754232992e-07
0.7000219978922005 	 8.02817493992123e-07
0.7010219978922005 	 8.322210009406611e-07
0.7020219978922005 	 8.62815569432458e-07
0.7030219978922005 	 8.946607584948127e-07
0.7040219978922005 	 9.278198769584647e-07
0.7050219978922005 	 9.623602710224117e-07
0.7060219978922005 	 9.983536378915362e-07
0.7070219978922005 	 1.0358763682235842e-06
0.7080219978922005 	 1.0750099204492594e-06
0.7090219978922006 	 1.1158412304004164e-06
0.7100219978922006 	 1.1584631601032158e-06
0.7110219978922006 	 1.2029749900732193e-06
0.7120219978922006 	 1.2494829599968716e-06
0.7130219978922006 	 1.2981008633090738e-06
0.7140219978922006 	 1.3489507018918115e-06
0.7150219978922006 	 1.402163407938801e-06
0.7160219978922006 	 1.457879640972682e-06
0.7170219978922006 	 1.5162506690845336e-06
0.7180219978922006 	 1.5774393447144332e-06
0.7190219978922006 	 1.641621186734459e-06
0.7200219978922006 	 1.708985582265294e-06
0.7210219978922006 	 1.7797371235952655e-06
0.7220219978922006 	 1.854097097822404e-06
0.7230219978922006 	 1.9323051494652223e-06
0.7240219978922006 	 2.0146211393527095e-06
0.7250219978922006 	 2.1013272266936857e-06
0.7260219978922006 	 2.192730205437547e-06
0.7270219978922006 	 2.2891641309960914e-06
0.7280219978922006 	 2.3909932792440763e-06
0.7290219978922006 	 2.498615486635887e-06
0.7300219978922006 	 2.6124659284846503e-06
0.7310219978922006 	 2.733021402217864e-06
0.7320219978922006 	 2.860805194081433e-06
0.7330219978922006 	 2.996392621719799e-06
0.7340219978922006 	 3.1404173618220635e-06
0.7350219978922006 	 3.2935786922227696e-06
0.7360219978922006 	 3.4566498022711853e-06
0.7370219978922006 	 3.6304873549236135e-06
0.7380219978922006 	 3.816042520118075e-06
0.7390219978922006 	 4.014373743137698e-06
0.7400219978922006 	 4.226661565866594e-06
0.7410219978922006 	 4.45422588565388e-06
0.7420219978922006 	 4.69854611922018e-06
0.7430219978922006 	 4.961284841913638e-06
0.7440219978922006 	 5.244315601156154e-06
0.7450219978922006 	 5.549755764300317e-06
0.7460219978922006 	 5.880005464759932e-06
0.7470219978922006 	 6.237793968611189e-06
0.7480219978922006 	 6.62623511337678e-06
0.7490219978922006 	 7.048893893429946e-06
0.7500219978922006 	 7.509866812009754e-06
0.7510219978922006 	 8.01387932831012e-06
0.7520219978922006 	 8.566404654170219e-06
0.7530219978922006 	 9.173809373627392e-06
0.7540219978922006 	 9.843532973940459e-06
0.7550219978922006 	 1.0584310533633505e-05
0.7560219978922006 	 1.1406450715623773e-05
0.7570219978922006 	 1.2322185150902868e-05
0.7580219978922006 	 1.3346110684557669e-05
0.7590219978922006 	 1.449575338882484e-05
0.7600219978922006 	 1.5792293597926513e-05
0.7610219978922006 	 1.726150576600114e-05
0.7620219978922006 	 1.89349875890562e-05
0.7630219978922006 	 2.0851782399065167e-05
0.7640219978922006 	 2.306054160035483e-05
0.7650219978922006 	 2.5622436335272458e-05
0.7660219978922006 	 2.861511944384314e-05
0.7670219978922006 	 3.213817497289713e-05
0.7680219978922006 	 3.632069524154587e-05
0.7690219978922006 	 4.133192718788726e-05
0.7700219978922006 	 4.739637465176449e-05
0.7710219978922006 	 5.481538253930909e-05
0.7720219978922006 	 6.399809126449948e-05
0.7730219978922006 	 7.550563512687815e-05
0.7740219978922006 	 9.011299817545457e-05
0.7750219978922006 	 0.00010889099649782715
0.7760219978922006 	 0.00013330010932528124
0.7770219978922006 	 0.0001652505370267532
0.7780219978922006 	 0.0002069746763353557
0.7790219978922006 	 0.0002602969414589725
0.7800219978922006 	 0.0003244571368951962
0.7810219978922006 	 0.0003917619914658833
0.7820219978922006 	 0.00044371862807803414
0.7830219978922006 	 0.0004574363081824355
0.7840219978922006 	 0.00042538725142586277
0.7850219978922006 	 0.0003637604318925539
0.7860219978922006 	 0.000295642573566824
0.7870219978922006 	 0.0002351340934166426
0.7880219978922006 	 0.00018647785959813431
0.7890219978922006 	 0.00014894163128649558
0.7900219978922006 	 0.00012033384166521993
0.7910219978922006 	 9.847986211476286e-05
0.7920219978922006 	 8.163179705383907e-05
0.7930219978922006 	 6.848579485649496e-05
0.7940219978922006 	 5.8095131793168154e-05
0.7950219978922006 	 4.977658355221185e-05
0.7960219978922006 	 4.303519025207207e-05
0.7970219978922006 	 3.7509258118361526e-05
0.7980219978922006 	 3.2931580333072464e-05
0.7990219978922006 	 2.9102416835265215e-05
0.8000219978922006 	 2.5870673005129586e-05
0.8010219978922006 	 2.3120715767278007e-05
0.8020219978922006 	 2.0763058446497612e-05
0.8030219978922006 	 1.8727712047287986e-05
0.8040219978922006 	 1.6959388315566417e-05
0.8050219978922006 	 1.5414000878096365e-05
0.8060219978922006 	 1.4056085598950842e-05
0.8070219978922006 	 1.2856878698807516e-05
0.8080219978922006 	 1.1792870478435821e-05
0.8090219978922006 	 1.0844706464368711e-05
0.8100219978922006 	 9.996344866349508e-06
0.8110219978922006 	 9.234404939469079e-06
0.8120219978922006 	 8.547658838103322e-06
0.8130219978922006 	 7.926632267976129e-06
0.8140219978922006 	 7.363288318845648e-06
0.8150219978922006 	 6.8507753969537276e-06
0.8160219978922006 	 6.383224926333452e-06
0.8170219978922006 	 5.955587969585005e-06
0.8180219978922006 	 5.563502491780869e-06
0.8190219978922006 	 5.203184907994653e-06
0.8200219978922006 	 4.8713409938596785e-06
0.8210219978922007 	 4.5650923266361565e-06
0.8220219978922007 	 4.281915252821296e-06
0.8230219978922007 	 4.019590013515268e-06
0.8240219978922007 	 3.776158148824336e-06
0.8250219978922007 	 3.549886683022914e-06
0.8260219978922007 	 3.339237889276516e-06
0.8270219978922007 	 3.142843666025686e-06
0.8280219978922007 	 2.9594837413356033e-06
0.8290219978922007 	 2.7880670677127538e-06
0.8300219978922007 	 2.627615886503806e-06
0.8310219978922007 	 2.4772520344518987e-06
0.8320219978922007 	 2.336185140235989e-06
0.8330219978922007 	 2.2037024196755975e-06
0.8340219978922007 	 2.0791598277087294e-06
0.8350219978922007 	 1.9619743655574524e-06
0.8360219978922007 	 1.8516173744950924e-06
0.8370219978922007 	 1.7476086747493844e-06
0.8380219978922007 	 1.6495114304457388e-06
0.8390219978922007 	 1.5569276400122218e-06
0.8400219978922007 	 1.4694941668479303e-06
0.8410219978922007 	 1.38687923787345e-06
0.8420219978922007 	 1.3087793482968498e-06
0.8430219978922007 	 1.23491651991389e-06
0.8440219978922007 	 1.1650358678180172e-06
0.8450219978922007 	 1.0989034367702458e-06
0.8460219978922007 	 1.0363042738706811e-06
0.8470219978922007 	 9.770407087464433e-07
0.8480219978922007 	 9.209308163594504e-07
0.8490219978922007 	 8.678070408528495e-07
0.8500219978922007 	 8.175149616881919e-07
0.8510219978922007 	 7.699121857528209e-07
0.8520219978922007 	 7.248673512012812e-07
0.8530219978922007 	 6.822592305884892e-07
0.8540219978922007 	 6.419759223997078e-07
0.8550219978922007 	 6.039141214198814e-07
0.8560219978922007 	 5.679784595435801e-07
0.8570219978922007 	 5.340809096324023e-07
0.8580219978922007 	 5.021402459014866e-07
0.8590219978922007 	 4.720815550790009e-07
0.8600219978922007 	 4.438357932481402e-07
0.8610219978922007 	 4.173393838633954e-07
0.8620219978922007 	 3.925338529432344e-07
0.8630219978922007 	 3.69365497889481e-07
0.8640219978922007 	 3.477850867778622e-07
0.8650219978922007 	 3.2774758531166533e-07
0.8660219978922007 	 3.092119089372248e-07
0.8670219978922007 	 2.921406978912717e-07
0.8680219978922007 	 2.765001131907083e-07
0.8690219978922007 	 2.622596517888517e-07
0.8700219978922007 	 2.4939197931215765e-07
0.8710219978922007 	 2.3787277896076493e-07
0.8720219978922007 	 2.276806153074002e-07
0.8730219978922007 	 2.1879681186463074e-07
0.8740219978922007 	 2.1120534141186457e-07
0.8750219978922007 	 2.0489272818278185e-07
0.8760219978922007 	 1.9984796111238377e-07
0.8770219978922007 	 1.9606241743192068e-07
0.8780219978922007 	 1.9352979598075236e-07
0.8790219978922007 	 1.9224605967771131e-07
0.8800219978922007 	 1.922093866616757e-07
0.8810219978922007 	 1.9342012967259896e-07
0.8820219978922007 	 1.9588078330092554e-07
0.8830219978922007 	 1.9959595878572747e-07
0.8840219978922007 	 2.0457236609065645e-07
0.8850219978922007 	 2.1081880303235883e-07
0.8860219978922007 	 2.1834615127888746e-07
0.8870219978922007 	 2.2716737907620645e-07
0.8880219978922007 	 2.3729755059959138e-07
0.8890219978922007 	 2.487538418638553e-07
0.8900219978922007 	 2.6155556316229783e-07
0.8910219978922007 	 2.757241880393054e-07
0.8920219978922007 	 2.912833888360124e-07
0.8930219978922007 	 3.08259078882571e-07
0.8940219978922007 	 3.266794614447249e-07
0.8950219978922007 	 3.465750855667203e-07
0.8960219978922007 	 3.679789089875038e-07
0.8970219978922007 	 3.909263683427944e-07
0.8980219978922007 	 4.154554569023472e-07
0.8990219978922007 	 4.416068101297916e-07
0.9000219978922007 	 4.69423799392103e-07
0.9010219978922007 	 4.989526341873957e-07
0.9020219978922007 	 5.302424733036153e-07
0.9030219978922007 	 5.633455453671509e-07
0.9040219978922007 	 5.983172792898305e-07
0.9050219978922007 	 6.352164451755583e-07
0.9060219978922007 	 6.741053063043872e-07
0.9070219978922007 	 7.150497828726039e-07
0.9080219978922007 	 7.581196282329306e-07
0.9090219978922007 	 8.03388618449784e-07
0.9100219978922007 	 8.509347560611746e-07
0.9110219978922007 	 9.00840489022136e-07
0.9120219978922007 	 9.53192945895134e-07
0.9130219978922007 	 1.0080841884514562e-06
0.9140219978922007 	 1.0656114829554188e-06
0.9150219978922007 	 1.1258775915207715e-06
0.9160219978922007 	 1.188991085057553e-06
0.9170219978922007 	 1.2550666794688823e-06
0.9180219978922007 	 1.3242255969121008e-06
0.9190219978922007 	 1.3965959541090689e-06
0.9200219978922007 	 1.4723131798777727e-06
0.9210219978922007 	 1.5515204642638717e-06
0.9220219978922007 	 1.6343692418786547e-06
0.9230219978922007 	 1.7210197123010671e-06
0.9240219978922007 	 1.8116414006797412e-06
0.9250219978922007 	 1.906413761978462e-06
0.9260219978922007 	 2.005526832649307e-06
0.9270219978922007 	 2.10918193389613e-06
0.9280219978922007 	 2.2175924311106864e-06
0.9290219978922007 	 2.3309845545308587e-06
0.9300219978922007 	 2.4495982866901533e-06
0.9310219978922007 	 2.573688322806933e-06
0.9320219978922007 	 2.7035251109082724e-06
0.9330219978922007 	 2.8393959792053888e-06
0.9340219978922008 	 2.9816063590456003e-06
0.9350219978922008 	 3.1304811126704156e-06
0.9360219978922008 	 3.286365976023941e-06
0.9370219978922008 	 3.4496291279954076e-06
0.9380219978922008 	 3.620662898760746e-06
0.9390219978922008 	 3.799885631330736e-06
0.9400219978922008 	 3.987743712040196e-06
0.9410219978922008 	 4.18471378754954e-06
0.9420219978922008 	 4.391305188007094e-06
0.9430219978922008 	 4.608062578374053e-06
0.9440219978922008 	 4.835568862581658e-06
0.9450219978922008 	 5.074448368223488e-06
0.9460219978922008 	 5.3253703429347255e-06
0.9470219978922008 	 5.589052797544458e-06
0.9480219978922008 	 5.866266735576324e-06
0.9490219978922008 	 6.157840813809895e-06
0.9500219978922008 	 6.464666484499829e-06
0.9510219978922008 	 6.78770367660588e-06
0.9520219978922008 	 7.127987081157316e-06
0.9530219978922008 	 7.486633114828756e-06
0.9540219978922008 	 7.864847646144544e-06
0.9550219978922008 	 8.263934580690774e-06
0.9560219978922008 	 8.685305415585946e-06
0.9570219978922008 	 9.1304898895801e-06
0.9580219978922008 	 9.601147873925561e-06
0.9590219978922008 	 1.0099082671077262e-05
0.9600219978922008 	 1.0626255913924937e-05
0.9610219978922008 	 1.1184804288341012e-05
0.9620219978922008 	 1.1777058337204675e-05
0.9630219978922008 	 1.2405563645775506e-05
0.9640219978922008 	 1.307310475760876e-05
0.9650219978922008 	 1.3782732228678493e-05
0.9660219978922008 	 1.4537793296904227e-05
0.9670219978922008 	 1.5341966727202786e-05
0.9680219978922008 	 1.619930249139706e-05
0.9690219978922008 	 1.7114267061384294e-05
0.9700219978922008 	 1.8091795237362137e-05
0.9710219978922008 	 1.9137349606184144e-05
0.9720219978922008 	 2.0256988935060612e-05
0.9730219978922008 	 2.1457447061626828e-05
0.9740219978922008 	 2.2746224154001823e-05
0.9750219978922008 	 2.4131692598016146e-05
0.9760219978922008 	 2.5623220241378142e-05
0.9770219978922008 	 2.7231314309404245e-05
0.9780219978922008 	 2.8967790034043386e-05
0.9790219978922008 	 3.084596894618447e-05
0.9800219978922008 	 3.288091292147233e-05
0.9810219978922008 	 3.5089701508772955e-05
0.9820219978922008 	 3.749176189620775e-05
0.9830219978922008 	 4.010926319960779e-05
0.9840219978922008 	 4.296758974940595e-05
0.9850219978922008 	 4.609591191632451e-05
0.9860219978922008 	 4.952787804178046e-05
0.9870219978922008 	 5.33024576204077e-05
0.9880219978922008 	 5.746497456478791e-05
0.9890219978922008 	 6.206838092647574e-05
0.9900219978922008 	 6.717483692208383e-05
0.9910219978922008 	 7.285768403795166e-05
0.9920219978922008 	 7.92039265431893e-05
0.9930219978922008 	 8.631737609539865e-05
0.9940219978922008 	 9.432266892734793e-05
0.9950219978922008 	 0.00010337044227400329
0.9960219978922008 	 0.00011364406666374792
0.9970219978922008 	 0.0001253684893943554
0.9980219978922008 	 0.0001388219766836466
0.9990219978922008 	 0.00015435188665907526
1.0000219978922007 	 0.00017239612519880709
1.0010219978922006 	 0.0001935127341932133
1.0020219978922005 	 0.00021842130826591881
1.0030219978922004 	 0.0002480619236035318
1.0040219978922003 	 0.000283680502107836
1.0050219978922001 	 0.00032695494188265294
1.0060219978922 	 0.00038018561143884113
1.0070219978922 	 0.00044659014463891875
1.0080219978921998 	 0.0005307722048620803
1.0090219978921997 	 0.0006394898775205512
1.0100219978921996 	 0.000782958806742085
1.0110219978921995 	 0.0009771479014555743
1.0120219978921994 	 0.001247997658528289
1.0130219978921993 	 0.0016395317401839702
1.0140219978921992 	 0.002230182167991932
1.015021997892199 	 0.003166814904810213
1.016021997892199 	 0.004734743886791821
1.0170219978921988 	 0.007471269860487892
1.0180219978921987 	 0.012064150822560316
1.0190219978921986 	 0.017374272052555987
1.0200219978921985 	 0.017516043489172323
1.0210219978921984 	 0.012381705414153753
1.0220219978921983 	 0.0078201940941744
1.0230219978921982 	 0.005057153370973433
1.024021997892198 	 0.0034518003503308924
1.025021997892198 	 0.002480582516380335
1.0260219978921978 	 0.001860787718270018
1.0270219978921977 	 0.001445219166363888
1.0280219978921976 	 0.001154540626487554
1.0290219978921975 	 0.0009438621636037699
1.0300219978921974 	 0.0007865393565089239
1.0310219978921973 	 0.000666058124632575
1.0320219978921972 	 0.0005717857393659669
1.033021997892197 	 0.0004966445167353818
1.034021997892197 	 0.0004357840832130906
1.0350219978921968 	 0.00038579449805008773
1.0360219978921967 	 0.0003442239091829713
1.0370219978921966 	 0.00030927382996901674
1.0380219978921965 	 0.00027960136238640776
1.0390219978921964 	 0.00025418768621778427
1.0400219978921963 	 0.0002322486841247253
1.0410219978921962 	 0.00021317299380900715
1.042021997892196 	 0.00019647829625503096
1.043021997892196 	 0.0001817799657340759
1.0440219978921959 	 0.00016876824881144255
1.0450219978921957 	 0.0001571914239290393
1.0460219978921956 	 0.00014684321742512417
1.0470219978921955 	 0.0001375532907212703
1.0480219978921954 	 0.00012917997172811886
1.0490219978921953 	 0.00012160464556893836
1.0500219978921952 	 0.00011472738563014171
1.051021997892195 	 0.00010846352122583045
1.052021997892195 	 0.0001027409192820728
1.0530219978921949 	 9.749781520751905e-05
1.0540219978921948 	 9.26810697040415e-05
1.0550219978921946 	 8.82447585259548e-05
1.0560219978921945 	 8.414902442296847e-05
1.0570219978921944 	 8.035913698147494e-05
1.0580219978921943 	 7.684471840345871e-05
1.0590219978921942 	 7.357910255554386e-05
1.060021997892194 	 7.053880168253112e-05
1.061021997892194 	 6.770306058552623e-05
1.0620219978921939 	 6.505348223170802e-05
1.0630219978921938 	 6.257371199608103e-05
1.0640219978921936 	 6.024917026025056e-05
1.0650219978921935 	 5.8066825076462395e-05
1.0660219978921934 	 5.601499817191434e-05
1.0670219978921933 	 5.408319881288372e-05
1.0680219978921932 	 5.2261981041940155e-05
1.069021997892193 	 5.0542820598938537e-05
1.070021997892193 	 4.891800847943096e-05
1.0710219978921929 	 4.7380558604909145e-05
1.0720219978921928 	 4.5924127502941605e-05
1.0730219978921927 	 4.454294424137548e-05
1.0740219978921925 	 4.3231749144655564e-05
1.0750219978921924 	 4.198574005407501e-05
1.0760219978921923 	 4.080052508697699e-05
1.0770219978921922 	 3.96720810101771e-05
1.078021997892192 	 3.8596716476271386e-05
1.079021997892192 	 3.757103948288454e-05
1.0800219978921919 	 3.6591928508246014e-05
1.0810219978921918 	 3.565650685491321e-05
1.0820219978921917 	 3.476211979957767e-05
1.0830219978921916 	 3.3906314202783444e-05
1.0840219978921914 	 3.308682027976985e-05
1.0850219978921913 	 3.230153527392796e-05
1.0860219978921912 	 3.15485088086905e-05
1.0870219978921911 	 3.0825929723006465e-05
1.088021997892191 	 3.0132114220674452e-05
1.089021997892191 	 2.946549518538402e-05
1.0900219978921908 	 2.8824612531875926e-05
1.0910219978921907 	 2.820810447964763e-05
1.0920219978921906 	 2.761469964946834e-05
1.0930219978921905 	 2.7043209894961707e-05
1.0940219978921903 	 2.6492523791918503e-05
1.0950219978921902 	 2.5961600717056228e-05
1.0960219978921901 	 2.544946545582868e-05
1.09702199789219 	 2.4955203285778684e-05
1.09802199789219 	 2.4477955487948683e-05
1.0990219978921898 	 2.401691524414584e-05
1.1000219978921897 	 2.3571323882490064e-05
1.1010219978921896 	 2.3140467437749744e-05
1.1020219978921895 	 2.2723673496557805e-05
1.1030219978921894 	 2.232030830076705e-05
1.1040219978921892 	 2.192977408500164e-05
1.1050219978921891 	 2.155150662693588e-05
1.106021997892189 	 2.1184972991026513e-05
1.107021997892189 	 2.0829669448371527e-05
1.1080219978921888 	 2.0485119557098743e-05
1.1090219978921887 	 2.015087238922877e-05
1.1100219978921886 	 1.9826500891328756e-05
1.1110219978921885 	 1.9511600367500014e-05
1.1120219978921884 	 1.9205787074335845e-05
1.1130219978921883 	 1.8908696918467386e-05
1.1140219978921881 	 1.8619984248191212e-05
1.115021997892188 	 1.833932073146145e-05
1.116021997892188 	 1.8066394313234102e-05
1.1170219978921878 	 1.7800908245789218e-05
1.1180219978921877 	 1.754258018622609e-05
1.1190219978921876 	 1.7291141355844623e-05
1.1200219978921875 	 1.704633575658911e-05
1.1210219978921874 	 1.680791944015182e-05
1.1220219978921873 	 1.6575659825712812e-05
1.1230219978921872 	 1.6349335062636242e-05
1.124021997892187 	 1.6128733434754487e-05
1.125021997892187 	 1.5913652803153386e-05
1.1260219978921868 	 1.5703900084628746e-05
1.1270219978921867 	 1.549929076321543e-05
1.1280219978921866 	 1.5299648432403794e-05
1.1290219978921865 	 1.510480436584918e-05
1.1300219978921864 	 1.4914597114556327e-05
1.1310219978921863 	 1.4728872128680426e-05
1.1320219978921862 	 1.4547481402232406e-05
1.133021997892186 	 1.4370283139109016e-05
1.134021997892186 	 1.4197141438990826e-05
1.1350219978921858 	 1.4027926001761926e-05
1.1360219978921857 	 1.3862511849207574e-05
1.1370219978921856 	 1.3700779062839565e-05
1.1380219978921855 	 1.3542612536784571e-05
1.1390219978921854 	 1.3387901744749598e-05
1.1400219978921853 	 1.3236540520150851e-05
1.1410219978921852 	 1.3088426848558827e-05
1.142021997892185 	 1.2943462671673217e-05
1.143021997892185 	 1.2801553702097911e-05
1.1440219978921848 	 1.2662609248237612e-05
1.1450219978921847 	 1.2526542048685705e-05
1.1460219978921846 	 1.2393268115516859e-05
1.1470219978921845 	 1.2262706585938284e-05
1.1480219978921844 	 1.2134779581791541e-05
1.1490219978921843 	 1.2009412076430758e-05
1.1500219978921842 	 1.1886531768535914e-05
1.151021997892184 	 1.1766068962448821e-05
1.152021997892184 	 1.1647956454647327e-05
1.1530219978921838 	 1.1532129425998541e-05
1.1540219978921837 	 1.1418525339455317e-05
1.1550219978921836 	 1.1307083842882351e-05
1.1560219978921835 	 1.1197746676718298e-05
1.1570219978921834 	 1.1090457586199292e-05
1.1580219978921833 	 1.0985162237886578e-05
1.1590219978921832 	 1.0881808140257484e-05
1.160021997892183 	 1.0780344568133925e-05
1.161021997892183 	 1.0680722490736532e-05
1.1620219978921829 	 1.058289450316599e-05
1.1630219978921827 	 1.0486814761125176e-05
1.1640219978921826 	 1.0392438918706883e-05
1.1650219978921825 	 1.029972406908284e-05
1.1660219978921824 	 1.0208628687939535e-05
1.1670219978921823 	 1.0119112579515388e-05
1.1680219978921822 	 1.0031136825102691e-05
1.169021997892182 	 9.944663733885782e-06
1.170021997892182 	 9.859656795994221e-06
1.1710219978921819 	 9.77608063765699e-06
1.1720219978921818 	 9.693900978350341e-06
1.1730219978921816 	 9.613084589837919e-06
1.1740219978921815 	 9.533599257007649e-06
1.1750219978921814 	 9.455413740415467e-06
1.1760219978921813 	 9.37849774045061e-06
1.1770219978921812 	 9.302821863042442e-06
1.178021997892181 	 9.228357586832858e-06
1.179021997892181 	 9.155077231742761e-06
1.1800219978921809 	 9.082953928864832e-06
1.1810219978921808 	 9.011961591618669e-06
1.1820219978921807 	 8.942074888107737e-06
1.1830219978921805 	 8.873269214620836e-06
1.1840219978921804 	 8.805520670223998e-06
1.1850219978921803 	 8.73880603239133e-06
1.1860219978921802 	 8.673102733626346e-06
1.18702199789218 	 8.608388839027677e-06
1.18802199789218 	 8.544643024755479e-06
1.1890219978921799 	 8.481844557357259e-06
1.1900219978921798 	 8.41997327391378e-06
1.1910219978921797 	 8.359009562967886e-06
1.1920219978921796 	 8.298934346200925e-06
1.1930219978921794 	 8.2397290608231e-06
1.1940219978921793 	 8.181375642646141e-06
1.1950219978921792 	 8.123856509807842e-06
1.1960219978921791 	 8.06715454711978e-06
1.197021997892179 	 8.011253091011e-06
1.198021997892179 	 7.956135915041516e-06
1.1990219978921788 	 7.901787215961098e-06
1.2000219978921787 	 7.848191600289789e-06
1.2010219978921786 	 7.795334071397699e-06
1.2020219978921785 	 7.743200017063005e-06
1.2030219978921783 	 7.691775197487702e-06
1.2040219978921782 	 7.641045733751915e-06
1.2050219978921781 	 7.590998096688399e-06
1.206021997892178 	 7.541619096159635e-06
1.207021997892178 	 7.49289587072091e-06
1.2080219978921778 	 7.444815877653438e-06
1.2090219978921777 	 7.397366883352365e-06
1.2100219978921776 	 7.350536954055128e-06
1.2110219978921775 	 7.304314446896403e-06
1.2120219978921773 	 7.258688001276516e-06
1.2130219978921772 	 7.21364653053059e-06
1.2140219978921771 	 7.169179213886553e-06
1.215021997892177 	 7.125275488700457e-06
1.216021997892177 	 7.081925042958205e-06
1.2170219978921768 	 7.0391178080331074e-06
1.2180219978921767 	 6.9968439516894115e-06
1.2190219978921766 	 6.9550938713221165e-06
1.2200219978921765 	 6.913858187423938e-06
1.2210219978921764 	 6.873127737270738e-06
1.2220219978921762 	 6.832893568816974e-06
1.2230219978921761 	 6.793146934793196e-06
1.224021997892176 	 6.753879286997934e-06
1.225021997892176 	 6.7150822707765816e-06
1.2260219978921758 	 6.676747719680326e-06
1.2270219978921757 	 6.63886765029834e-06
1.2280219978921756 	 6.601434257256783e-06
1.2290219978921755 	 6.564439908378502e-06
1.2300219978921754 	 6.527877139997426e-06
1.2310219978921753 	 6.4917386524220495e-06
1.2320219978921751 	 6.4560173055425205e-06
1.233021997892175 	 6.4207061145761655e-06
1.234021997892175 	 6.385798245946369e-06
1.2350219978921748 	 6.351287013290116e-06
1.2360219978921747 	 6.317165873589498e-06
1.2370219978921746 	 6.283428423422817e-06
1.2380219978921745 	 6.250068395331041e-06
1.2390219978921744 	 6.217079654295506e-06
1.2400219978921743 	 6.184456194323011e-06
1.2410219978921742 	 6.15219213513448e-06
1.242021997892174 	 6.12028171895367e-06
1.243021997892174 	 6.088719307392354e-06
1.2440219978921738 	 6.057499378428781e-06
1.2450219978921737 	 6.026616523476065e-06
1.2460219978921736 	 5.996065444537543e-06
1.2470219978921735 	 5.965840951446089e-06
1.2480219978921734 	 5.935937959184549e-06
1.2490219978921733 	 5.906351485284556e-06
1.2500219978921732 	 5.877076647301111e-06
1.251021997892173 	 5.848108660360372e-06
1.252021997892173 	 5.81944283477824e-06
1.2530219978921728 	 5.791074573747355e-06
1.2540219978921727 	 5.762999371090325e-06
1.2550219978921726 	 5.735212809076888e-06
1.2560219978921725 	 5.707710556303034e-06
1.2570219978921724 	 5.680488365630033e-06
1.2580219978921723 	 5.653542072181364e-06
1.2590219978921722 	 5.626867591395765e-06
1.260021997892172 	 5.600460917134562e-06
1.261021997892172 	 5.574318119841496e-06
1.2620219978921718 	 5.548435344753483e-06
1.2630219978921717 	 5.522808810160554e-06
1.2640219978921716 	 5.4974348057135296e-06
1.2650219978921715 	 5.4723096907778815e-06
1.2660219978921714 	 5.447429892832325e-06
1.2670219978921713 	 5.422791905910751e-06
1.2680219978921712 	 5.398392289086186e-06
1.269021997892171 	 5.374227664995421e-06
1.270021997892171 	 5.3502947184030834e-06
1.2710219978921709 	 5.326590194803956e-06
1.2720219978921707 	 5.303110899062347e-06
1.2730219978921706 	 5.279853694087397e-06
1.2740219978921705 	 5.256815499543207e-06
1.2750219978921704 	 5.233993290592782e-06
1.2760219978921703 	 5.211384096674726e-06
1.2770219978921702 	 5.188985000311738e-06
1.27802199789217 	 5.166793135949937e-06
1.27902199789217 	 5.1448056888281184e-06
1.2800219978921699 	 5.12301989387603e-06
1.2810219978921698 	 5.1014330346408424e-06
1.2820219978921696 	 5.080042442240956e-06
1.2830219978921695 	 5.058845494346373e-06
1.2840219978921694 	 5.037839614184808e-06
1.2850219978921693 	 5.017022269572889e-06
1.2860219978921692 	 4.996390971971571e-06
1.287021997892169 	 4.975943275565228e-06
1.288021997892169 	 4.95567677636363e-06
1.2890219978921689 	 4.9355891113261685e-06
1.2900219978921688 	 4.9156779575077825e-06
1.2910219978921686 	 4.895941031225793e-06
1.2920219978921685 	 4.8763760872472775e-06
1.2930219978921684 	 4.856980917996187e-06
1.2940219978921683 	 4.837753352779839e-06
1.2950219978921682 	 4.81869125703409e-06
1.296021997892168 	 4.799792531586773e-06
1.297021997892168 	 4.781055111938852e-06
1.2980219978921679 	 4.762476967562797e-06
1.2990219978921678 	 4.7440561012177086e-06
1.3000219978921677 	 4.725790548280766e-06
1.3010219978921675 	 4.7076783760944825e-06
1.3020219978921674 	 4.689717683329415e-06
1.3030219978921673 	 4.671906599361849e-06
1.3040219978921672 	 4.654243283666077e-06
1.305021997892167 	 4.636725925220893e-06
1.306021997892167 	 4.619352741929875e-06
1.3070219978921669 	 4.602121980055148e-06
1.3080219978921668 	 4.5850319136641765e-06
1.3090219978921667 	 4.5680808440894e-06
1.3100219978921666 	 4.551267099400126e-06
1.3110219978921664 	 4.534589033886645e-06
1.3120219978921663 	 4.518045027555999e-06
1.3130219978921662 	 4.50163348563924e-06
1.3140219978921661 	 4.48535283810983e-06
1.315021997892166 	 4.469201539212911e-06
1.316021997892166 	 4.453178067005128e-06
1.3170219978921658 	 4.437280922904777e-06
1.3180219978921657 	 4.421508631251978e-06
1.3190219978921656 	 4.4058597388786475e-06
1.3200219978921655 	 4.390332814687963e-06
1.3210219978921653 	 4.3749264492431645e-06
1.3220219978921652 	 4.3596392543653685e-06
1.3230219978921651 	 4.344469862740205e-06
1.324021997892165 	 4.329416927533087e-06
1.325021997892165 	 4.314479122012814e-06
1.3260219978921648 	 4.299655139183388e-06
1.3270219978921647 	 4.284943691423781e-06
1.3280219978921646 	 4.270343510135468e-06
1.3290219978921645 	 4.255853345397535e-06
1.3300219978921644 	 4.241471965629197e-06
1.3310219978921642 	 4.227198157259483e-06
1.3320219978921641 	 4.213030724404006e-06
1.333021997892164 	 4.198968488548527e-06
1.334021997892164 	 4.1850102882392536e-06
1.3350219978921638 	 4.171154978779653e-06
1.3360219978921637 	 4.1574014319336344e-06
1.3370219978921636 	 4.143748535634922e-06
1.3380219978921635 	 4.130195193702545e-06
1.3390219978921634 	 4.116740325562188e-06
1.3400219978921633 	 4.103382865973359e-06
1.3410219978921631 	 4.090121764762173e-06
1.342021997892163 	 4.076955986559652e-06
1.343021997892163 	 4.0638845105454105e-06
1.3440219978921628 	 4.050906330196545e-06
1.3450219978921627 	 4.038020453041705e-06
1.3460219978921626 	 4.025225900420103e-06
1.3470219978921625 	 4.012521707245498e-06
1.3480219978921624 	 3.999906921774827e-06
1.3490219978921623 	 3.987380605381626e-06
1.3500219978921622 	 3.9749418323339105e-06
1.351021997892162 	 3.9625896895765475e-06
1.352021997892162 	 3.950323276517962e-06
1.3530219978921618 	 3.938141704821072e-06
1.3540219978921617 	 3.9260440981984105e-06
1.3550219978921616 	 3.914029592211239e-06
1.3560219978921615 	 3.902097334072686e-06
1.3570219978921614 	 3.8902464824547105e-06
1.3580219978921613 	 3.878476207298863e-06
1.3590219978921612 	 3.866785689630741e-06
1.360021997892161 	 3.8551741213780685e-06
1.361021997892161 	 3.843640705192289e-06
1.3620219978921608 	 3.832184654273627e-06
1.3630219978921607 	 3.820805192199524e-06
1.3640219978921606 	 3.809501552756356e-06
1.3650219978921605 	 3.798272979774426e-06
1.3660219978921604 	 3.7871187269660505e-06
1.3670219978921603 	 3.776038057766793e-06
1.3680219978921602 	 3.765030245179665e-06
1.36902199789216 	 3.75409457162233e-06
1.37002199789216 	 3.7432303287771437e-06
1.3710219978921598 	 3.7324368174440694e-06
1.3720219978921597 	 3.721713347396323e-06
1.3730219978921596 	 3.711059237238735e-06
1.3740219978921595 	 3.7004738142687602e-06
1.3750219978921594 	 3.689956414340077e-06
1.3760219978921593 	 3.6795063817287036e-06
1.3770219978921592 	 3.66912306900163e-06
1.378021997892159 	 3.6588058368878206e-06
1.379021997892159 	 3.6485540541516584e-06
1.3800219978921588 	 3.638367097468647e-06
1.3810219978921587 	 3.628244351303444e-06
1.3820219978921586 	 3.6181852077900803e-06
1.3830219978921585 	 3.6081890666143784e-06
1.3840219978921584 	 3.5982553348985075e-06
1.3850219978921583 	 3.5883834270876132e-06
1.3860219978921582 	 3.578572764838516e-06
1.387021997892158 	 3.568822776910378e-06
1.388021997892158 	 3.5591328990573814e-06
1.3890219978921579 	 3.549502573923276e-06
1.3900219978921577 	 3.5399312509378406e-06
1.3910219978921576 	 3.5304183862151816e-06
1.3920219978921575 	 3.5209634424538305e-06
1.3930219978921574 	 3.511565888838609e-06
1.3940219978921573 	 3.5022252009442393e-06
1.3950219978921572 	 3.4929408606406297e-06
1.396021997892157 	 3.4837123559998472e-06
1.397021997892157 	 3.4745391812046915e-06
1.3980219978921569 	 3.4654208364588903e-06
1.3990219978921568 	 3.4563568278988394e-06
1.4000219978921566 	 3.4473466675068903e-06
1.4010219978921565 	 3.4383898730261208e-06
1.4020219978921564 	 3.429485967876592e-06
1.4030219978921563 	 3.4206344810730523e-06
1.4040219978921562 	 3.411834947144029e-06
1.405021997892156 	 3.403086906052335e-06
1.406021997892156 	 3.3943899031169117e-06
1.4070219978921559 	 3.3857434889360208e-06
1.4080219978921558 	 3.377147219311731e-06
1.4090219978921557 	 3.368600655175681e-06
1.4100219978921555 	 3.3601033625161043e-06
1.4110219978921554 	 3.351654912306082e-06
1.4120219978921553 	 3.343254880433009e-06
1.4130219978921552 	 3.3349028476292213e-06
1.414021997892155 	 3.3265983994038156e-06
1.415021997892155 	 3.318341125975569e-06
1.4160219978921549 	 3.310130622207012e-06
1.4170219978921548 	 3.301966487539568e-06
1.4180219978921547 	 3.2938483259297724e-06
1.4190219978921546 	 3.2857757457865577e-06
1.4200219978921544 	 3.2777483599095602e-06
1.4210219978921543 	 3.269765785428427e-06
1.4220219978921542 	 3.261827643743148e-06
1.4230219978921541 	 3.2539335604653384e-06
1.424021997892154 	 3.246083165360486e-06
1.425021997892154 	 3.23827609229113e-06
1.4260219978921538 	 3.230511979160981e-06
1.4270219978921537 	 3.2227904678599236e-06
1.4280219978921536 	 3.2151112042099104e-06
1.4290219978921535 	 3.207473837911735e-06
1.4300219978921533 	 3.1998780224926523e-06
1.4310219978921532 	 3.192323415254843e-06
1.4320219978921531 	 3.1848096772246884e-06
1.433021997892153 	 3.177336473102868e-06
1.434021997892153 	 3.1699034712152467e-06
1.4350219978921528 	 3.1625103434645253e-06
1.4360219978921527 	 3.1551567652826833e-06
1.4370219978921526 	 3.1478424155841465e-06
1.4380219978921525 	 3.1405669767196986e-06
1.4390219978921523 	 3.133330134431126e-06
1.4400219978921522 	 3.1261315778065584e-06
1.4410219978921521 	 3.118970999236518e-06
1.442021997892152 	 3.1118480943706427e-06
1.443021997892152 	 3.1047625620750927e-06
1.4440219978921518 	 3.097714104390607e-06
1.4450219978921517 	 3.0907024264912194e-06
1.4460219978921516 	 3.0837272366435984e-06
1.4470219978921515 	 3.076788246167029e-06
1.4480219978921514 	 3.0698851693939867e-06
1.4490219978921512 	 3.0630177236313404e-06
1.4500219978921511 	 3.0561856291221336e-06
1.451021997892151 	 3.0493886090079397e-06
1.452021997892151 	 3.042626389291812e-06
1.4530219978921508 	 3.0358986988017766e-06
1.4540219978921507 	 3.029205269154894e-06
1.4550219978921506 	 3.022545834721842e-06
1.4560219978921505 	 3.015920132592051e-06
1.4570219978921504 	 3.009327902539352e-06
1.4580219978921503 	 3.0027688869881485e-06
1.4590219978921501 	 2.9962428309800878e-06
1.46002199789215 	 2.989749482141229e-06
1.46102199789215 	 2.9832885906497e-06
1.4620219978921498 	 2.9768599092038376e-06
1.4630219978921497 	 2.970463192990803e-06
1.4640219978921496 	 2.964098199655647e-06
1.4650219978921495 	 2.9577646892708485e-06
1.4660219978921494 	 2.9514624243062914e-06
1.4670219978921493 	 2.9451911695996763e-06
1.4680219978921492 	 2.9389506923273854e-06
1.469021997892149 	 2.932740761975748e-06
1.470021997892149 	 2.9265611503127474e-06
1.4710219978921488 	 2.9204116313601237e-06
1.4720219978921487 	 2.9142919813658884e-06
1.4730219978921486 	 2.90820197877723e-06
1.4740219978921485 	 2.9021414042138246e-06
1.4750219978921484 	 2.8961100404415207e-06
1.4760219978921483 	 2.8901076723463907e-06
1.4770219978921482 	 2.884134086909191e-06
1.478021997892148 	 2.87818907318014e-06
1.479021997892148 	 2.8722724222541054e-06
1.4800219978921478 	 2.866383927246095e-06
1.4810219978921477 	 2.8605233832671383e-06
1.4820219978921476 	 2.85469058740049e-06
1.4830219978921475 	 2.8488853386781696e-06
1.4840219978921474 	 2.8431074380578376e-06
1.4850219978921473 	 2.8373566883999937e-06
1.4860219978921472 	 2.8316328944455006e-06
1.487021997892147 	 2.8259358627934198e-06
1.488021997892147 	 2.820265401879154e-06
1.4890219978921468 	 2.8146213219528984e-06
1.4900219978921467 	 2.8090034350584004e-06
1.4910219978921466 	 2.803411555011996e-06
1.4920219978921465 	 2.7978454973819516e-06
1.4930219978921464 	 2.7923050794680876e-06
1.4940219978921463 	 2.7867901202816837e-06
1.4950219978921462 	 2.78130044052566e-06
1.496021997892146 	 2.7758358625750287e-06
1.497021997892146 	 2.770396210457621e-06
1.4980219978921459 	 2.764981309835069e-06
1.4990219978921457 	 2.7595909879840556e-06
1.5000219978921456 	 2.754225073777814e-06
1.5010219978921455 	 2.7488833976678807e-06
1.5020219978921454 	 2.7435657916660995e-06
1.5030219978921453 	 2.73827208932686e-06
1.5040219978921452 	 2.73300212572959e-06
1.505021997892145 	 2.7277557374614714e-06
1.506021997892145 	 2.722532762600393e-06
1.5070219978921449 	 2.717333040698137e-06
1.5080219978921447 	 2.712156412763783e-06
1.5090219978921446 	 2.707002721247337e-06
1.5100219978921445 	 2.7018718100235847e-06
1.5110219978921444 	 2.6967635243761504e-06
1.5120219978921443 	 2.6916777109817673e-06
1.5130219978921442 	 2.686614217894775e-06
1.514021997892144 	 2.6815728945317876e-06
1.515021997892144 	 2.6765535916566054e-06
1.5160219978921439 	 2.6715561613652902e-06
1.5170219978921438 	 2.6665804570714554e-06
1.5180219978921436 	 2.66162633349175e-06
1.5190219978921435 	 2.6566936466315142e-06
1.5200219978921434 	 2.6517822537706544e-06
1.5210219978921433 	 2.646892013449668e-06
1.5220219978921432 	 2.642022785455875e-06
1.523021997892143 	 2.6371744308098128e-06
1.524021997892143 	 2.6323468117518225e-06
1.5250219978921429 	 2.627539791728788e-06
1.5260219978921428 	 2.6227532353810657e-06
1.5270219978921427 	 2.6179870085295807e-06
1.5280219978921425 	 2.6132409781630687e-06
1.5290219978921424 	 2.608515012425508e-06
1.5300219978921423 	 2.6038089806036947e-06
1.5310219978921422 	 2.599122753114981e-06
1.532021997892142 	 2.5944562014951824e-06
1.533021997892142 	 2.5898091983866056e-06
1.5340219978921419 	 2.585181617526279e-06
1.5350219978921418 	 2.5805733337342747e-06
1.5360219978921417 	 2.575984222902231e-06
1.5370219978921416 	 2.5714141619819785e-06
1.5380219978921414 	 2.566863028974338e-06
1.5390219978921413 	 2.562330702918045e-06
1.5400219978921412 	 2.557817063878811e-06
1.5410219978921411 	 2.5533219929385344e-06
1.542021997892141 	 2.5488453721846383e-06
1.543021997892141 	 2.5443870846995343e-06
1.5440219978921408 	 2.5399470145502336e-06
1.5450219978921407 	 2.535525046778072e-06
1.5460219978921406 	 2.531121067388577e-06
1.5470219978921405 	 2.526734963341438e-06
1.5480219978921403 	 2.5223666225406307e-06
1.5490219978921402 	 2.5180159338246374e-06
1.5500219978921401 	 2.513682786956799e-06
1.55102199789214 	 2.509367072615778e-06
1.55202199789214 	 2.505068682386162e-06
1.5530219978921398 	 2.500787508749139e-06
1.5540219978921397 	 2.4965234450733285e-06
1.5550219978921396 	 2.4922763856057023e-06
1.5560219978921395 	 2.488046225462628e-06
1.5570219978921394 	 2.4838328606209933e-06
1.5580219978921392 	 2.479636187909483e-06
1.5590219978921391 	 2.475456104999923e-06
1.560021997892139 	 2.4712925103987434e-06
1.561021997892139 	 2.4671453034385477e-06
1.5620219978921388 	 2.4630143842697754e-06
1.5630219978921387 	 2.4588996538524703e-06
1.5640219978921386 	 2.4548010139481436e-06
1.5650219978921385 	 2.4507183671117397e-06
1.5660219978921384 	 2.446651616683691e-06
1.5670219978921383 	 2.4426006667820717e-06
1.5680219978921381 	 2.4385654222948386e-06
1.569021997892138 	 2.434545788872181e-06
1.570021997892138 	 2.4305416729189315e-06
1.5710219978921378 	 2.426552981587102e-06
1.5720219978921377 	 2.4225796227684807e-06
1.5730219978921376 	 2.418621505087321e-06
1.5740219978921375 	 2.4146785378931284e-06
1.5750219978921374 	 2.410750631253522e-06
1.5760219978921373 	 2.4068376959471794e-06
1.5770219978921372 	 2.4029396434568665e-06
1.578021997892137 	 2.399056385962553e-06
1.579021997892137 	 2.3951878363345957e-06
1.5800219978921368 	 2.3913339081270194e-06
1.5810219978921367 	 2.3874945155708487e-06
1.5820219978921366 	 2.383669573567552e-06
1.5830219978921365 	 2.3798589976825295e-06
1.5840219978921364 	 2.3760627041386904e-06
1.5850219978921363 	 2.3722806098101146e-06
1.5860219978921362 	 2.368512632215758e-06
1.587021997892136 	 2.3647586895132577e-06
1.588021997892136 	 2.361018700492803e-06
1.5890219978921358 	 2.357292584571057e-06
1.5900219978921357 	 2.3535802617851768e-06
1.5910219978921356 	 2.349881652786873e-06
1.5920219978921355 	 2.3461966788365663e-06
1.5930219978921354 	 2.3425252617975777e-06
1.5940219978921353 	 2.3388673241304137e-06
1.5950219978921352 	 2.335222788887104e-06
1.596021997892135 	 2.331591579705591e-06
1.597021997892135 	 2.3279736208042087e-06
1.5980219978921348 	 2.324368836976199e-06
1.5990219978921347 	 2.320777153584309e-06
1.6000219978921346 	 2.3171984965554335e-06
1.6010219978921345 	 2.313632792375322e-06
1.6020219978921344 	 2.310079968083356e-06
1.6030219978921343 	 2.3065399512673613e-06
1.6040219978921342 	 2.303012670058507e-06
1.605021997892134 	 2.299498053126233e-06
1.606021997892134 	 2.295996029673251e-06
1.6070219978921338 	 2.292506529430602e-06
1.6080219978921337 	 2.289029482652755e-06
1.6090219978921336 	 2.285564820112766e-06
1.6100219978921335 	 2.2821124730975015e-06
1.6110219978921334 	 2.2786723734028962e-06
1.6120219978921333 	 2.275244453329276e-06
1.6130219978921332 	 2.2718286456767247e-06
1.614021997892133 	 2.2684248837405053e-06
1.615021997892133 	 2.2650331013065273e-06
1.6160219978921329 	 2.261653232646871e-06
1.6170219978921327 	 2.2582852125153524e-06
1.6180219978921326 	 2.254928976143139e-06
1.6190219978921325 	 2.2515844592344166e-06
1.6200219978921324 	 2.248251597962092e-06
1.6210219978921323 	 2.244930328963563e-06
1.6220219978921322 	 2.241620589336507e-06
1.623021997892132 	 2.238322316634738e-06
1.624021997892132 	 2.2350354488640977e-06
1.6250219978921319 	 2.2317599244783846e-06
1.6260219978921318 	 2.228495682375346e-06
1.6270219978921316 	 2.225242661892691e-06
1.6280219978921315 	 2.222000802804159e-06
1.6290219978921314 	 2.2187700453156277e-06
1.6300219978921313 	 2.2155503300612604e-06
1.6310219978921312 	 2.2123415980996952e-06
1.632021997892131 	 2.209143790910279e-06
1.633021997892131 	 2.2059568503893286e-06
1.6340219978921309 	 2.202780718846449e-06
1.6350219978921308 	 2.199615339000875e-06
1.6360219978921307 	 2.196460653977859e-06
1.6370219978921305 	 2.193316607305099e-06
1.6380219978921304 	 2.1901831429091957e-06
1.6390219978921303 	 2.187060205112153e-06
1.6400219978921302 	 2.1839477386279137e-06
1.64102199789213 	 2.180845688558932e-06
1.64202199789213 	 2.177754000392781e-06
1.6430219978921299 	 2.174672619998795e-06
1.6440219978921298 	 2.1716014936247396e-06
1.6450219978921297 	 2.168540567893539e-06
1.6460219978921296 	 2.1654897898000086e-06
1.6470219978921294 	 2.162449106707645e-06
1.6480219978921293 	 2.159418466345424e-06
1.6490219978921292 	 2.1563978168046634e-06
1.650021997892129 	 2.153387106535892e-06
1.651021997892129 	 2.1503862843457576e-06
1.652021997892129 	 2.1473952993939757e-06
1.6530219978921288 	 2.1444141011902952e-06
1.6540219978921287 	 2.1414426395915116e-06
1.6550219978921286 	 2.1384808647984907e-06
1.6560219978921285 	 2.1355287273532397e-06
1.6570219978921283 	 2.1325861781360053e-06
1.6580219978921282 	 2.1296531683623858e-06
1.6590219978921281 	 2.1267296495804986e-06
1.660021997892128 	 2.1238155736681506e-06
1.661021997892128 	 2.1209108928300538e-06
1.6620219978921278 	 2.118015559595064e-06
1.6630219978921277 	 2.1151295268134477e-06
1.6640219978921276 	 2.1122527476541727e-06
1.6650219978921275 	 2.10938517560223e-06
1.6660219978921273 	 2.1065267644559834e-06
1.6670219978921272 	 2.1036774683245444e-06
1.6680219978921271 	 2.10083724162517e-06
1.669021997892127 	 2.0980060390806876e-06
1.670021997892127 	 2.0951838157169542e-06
1.6710219978921268 	 2.092370526860326e-06
1.6720219978921267 	 2.089566128135167e-06
1.6730219978921266 	 2.0867705754613684e-06
1.6740219978921265 	 2.08398382505191e-06
1.6750219978921264 	 2.0812058334104293e-06
1.6760219978921262 	 2.0784365573288222e-06
1.6770219978921261 	 2.075675953884865e-06
1.678021997892126 	 2.0729239804398666e-06
1.679021997892126 	 2.070180594636331e-06
1.6800219978921258 	 2.067445754395657e-06
1.6810219978921257 	 2.064719417915846e-06
1.6820219978921256 	 2.0620015436692455e-06
1.6830219978921255 	 2.0592920904003067e-06
1.6840219978921254 	 2.0565910171233613e-06
1.6850219978921253 	 2.0538982831204334e-06
1.6860219978921251 	 2.051213847939054e-06
1.687021997892125 	 2.048537671390114e-06
1.688021997892125 	 2.0458697135457276e-06
1.6890219978921248 	 2.0432099347371156e-06
1.6900219978921247 	 2.0405582955525162e-06
1.6910219978921246 	 2.0379147568351145e-06
1.6920219978921245 	 2.0352792796809837e-06
1.6930219978921244 	 2.032651825437057e-06
1.6940219978921243 	 2.03003235569911e-06
1.6950219978921242 	 2.027420832309767e-06
1.696021997892124 	 2.0248172173565345e-06
1.697021997892124 	 2.022221473169829e-06
1.6980219978921238 	 2.019633562321051e-06
1.6990219978921237 	 2.0170534476206616e-06
1.7000219978921236 	 2.0144810921162806e-06
1.7010219978921235 	 2.0119164590908077e-06
1.7020219978921234 	 2.0093595120605517e-06
1.7030219978921233 	 2.0068102147733864e-06
1.7040219978921232 	 2.0042685312069173e-06
1.705021997892123 	 2.0017344255666727e-06
1.706021997892123 	 1.9992078622843034e-06
1.7070219978921228 	 1.9966888060158066e-06
1.7080219978921227 	 1.9941772216397637e-06
1.7090219978921226 	 1.991673074255594e-06
1.7100219978921225 	 1.9891763291818228e-06
1.7110219978921224 	 1.9866869519543704e-06
1.7120219978921223 	 1.9842049083248558e-06
1.7130219978921222 	 1.9817301642589093e-06
1.714021997892122 	 1.979262685934518e-06
1.715021997892122 	 1.9768024397403618e-06
1.7160219978921218 	 1.974349392274186e-06
1.7170219978921217 	 1.9719035103411844e-06
1.7180219978921216 	 1.9694647609523823e-06
1.7190219978921215 	 1.9670331113230583e-06
1.7200219978921214 	 1.9646085288711643e-06
1.7210219978921213 	 1.9621909812157624e-06
1.7220219978921212 	 1.9597804361754786e-06
1.723021997892121 	 1.9573768617669755e-06
1.724021997892121 	 1.954980226203425e-06
1.7250219978921209 	 1.9525904978930123e-06
1.7260219978921207 	 1.9502076454374405e-06
1.7270219978921206 	 1.947831637630451e-06
1.7280219978921205 	 1.9454624434563653e-06
1.7290219978921204 	 1.943100032088631e-06
1.7300219978921203 	 1.940744372888385e-06
1.7310219978921202 	 1.938395435403029e-06
1.73202199789212 	 1.9360531893648195e-06
1.73302199789212 	 1.9337176046894667e-06
1.7340219978921199 	 1.931388651474749e-06
1.7350219978921197 	 1.929066299999146e-06
1.7360219978921196 	 1.9267505207204617e-06
1.7370219978921195 	 1.924441284274492e-06
1.7380219978921194 	 1.9221385614736805e-06
1.7390219978921193 	 1.9198423233057934e-06
1.7400219978921192 	 1.9175525409326077e-06
1.741021997892119 	 1.9152691856886073e-06
1.742021997892119 	 1.9129922290797e-06
1.7430219978921189 	 1.9107216427819314e-06
1.7440219978921188 	 1.9084573986402225e-06
1.7450219978921186 	 1.9061994686671151e-06
1.7460219978921185 	 1.9039478250415212e-06
1.7470219978921184 	 1.901702440107499e-06
1.7480219978921183 	 1.899463286373023e-06
1.7490219978921182 	 1.8972303365087739e-06
1.750021997892118 	 1.8950035633469404e-06
1.751021997892118 	 1.892782939880024e-06
1.7520219978921179 	 1.8905684392596668e-06
1.7530219978921178 	 1.8883600347954707e-06
1.7540219978921177 	 1.8861576999538483e-06
1.7550219978921175 	 1.8839614083568726e-06
1.7560219978921174 	 1.8817711337811259e-06
1.7570219978921173 	 1.8795868501565888e-06
1.7580219978921172 	 1.8774085315655092e-06
1.759021997892117 	 1.875236152241294e-06
1.760021997892117 	 1.8730696865674126e-06
1.7610219978921169 	 1.8709091090763008e-06
1.7620219978921168 	 1.8687543944482917e-06
1.7630219978921167 	 1.866605517510527e-06
1.7640219978921166 	 1.864462453235911e-06
1.7650219978921164 	 1.8623251767420455e-06
1.7660219978921163 	 1.860193663290194e-06
1.7670219978921162 	 1.8580678882842425e-06
1.7680219978921161 	 1.8559478272696714e-06
1.769021997892116 	 1.853833455932548e-06
1.770021997892116 	 1.8517247500985025e-06
1.7710219978921158 	 1.8496216857317454e-06
1.7720219978921157 	 1.8475242389340592e-06
1.7730219978921156 	 1.8454323859438268e-06
1.7740219978921155 	 1.843346103135056e-06
1.7750219978921153 	 1.8412653670164093e-06
1.7760219978921152 	 1.8391901542302453e-06
1.7770219978921151 	 1.8371204415516737e-06
1.778021997892115 	 1.8350562058876116e-06
1.779021997892115 	 1.8329974242758458e-06
1.7800219978921148 	 1.8309440738841135e-06
1.7810219978921147 	 1.8288961320091777e-06
1.7820219978921146 	 1.8268535760759231e-06
1.7830219978921145 	 1.8248163836364459e-06
1.7840219978921144 	 1.8227845323691668e-06
1.7850219978921142 	 1.8207580000779388e-06
1.7860219978921141 	 1.8187367646911658e-06
1.787021997892114 	 1.816720804260933e-06
1.788021997892114 	 1.8147100969621398e-06
1.7890219978921138 	 1.812704621091645e-06
1.7900219978921137 	 1.810704355067408e-06
1.7910219978921136 	 1.8087092774276543e-06
1.7920219978921135 	 1.80671936683003e-06
1.7930219978921134 	 1.80473460205078e-06
1.7940219978921133 	 1.8027549619839144e-06
1.7950219978921131 	 1.8007804256404033e-06
1.796021997892113 	 1.7988109721473605e-06
1.797021997892113 	 1.7968465807472475e-06
1.7980219978921128 	 1.7948872307970637e-06
1.7990219978921127 	 1.792932901767571e-06
1.8000219978921126 	 1.7909835732425033e-06
1.8010219978921125 	 1.789039224917794e-06
1.8020219978921124 	 1.7870998366008e-06
1.8030219978921123 	 1.7851653882095448e-06
1.8040219978921122 	 1.7832358597719533e-06
1.805021997892112 	 1.781311231425106e-06
1.806021997892112 	 1.7793914834144913e-06
1.8070219978921118 	 1.7774765960932653e-06
1.8080219978921117 	 1.7755665499215222e-06
1.8090219978921116 	 1.773661325465562e-06
1.8100219978921115 	 1.7717609033971713e-06
1.8110219978921114 	 1.7698652644929096e-06
1.8120219978921113 	 1.7679743896333998e-06
1.8130219978921112 	 1.7660882598026164e-06
1.814021997892111 	 1.7642068560871975e-06
1.815021997892111 	 1.7623301596757464e-06
1.8160219978921108 	 1.760458151858147e-06
1.8170219978921107 	 1.7585908140248781e-06
1.8180219978921106 	 1.7567281276663415e-06
1.8190219978921105 	 1.754870074372192e-06
1.8200219978921104 	 1.7530166358306684e-06
1.8210219978921103 	 1.7511677938279334e-06
1.8220219978921102 	 1.7493235302474257e-06
1.82302199789211 	 1.7474838270692e-06
1.82402199789211 	 1.7456486663692926e-06
1.8250219978921098 	 1.7438180303190764e-06
1.8260219978921097 	 1.7419919011846267e-06
1.8270219978921096 	 1.740170261326099e-06
1.8280219978921095 	 1.7383530931970954e-06
1.8290219978921094 	 1.736540379344051e-06
1.8300219978921093 	 1.7347321024056207e-06
1.8310219978921092 	 1.7329282451120665e-06
1.832021997892109 	 1.731128790284654e-06
1.833021997892109 	 1.7293337208350545e-06
1.8340219978921088 	 1.727543019764749e-06
1.8350219978921087 	 1.7257566701644385e-06
1.8360219978921086 	 1.7239746552134527e-06
1.8370219978921085 	 1.7221969581791788e-06
1.8380219978921084 	 1.7204235624164768e-06
1.8390219978921083 	 1.7186544513671117e-06
1.8400219978921082 	 1.716889608559185e-06
1.841021997892108 	 1.7151290176065707e-06
1.842021997892108 	 1.7133726622083569e-06
1.8430219978921079 	 1.711620526148293e-06
1.8440219978921077 	 1.7098725932942357e-06
1.8450219978921076 	 1.7081288475976077e-06
1.8460219978921075 	 1.7063892730928558e-06
1.8470219978921074 	 1.7046538538969098e-06
1.8480219978921073 	 1.7029225742086504e-06
1.8490219978921072 	 1.7011954183083833e-06
1.850021997892107 	 1.6994723705573116e-06
1.851021997892107 	 1.6977534153970164e-06
1.8520219978921069 	 1.6960385373489366e-06
1.8530219978921068 	 1.6943277210138582e-06
1.8540219978921066 	 1.692620951071408e-06
1.8550219978921065 	 1.690918212279543e-06
1.8560219978921064 	 1.689219489474052e-06
1.8570219978921063 	 1.6875247675680608e-06
1.8580219978921062 	 1.6858340315515323e-06
1.859021997892106 	 1.6841472664907802e-06
1.860021997892106 	 1.6824644575279856e-06
1.8610219978921059 	 1.6807855898807114e-06
1.8620219978921058 	 1.6791106488414205e-06
1.8630219978921057 	 1.6774396197770069e-06
1.8640219978921055 	 1.6757724881283239e-06
1.8650219978921054 	 1.6741092394097077e-06
1.8660219978921053 	 1.6724498592085221e-06
1.8670219978921052 	 1.670794333184697e-06
1.868021997892105 	 1.6691426470702642e-06
1.869021997892105 	 1.6674947866689096e-06
1.8700219978921049 	 1.6658507378555216e-06
1.8710219978921048 	 1.664210486575743e-06
1.8720219978921047 	 1.6625740188455256e-06
1.8730219978921046 	 1.6609413207506933e-06
1.8740219978921044 	 1.6593123784465034e-06
1.8750219978921043 	 1.6576871781572096e-06
1.8760219978921042 	 1.6560657061756382e-06
1.877021997892104 	 1.6544479488627542e-06
1.878021997892104 	 1.6528338926472407e-06
1.879021997892104 	 1.6512235240250755e-06
1.8800219978921038 	 1.649616829559114e-06
1.8810219978921037 	 1.648013795878677e-06
1.8820219978921036 	 1.6464144096791342e-06
1.8830219978921034 	 1.6448186577214992e-06
1.8840219978921033 	 1.6432265268320221e-06
1.8850219978921032 	 1.6416380039017892e-06
1.8860219978921031 	 1.6400530758863153e-06
1.887021997892103 	 1.6384717298051602e-06
1.888021997892103 	 1.6368939527415204e-06
1.8890219978921028 	 1.6353197318418543e-06
1.8900219978921027 	 1.6337490543154757e-06
1.8910219978921026 	 1.6321819074341835e-06
1.8920219978921025 	 1.6306182785318722e-06
1.8930219978921023 	 1.6290581550041563e-06
1.8940219978921022 	 1.6275015243079872e-06
1.8950219978921021 	 1.6259483739612843e-06
1.896021997892102 	 1.624398691542565e-06
1.897021997892102 	 1.6228524646905687e-06
1.8980219978921018 	 1.6213096811039e-06
1.8990219978921017 	 1.6197703285406574e-06
1.9000219978921016 	 1.6182343948180797e-06
1.9010219978921015 	 1.6167018678121835e-06
1.9020219978921014 	 1.6151727354574047e-06
1.9030219978921012 	 1.6136469857462561e-06
1.9040219978921011 	 1.6121246067289653e-06
1.905021997892101 	 1.6106055865131355e-06
1.906021997892101 	 1.6090899132633958e-06
1.9070219978921008 	 1.60757757520106e-06
1.9080219978921007 	 1.6060685606037867e-06
1.9090219978921006 	 1.6045628578052369e-06
1.9100219978921005 	 1.6030604551947455e-06
1.9110219978921004 	 1.6015613412169854e-06
1.9120219978921003 	 1.6000655043716359e-06
1.9130219978921001 	 1.5985729332130502e-06
1.9140219978921 	 1.5970836163499423e-06
1.9150219978921 	 1.5955975424450483e-06
1.9160219978920998 	 1.594114700214817e-06
1.9170219978920997 	 1.5926350784290819e-06
1.9180219978920996 	 1.5911586659107506e-06
1.9190219978920995 	 1.5896854515354873e-06
1.9200219978920994 	 1.588215424231401e-06
1.9210219978920993 	 1.5867485729787362e-06
1.9220219978920992 	 1.5852848868095633e-06
1.923021997892099 	 1.5838243548074782e-06
1.924021997892099 	 1.582366966107289e-06
1.9250219978920988 	 1.580912709894723e-06
1.9260219978920987 	 1.5794615754061243e-06
1.9270219978920986 	 1.578013551928158e-06
1.9280219978920985 	 1.576568628797513e-06
1.9290219978920984 	 1.5751267954006104e-06
1.9300219978920983 	 1.5736880411733106e-06
1.9310219978920982 	 1.5722523556006296e-06
1.932021997892098 	 1.5708197282164458e-06
1.933021997892098 	 1.5693901486032181e-06
1.9340219978920978 	 1.5679636063917032e-06
1.9350219978920977 	 1.5665400912606752e-06
1.9360219978920976 	 1.5651195929366416e-06
1.9370219978920975 	 1.5637021011935752e-06
1.9380219978920974 	 1.5622876058526321e-06
1.9390219978920973 	 1.56087609678188e-06
1.9400219978920972 	 1.5594675638960277e-06
1.941021997892097 	 1.5580619971561533e-06
1.942021997892097 	 1.5566593865694436e-06
1.9430219978920968 	 1.5552597221889203e-06
1.9440219978920967 	 1.5538629941131766e-06
1.9450219978920966 	 1.5524691924861222e-06
1.9460219978920965 	 1.5510783074967177e-06
1.9470219978920964 	 1.549690329378717e-06
1.9480219978920963 	 1.5483052484104083e-06
1.9490219978920962 	 1.5469230549143646e-06
1.950021997892096 	 1.545543739257186e-06
1.951021997892096 	 1.5441672918492499e-06
1.9520219978920959 	 1.5427937031444608e-06
1.9530219978920957 	 1.5414229636400053e-06
1.9540219978920956 	 1.5400550638760985e-06
1.9550219978920955 	 1.5386899944357469e-06
1.9560219978920954 	 1.5373277459445021e-06
1.9570219978920953 	 1.5359683090702194e-06
1.9580219978920952 	 1.5346116745228191e-06
1.959021997892095 	 1.5332578330540458e-06
1.960021997892095 	 1.5319067754572373e-06
1.9610219978920949 	 1.5305584925670854e-06
1.9620219978920947 	 1.5292129752593999e-06
1.9630219978920946 	 1.5278702144508868e-06
1.9640219978920945 	 1.5265302010989092e-06
1.9650219978920944 	 1.5251929262012584e-06
1.9660219978920943 	 1.5238583807959382e-06
1.9670219978920942 	 1.5225265559609228e-06
1.968021997892094 	 1.5211974428139468e-06
1.969021997892094 	 1.5198710325122745e-06
1.9700219978920939 	 1.518547316252483e-06
1.9710219978920938 	 1.5172262852702418e-06
1.9720219978920936 	 1.5159079308400931e-06
1.9730219978920935 	 1.514592244275237e-06
1.9740219978920934 	 1.5132792169273151e-06
1.9750219978920933 	 1.5119688401861966e-06
1.9760219978920932 	 1.5106611054797718e-06
1.977021997892093 	 1.5093560042737312e-06
1.978021997892093 	 1.5080535280713617e-06
1.9790219978920929 	 1.5067536684133417e-06
1.9800219978920928 	 1.5054564168775254e-06
1.9810219978920927 	 1.504161765078748e-06
1.9820219978920925 	 1.5028697046686133e-06
1.9830219978920924 	 1.5015802273352947e-06
1.9840219978920923 	 1.5002933248033345e-06
1.9850219978920922 	 1.499008988833443e-06
1.986021997892092 	 1.4977272112222977e-06
1.987021997892092 	 1.4964479838023516e-06
1.9880219978920919 	 1.4951712984416313e-06
1.9890219978920918 	 1.4938971470435438e-06
1.9900219978920917 	 1.4926255215466882e-06
1.9910219978920916 	 1.4913564139246531e-06
1.9920219978920914 	 1.4900898161858363e-06
1.9930219978920913 	 1.4888257203732495e-06
1.9940219978920912 	 1.4875641185643323e-06
1.9950219978920911 	 1.4863050028707577e-06
1.996021997892091 	 1.4850483654382603e-06
1.997021997892091 	 1.4837941984464363e-06
1.9980219978920908 	 1.4825424941085727e-06
1.9990219978920907 	 1.481293244671453e-06
