0.0010219978922 	 0.0
0.0020219978922 	 0.0
0.0030219978922 	 0.0
0.0040219978922 	 0.0
0.0050219978922 	 0.0
0.0060219978922 	 0.0
0.0070219978922 	 0.0
0.0080219978922 	 0.0
0.009021997892200002 	 0.0
0.010021997892200003 	 0.0
0.011021997892200004 	 0.0
0.012021997892200004 	 0.0
0.013021997892200005 	 0.0
0.014021997892200006 	 0.0
0.015021997892200007 	 0.0
0.016021997892200008 	 0.0
0.01702199789220001 	 0.0
0.01802199789220001 	 0.0
0.01902199789220001 	 0.0
0.02002199789220001 	 0.0
0.021021997892200012 	 0.0
0.022021997892200013 	 0.0
0.023021997892200014 	 0.0
0.024021997892200015 	 0.0
0.025021997892200016 	 0.0
0.026021997892200017 	 0.0
0.027021997892200018 	 0.0
0.02802199789220002 	 0.0
0.02902199789220002 	 0.0
0.03002199789220002 	 0.0
0.03102199789220002 	 0.0
0.03202199789220002 	 0.0
0.03302199789220002 	 0.0
0.03402199789220002 	 0.0
0.03502199789220002 	 0.0
0.03602199789220002 	 0.0
0.03702199789220002 	 0.0
0.038021997892200024 	 0.0
0.039021997892200025 	 0.0
0.040021997892200026 	 0.0
0.04102199789220003 	 0.0
0.04202199789220003 	 0.0
0.04302199789220003 	 0.0
0.04402199789220003 	 0.0
0.04502199789220003 	 0.0
0.04602199789220003 	 0.0
0.04702199789220003 	 0.0
0.04802199789220003 	 0.0
0.049021997892200034 	 0.0
0.050021997892200035 	 0.0
0.051021997892200036 	 0.0
0.052021997892200036 	 0.0
0.05302199789220004 	 0.0
0.05402199789220004 	 0.0
0.05502199789220004 	 0.0
0.05602199789220004 	 0.0
0.05702199789220004 	 0.0
0.05802199789220004 	 0.0
0.05902199789220004 	 0.0
0.060021997892200044 	 0.0
0.061021997892200044 	 0.0
0.062021997892200045 	 0.0
0.06302199789220005 	 0.0
0.06402199789220005 	 0.0
0.06502199789220005 	 0.0
0.06602199789220005 	 0.0
0.06702199789220005 	 0.0
0.06802199789220005 	 0.0
0.06902199789220005 	 0.0
0.07002199789220005 	 0.0
0.07102199789220005 	 0.0
0.07202199789220005 	 0.0
0.07302199789220006 	 0.0
0.07402199789220006 	 0.0
0.07502199789220006 	 0.0
0.07602199789220006 	 0.0
0.07702199789220006 	 0.0
0.07802199789220006 	 0.0
0.07902199789220006 	 0.0
0.08002199789220006 	 0.0
0.08102199789220006 	 0.0
0.08202199789220006 	 0.0
0.08302199789220006 	 0.0
0.08402199789220006 	 0.0
0.08502199789220007 	 0.0
0.08602199789220007 	 0.0
0.08702199789220007 	 0.0
0.08802199789220007 	 0.0
0.08902199789220007 	 0.0
0.09002199789220007 	 0.0
0.09102199789220007 	 0.0
0.09202199789220007 	 0.0
0.09302199789220007 	 0.0
0.09402199789220007 	 0.0
0.09502199789220007 	 0.0
0.09602199789220008 	 0.0
0.09702199789220008 	 0.0
0.09802199789220008 	 0.0
0.09902199789220008 	 0.0
0.10002199789220008 	 0.0
0.10102199789220008 	 0.0
0.10202199789220008 	 0.0
0.10302199789220008 	 0.0
0.10402199789220008 	 0.0
0.10502199789220008 	 0.0
0.10602199789220008 	 0.0
0.10702199789220009 	 0.0
0.10802199789220009 	 0.0
0.10902199789220009 	 0.0
0.11002199789220009 	 0.0
0.11102199789220009 	 0.0
0.11202199789220009 	 0.0
0.11302199789220009 	 0.0
0.11402199789220009 	 0.0
0.11502199789220009 	 0.0
0.1160219978922001 	 0.0
0.1170219978922001 	 0.0
0.1180219978922001 	 0.0
0.1190219978922001 	 0.0
0.1200219978922001 	 0.0
0.1210219978922001 	 0.0
0.1220219978922001 	 0.0
0.1230219978922001 	 0.0
0.1240219978922001 	 0.0
0.1250219978922001 	 0.0
0.1260219978922001 	 0.0
0.1270219978922001 	 0.0
0.1280219978922001 	 0.0
0.1290219978922001 	 0.0
0.1300219978922001 	 0.0
0.1310219978922001 	 0.0
0.1320219978922001 	 0.0
0.1330219978922001 	 0.0
0.1340219978922001 	 0.0
0.1350219978922001 	 0.0
0.1360219978922001 	 0.0
0.1370219978922001 	 0.0
0.1380219978922001 	 0.0
0.1390219978922001 	 0.0
0.1400219978922001 	 0.0
0.1410219978922001 	 0.0
0.1420219978922001 	 0.0
0.1430219978922001 	 0.0
0.1440219978922001 	 0.0
0.1450219978922001 	 0.0
0.1460219978922001 	 0.0
0.1470219978922001 	 0.0
0.1480219978922001 	 0.0
0.1490219978922001 	 0.0
0.1500219978922001 	 0.0
0.1510219978922001 	 0.0
0.1520219978922001 	 0.0
0.1530219978922001 	 0.0
0.1540219978922001 	 0.0
0.15502199789220011 	 0.0
0.15602199789220011 	 0.0
0.15702199789220012 	 0.0
0.15802199789220012 	 0.0
0.15902199789220012 	 0.0
0.16002199789220012 	 0.0
0.16102199789220012 	 0.0
0.16202199789220012 	 0.0
0.16302199789220012 	 0.0
0.16402199789220012 	 0.0
0.16502199789220012 	 0.0
0.16602199789220012 	 0.0
0.16702199789220012 	 0.0
0.16802199789220013 	 0.0
0.16902199789220013 	 0.0
0.17002199789220013 	 0.0
0.17102199789220013 	 0.0
0.17202199789220013 	 0.0
0.17302199789220013 	 0.0
0.17402199789220013 	 0.0
0.17502199789220013 	 0.0
0.17602199789220013 	 0.0
0.17702199789220013 	 0.0
0.17802199789220013 	 0.0
0.17902199789220014 	 0.0
0.18002199789220014 	 0.0
0.18102199789220014 	 0.0
0.18202199789220014 	 0.0
0.18302199789220014 	 0.0
0.18402199789220014 	 0.0
0.18502199789220014 	 0.0
0.18602199789220014 	 0.0
0.18702199789220014 	 0.0
0.18802199789220014 	 0.0
0.18902199789220014 	 0.0
0.19002199789220015 	 0.0
0.19102199789220015 	 0.0
0.19202199789220015 	 0.0
0.19302199789220015 	 0.0
0.19402199789220015 	 0.0
0.19502199789220015 	 0.0
0.19602199789220015 	 0.0
0.19702199789220015 	 0.0
0.19802199789220015 	 0.0
0.19902199789220015 	 0.0
0.20002199789220015 	 0.0
0.20102199789220015 	 0.0
0.20202199789220016 	 0.0
0.20302199789220016 	 0.0
0.20402199789220016 	 0.0
0.20502199789220016 	 0.0
0.20602199789220016 	 0.0
0.20702199789220016 	 0.0
0.20802199789220016 	 0.0
0.20902199789220016 	 0.0
0.21002199789220016 	 0.0
0.21102199789220016 	 0.0
0.21202199789220016 	 0.0
0.21302199789220017 	 0.0
0.21402199789220017 	 0.0
0.21502199789220017 	 0.0
0.21602199789220017 	 0.0
0.21702199789220017 	 0.0
0.21802199789220017 	 0.0
0.21902199789220017 	 0.0
0.22002199789220017 	 0.0
0.22102199789220017 	 0.0
0.22202199789220017 	 0.0
0.22302199789220017 	 0.0
0.22402199789220018 	 0.0
0.22502199789220018 	 0.0
0.22602199789220018 	 0.0
0.22702199789220018 	 0.0
0.22802199789220018 	 0.0
0.22902199789220018 	 0.0
0.23002199789220018 	 0.0
0.23102199789220018 	 0.0
0.23202199789220018 	 0.0
0.23302199789220018 	 0.0
0.23402199789220018 	 0.0
0.23502199789220019 	 0.0
0.23602199789220019 	 0.0
0.2370219978922002 	 0.0
0.2380219978922002 	 0.0
0.2390219978922002 	 0.0
0.2400219978922002 	 0.0
0.2410219978922002 	 0.0
0.2420219978922002 	 0.0
0.2430219978922002 	 0.0
0.2440219978922002 	 0.0
0.2450219978922002 	 0.0
0.2460219978922002 	 0.0
0.2470219978922002 	 0.0
0.2480219978922002 	 0.0
0.2490219978922002 	 0.0
0.2500219978922002 	 0.0
0.2510219978922002 	 0.0
0.2520219978922002 	 0.0
0.2530219978922002 	 0.0
0.2540219978922002 	 0.0
0.2550219978922002 	 0.0
0.2560219978922002 	 0.0
0.2570219978922002 	 0.0
0.2580219978922002 	 0.0
0.2590219978922002 	 0.0
0.2600219978922002 	 0.0
0.2610219978922002 	 0.0
0.2620219978922002 	 0.0
0.2630219978922002 	 0.0
0.2640219978922002 	 0.0
0.2650219978922002 	 0.0
0.2660219978922002 	 0.0
0.2670219978922002 	 0.0
0.2680219978922002 	 0.0
0.2690219978922002 	 0.0
0.2700219978922002 	 0.0
0.2710219978922002 	 0.0
0.2720219978922002 	 0.0
0.2730219978922002 	 0.0
0.2740219978922002 	 0.0
0.2750219978922002 	 0.0
0.2760219978922002 	 0.0
0.2770219978922002 	 0.0
0.2780219978922002 	 0.0
0.2790219978922002 	 0.0
0.2800219978922002 	 0.0
0.2810219978922002 	 0.0
0.2820219978922002 	 0.0
0.2830219978922002 	 0.0
0.28402199789220023 	 0.0
0.28502199789220023 	 0.0
0.28602199789220023 	 0.0
0.28702199789220023 	 0.0
0.28802199789220023 	 0.0
0.28902199789220023 	 0.0
0.29002199789220023 	 0.0
0.29102199789220023 	 0.0
0.29202199789220024 	 0.0
0.29302199789220024 	 0.0
0.29402199789220024 	 0.0
0.29502199789220024 	 0.0
0.29602199789220024 	 0.0
0.29702199789220024 	 0.0
0.29802199789220024 	 0.0
0.29902199789220024 	 0.0
0.30002199789220024 	 0.0
0.30102199789220024 	 0.0
0.30202199789220024 	 0.0
0.30302199789220025 	 0.0
0.30402199789220025 	 0.0
0.30502199789220025 	 0.0
0.30602199789220025 	 0.0
0.30702199789220025 	 0.0
0.30802199789220025 	 0.0
0.30902199789220025 	 0.0
0.31002199789220025 	 0.0
0.31102199789220025 	 0.0
0.31202199789220025 	 0.0
0.31302199789220025 	 0.0
0.31402199789220026 	 0.0
0.31502199789220026 	 0.0
0.31602199789220026 	 0.0
0.31702199789220026 	 0.0
0.31802199789220026 	 0.0
0.31902199789220026 	 0.0
0.32002199789220026 	 0.0
0.32102199789220026 	 0.0
0.32202199789220026 	 0.0
0.32302199789220026 	 0.0
0.32402199789220026 	 0.0
0.32502199789220027 	 0.0
0.32602199789220027 	 0.0
0.32702199789220027 	 0.0
0.32802199789220027 	 0.0
0.32902199789220027 	 0.0
0.33002199789220027 	 0.0
0.33102199789220027 	 0.0
0.33202199789220027 	 0.0
0.33302199789220027 	 0.0
0.3340219978922003 	 0.0
0.3350219978922003 	 0.0
0.3360219978922003 	 0.0
0.3370219978922003 	 0.0
0.3380219978922003 	 0.0
0.3390219978922003 	 0.0
0.3400219978922003 	 0.0
0.3410219978922003 	 0.0
0.3420219978922003 	 0.0
0.3430219978922003 	 0.0
0.3440219978922003 	 0.0
0.3450219978922003 	 0.0
0.3460219978922003 	 0.0
0.3470219978922003 	 0.0
0.3480219978922003 	 0.0
0.3490219978922003 	 0.0
0.3500219978922003 	 0.0
0.3510219978922003 	 0.0
0.3520219978922003 	 0.0
0.3530219978922003 	 0.0
0.3540219978922003 	 0.0
0.3550219978922003 	 0.0
0.3560219978922003 	 0.0
0.3570219978922003 	 0.0
0.3580219978922003 	 0.0
0.3590219978922003 	 0.0
0.3600219978922003 	 0.0
0.3610219978922003 	 0.0
0.3620219978922003 	 0.0
0.3630219978922003 	 0.0
0.3640219978922003 	 0.0
0.3650219978922003 	 0.0
0.3660219978922003 	 0.0
0.3670219978922003 	 0.0
0.3680219978922003 	 0.0
0.3690219978922003 	 0.0
0.3700219978922003 	 0.0
0.3710219978922003 	 0.0
0.3720219978922003 	 0.0
0.3730219978922003 	 0.0
0.3740219978922003 	 0.0
0.3750219978922003 	 0.0
0.3760219978922003 	 0.0
0.3770219978922003 	 0.0
0.3780219978922003 	 0.0
0.3790219978922003 	 0.0
0.3800219978922003 	 0.0
0.3810219978922003 	 0.0
0.3820219978922003 	 0.0
0.3830219978922003 	 0.0
0.3840219978922003 	 0.0
0.3850219978922003 	 0.0
0.3860219978922003 	 0.0
0.3870219978922003 	 0.0
0.3880219978922003 	 0.0
0.3890219978922003 	 0.0
0.3900219978922003 	 0.0
0.3910219978922003 	 0.0
0.3920219978922003 	 0.0
0.3930219978922003 	 0.0
0.3940219978922003 	 0.0
0.3950219978922003 	 0.0
0.39602199789220033 	 0.0
0.39702199789220033 	 0.0
0.39802199789220033 	 0.0
0.39902199789220033 	 0.0
0.40002199789220033 	 0.0
0.40102199789220033 	 0.0
0.40202199789220033 	 0.0
0.40302199789220033 	 0.0
0.40402199789220034 	 0.0
0.40502199789220034 	 0.0
0.40602199789220034 	 0.0
0.40702199789220034 	 0.0
0.40802199789220034 	 0.0
0.40902199789220034 	 0.0
0.41002199789220034 	 0.0
0.41102199789220034 	 0.0
0.41202199789220034 	 0.0
0.41302199789220034 	 0.0
0.41402199789220034 	 0.0
0.41502199789220034 	 0.0
0.41602199789220035 	 0.0
0.41702199789220035 	 0.0
0.41802199789220035 	 0.0
0.41902199789220035 	 0.0
0.42002199789220035 	 0.0
0.42102199789220035 	 0.0
0.42202199789220035 	 0.0
0.42302199789220035 	 0.0
0.42402199789220035 	 0.0
0.42502199789220035 	 0.0
0.42602199789220035 	 0.0
0.42702199789220036 	 0.0
0.42802199789220036 	 0.0
0.42902199789220036 	 0.0
0.43002199789220036 	 0.0
0.43102199789220036 	 0.0
0.43202199789220036 	 0.0
0.43302199789220036 	 0.0
0.43402199789220036 	 0.0
0.43502199789220036 	 0.0
0.43602199789220036 	 0.0
0.43702199789220036 	 0.0
0.43802199789220037 	 0.0
0.43902199789220037 	 0.0
0.44002199789220037 	 0.0
0.44102199789220037 	 0.0
0.44202199789220037 	 0.0
0.44302199789220037 	 0.0
0.44402199789220037 	 0.0
0.44502199789220037 	 0.0
0.4460219978922004 	 0.0
0.4470219978922004 	 0.0
0.4480219978922004 	 0.0
0.4490219978922004 	 0.0
0.4500219978922004 	 0.0
0.4510219978922004 	 0.0
0.4520219978922004 	 0.0
0.4530219978922004 	 0.0
0.4540219978922004 	 0.0
0.4550219978922004 	 0.0
0.4560219978922004 	 0.0
0.4570219978922004 	 0.0
0.4580219978922004 	 0.0
0.4590219978922004 	 0.0
0.4600219978922004 	 0.0
0.4610219978922004 	 0.0
0.4620219978922004 	 0.0
0.4630219978922004 	 0.0
0.4640219978922004 	 0.0
0.4650219978922004 	 0.0
0.4660219978922004 	 0.0
0.4670219978922004 	 0.0
0.4680219978922004 	 0.0
0.4690219978922004 	 0.0
0.4700219978922004 	 0.0
0.4710219978922004 	 0.0
0.4720219978922004 	 0.0
0.4730219978922004 	 0.0
0.4740219978922004 	 0.0
0.4750219978922004 	 0.0
0.4760219978922004 	 0.0
0.4770219978922004 	 0.0
0.4780219978922004 	 0.0
0.4790219978922004 	 0.0
0.4800219978922004 	 0.0
0.4810219978922004 	 0.0
0.4820219978922004 	 0.0
0.4830219978922004 	 0.0
0.4840219978922004 	 0.0
0.4850219978922004 	 0.0
0.4860219978922004 	 0.0
0.4870219978922004 	 0.0
0.4880219978922004 	 0.0
0.4890219978922004 	 0.0
0.4900219978922004 	 0.0
0.4910219978922004 	 0.0
0.4920219978922004 	 0.0
0.4930219978922004 	 0.0
0.4940219978922004 	 0.0
0.4950219978922004 	 0.0
0.4960219978922004 	 0.0
0.4970219978922004 	 0.0
0.4980219978922004 	 0.0
0.4990219978922004 	 0.0
0.5000219978922004 	 0.0
0.5010219978922004 	 0.0
0.5020219978922004 	 0.0
0.5030219978922004 	 0.0
0.5040219978922004 	 0.0
0.5050219978922004 	 0.0
0.5060219978922004 	 0.0
0.5070219978922004 	 0.0
0.5080219978922004 	 0.0
0.5090219978922004 	 0.0
0.5100219978922004 	 0.0
0.5110219978922004 	 0.0
0.5120219978922004 	 0.0
0.5130219978922004 	 0.0
0.5140219978922004 	 0.0
0.5150219978922004 	 0.0
0.5160219978922004 	 0.0
0.5170219978922004 	 0.0
0.5180219978922004 	 0.0
0.5190219978922004 	 0.0
0.5200219978922004 	 0.0
0.5210219978922004 	 0.0
0.5220219978922004 	 0.0
0.5230219978922004 	 0.0
0.5240219978922004 	 0.0
0.5250219978922004 	 0.0
0.5260219978922004 	 0.0
0.5270219978922004 	 0.0
0.5280219978922004 	 0.0
0.5290219978922004 	 0.0
0.5300219978922004 	 0.0
0.5310219978922004 	 0.0
0.5320219978922004 	 0.0
0.5330219978922004 	 0.0
0.5340219978922004 	 0.0
0.5350219978922004 	 0.0
0.5360219978922004 	 0.0
0.5370219978922004 	 0.0
0.5380219978922004 	 0.0
0.5390219978922004 	 0.0
0.5400219978922004 	 0.0
0.5410219978922004 	 0.0
0.5420219978922004 	 0.0
0.5430219978922004 	 0.0
0.5440219978922004 	 0.0
0.5450219978922004 	 0.0
0.5460219978922004 	 0.0
0.5470219978922004 	 0.0
0.5480219978922004 	 0.0
0.5490219978922004 	 0.0
0.5500219978922004 	 0.0
0.5510219978922004 	 0.0
0.5520219978922004 	 0.0
0.5530219978922004 	 0.0
0.5540219978922004 	 0.0
0.5550219978922004 	 0.0
0.5560219978922004 	 0.0
0.5570219978922004 	 0.0
0.5580219978922004 	 0.0
0.5590219978922004 	 0.0
0.5600219978922004 	 0.0
0.5610219978922004 	 0.0
0.5620219978922004 	 0.0
0.5630219978922004 	 0.0
0.5640219978922004 	 0.0
0.5650219978922004 	 0.0
0.5660219978922004 	 0.0
0.5670219978922004 	 0.0
0.5680219978922004 	 0.0
0.5690219978922004 	 0.0
0.5700219978922004 	 0.0
0.5710219978922004 	 0.0
0.5720219978922004 	 0.0
0.5730219978922004 	 0.0
0.5740219978922004 	 0.0
0.5750219978922004 	 0.0
0.5760219978922004 	 0.0
0.5770219978922004 	 0.0
0.5780219978922004 	 0.0
0.5790219978922004 	 0.0
0.5800219978922004 	 0.0
0.5810219978922004 	 0.0
0.5820219978922004 	 0.0
0.5830219978922004 	 0.0
0.5840219978922004 	 0.0
0.5850219978922004 	 0.0
0.5860219978922004 	 0.0
0.5870219978922004 	 0.0
0.5880219978922004 	 0.0
0.5890219978922004 	 0.0
0.5900219978922004 	 0.0
0.5910219978922004 	 0.0
0.5920219978922004 	 0.0
0.5930219978922004 	 0.0
0.5940219978922004 	 0.0
0.5950219978922004 	 0.0
0.5960219978922005 	 0.0
0.5970219978922005 	 0.0
0.5980219978922005 	 0.0
0.5990219978922005 	 0.0
0.6000219978922005 	 0.0
0.6010219978922005 	 0.0
0.6020219978922005 	 0.0
0.6030219978922005 	 0.0
0.6040219978922005 	 0.0
0.6050219978922005 	 0.0
0.6060219978922005 	 0.0
0.6070219978922005 	 0.0
0.6080219978922005 	 0.0
0.6090219978922005 	 0.0
0.6100219978922005 	 0.0
0.6110219978922005 	 0.0
0.6120219978922005 	 0.0
0.6130219978922005 	 0.0
0.6140219978922005 	 0.0
0.6150219978922005 	 0.0
0.6160219978922005 	 0.0
0.6170219978922005 	 0.0
0.6180219978922005 	 0.0
0.6190219978922005 	 0.0
0.6200219978922005 	 0.0
0.6210219978922005 	 0.0
0.6220219978922005 	 0.0
0.6230219978922005 	 0.0
0.6240219978922005 	 0.0
0.6250219978922005 	 0.0
0.6260219978922005 	 0.0
0.6270219978922005 	 0.0
0.6280219978922005 	 0.0
0.6290219978922005 	 0.0
0.6300219978922005 	 0.0
0.6310219978922005 	 0.0
0.6320219978922005 	 0.0
0.6330219978922005 	 0.0
0.6340219978922005 	 0.0
0.6350219978922005 	 0.0
0.6360219978922005 	 0.0
0.6370219978922005 	 0.0
0.6380219978922005 	 0.0
0.6390219978922005 	 0.0
0.6400219978922005 	 0.0
0.6410219978922005 	 0.0
0.6420219978922005 	 0.0
0.6430219978922005 	 0.0
0.6440219978922005 	 0.0
0.6450219978922005 	 0.0
0.6460219978922005 	 0.0
0.6470219978922005 	 0.0
0.6480219978922005 	 0.0
0.6490219978922005 	 0.0
0.6500219978922005 	 0.0
0.6510219978922005 	 0.0
0.6520219978922005 	 0.0
0.6530219978922005 	 0.0
0.6540219978922005 	 0.0
0.6550219978922005 	 0.0
0.6560219978922005 	 0.0
0.6570219978922005 	 0.0
0.6580219978922005 	 0.0
0.6590219978922005 	 0.0
0.6600219978922005 	 0.0
0.6610219978922005 	 0.0
0.6620219978922005 	 0.0
0.6630219978922005 	 0.0
0.6640219978922005 	 0.0
0.6650219978922005 	 0.0
0.6660219978922005 	 0.0
0.6670219978922005 	 0.0
0.6680219978922005 	 0.0
0.6690219978922005 	 0.0
0.6700219978922005 	 0.0
0.6710219978922005 	 0.0
0.6720219978922005 	 0.0
0.6730219978922005 	 0.0
0.6740219978922005 	 0.0
0.6750219978922005 	 0.0
0.6760219978922005 	 0.0
0.6770219978922005 	 0.0
0.6780219978922005 	 0.0
0.6790219978922005 	 0.0
0.6800219978922005 	 0.0
0.6810219978922005 	 0.0
0.6820219978922005 	 0.0
0.6830219978922005 	 0.0
0.6840219978922005 	 0.0
0.6850219978922005 	 0.0
0.6860219978922005 	 0.0
0.6870219978922005 	 0.0
0.6880219978922005 	 0.0
0.6890219978922005 	 0.0
0.6900219978922005 	 0.0
0.6910219978922005 	 0.0
0.6920219978922005 	 0.0
0.6930219978922005 	 0.0
0.6940219978922005 	 0.0
0.6950219978922005 	 0.0
0.6960219978922005 	 0.0
0.6970219978922005 	 0.0
0.6980219978922005 	 0.0
0.6990219978922005 	 0.0
0.7000219978922005 	 0.0
0.7010219978922005 	 0.0
0.7020219978922005 	 0.0
0.7030219978922005 	 0.0
0.7040219978922005 	 0.0
0.7050219978922005 	 0.0
0.7060219978922005 	 0.0
0.7070219978922005 	 0.0
0.7080219978922005 	 0.0
0.7090219978922006 	 0.0
0.7100219978922006 	 0.0
0.7110219978922006 	 0.0
0.7120219978922006 	 0.0
0.7130219978922006 	 0.0
0.7140219978922006 	 0.0
0.7150219978922006 	 0.0
0.7160219978922006 	 0.0
0.7170219978922006 	 0.0
0.7180219978922006 	 0.0
0.7190219978922006 	 0.0
0.7200219978922006 	 0.0
0.7210219978922006 	 0.0
0.7220219978922006 	 0.0
0.7230219978922006 	 0.0
0.7240219978922006 	 0.0
0.7250219978922006 	 0.0
0.7260219978922006 	 0.0
0.7270219978922006 	 0.0
0.7280219978922006 	 0.0
0.7290219978922006 	 0.0
0.7300219978922006 	 0.0
0.7310219978922006 	 0.0
0.7320219978922006 	 0.0
0.7330219978922006 	 0.0
0.7340219978922006 	 0.0
0.7350219978922006 	 0.0
0.7360219978922006 	 0.0
0.7370219978922006 	 0.0
0.7380219978922006 	 0.0
0.7390219978922006 	 0.0
0.7400219978922006 	 0.0
0.7410219978922006 	 0.0
0.7420219978922006 	 0.0
0.7430219978922006 	 0.0
0.7440219978922006 	 0.0
0.7450219978922006 	 0.0
0.7460219978922006 	 0.0
0.7470219978922006 	 0.0
0.7480219978922006 	 0.0
0.7490219978922006 	 0.0
0.7500219978922006 	 0.0
0.7510219978922006 	 0.0
0.7520219978922006 	 0.0
0.7530219978922006 	 0.0
0.7540219978922006 	 0.0
0.7550219978922006 	 0.0
0.7560219978922006 	 0.0
0.7570219978922006 	 0.0
0.7580219978922006 	 0.0
0.7590219978922006 	 0.0
0.7600219978922006 	 0.0
0.7610219978922006 	 0.0
0.7620219978922006 	 0.0
0.7630219978922006 	 0.0
0.7640219978922006 	 0.0
0.7650219978922006 	 0.0
0.7660219978922006 	 0.0
0.7670219978922006 	 0.0
0.7680219978922006 	 0.0
0.7690219978922006 	 0.0
0.7700219978922006 	 0.0
0.7710219978922006 	 0.0
0.7720219978922006 	 0.0
0.7730219978922006 	 0.0
0.7740219978922006 	 0.0
0.7750219978922006 	 0.0
0.7760219978922006 	 0.0
0.7770219978922006 	 0.0
0.7780219978922006 	 0.0
0.7790219978922006 	 0.0
0.7800219978922006 	 0.0
0.7810219978922006 	 0.0
0.7820219978922006 	 0.0
0.7830219978922006 	 0.0
0.7840219978922006 	 0.0
0.7850219978922006 	 0.0
0.7860219978922006 	 0.0
0.7870219978922006 	 0.0
0.7880219978922006 	 0.0
0.7890219978922006 	 0.0
0.7900219978922006 	 0.0
0.7910219978922006 	 0.0
0.7920219978922006 	 0.0
0.7930219978922006 	 0.0
0.7940219978922006 	 0.0
0.7950219978922006 	 0.0
0.7960219978922006 	 0.0
0.7970219978922006 	 0.0
0.7980219978922006 	 0.0
0.7990219978922006 	 0.0
0.8000219978922006 	 0.0
0.8010219978922006 	 0.0
0.8020219978922006 	 0.0
0.8030219978922006 	 0.0
0.8040219978922006 	 0.0
0.8050219978922006 	 0.0
0.8060219978922006 	 0.0
0.8070219978922006 	 0.0
0.8080219978922006 	 0.0
0.8090219978922006 	 0.0
0.8100219978922006 	 0.0
0.8110219978922006 	 0.0
0.8120219978922006 	 0.0
0.8130219978922006 	 0.0
0.8140219978922006 	 0.0
0.8150219978922006 	 0.0
0.8160219978922006 	 0.0
0.8170219978922006 	 0.0
0.8180219978922006 	 0.0
0.8190219978922006 	 0.0
0.8200219978922006 	 0.0
0.8210219978922007 	 0.0
0.8220219978922007 	 0.0
0.8230219978922007 	 0.0
0.8240219978922007 	 0.0
0.8250219978922007 	 0.0
0.8260219978922007 	 0.0
0.8270219978922007 	 0.0
0.8280219978922007 	 0.0
0.8290219978922007 	 0.0
0.8300219978922007 	 0.0
0.8310219978922007 	 0.0
0.8320219978922007 	 0.0
0.8330219978922007 	 0.0
0.8340219978922007 	 0.0
0.8350219978922007 	 0.0
0.8360219978922007 	 0.0
0.8370219978922007 	 0.0
0.8380219978922007 	 0.0
0.8390219978922007 	 0.0
0.8400219978922007 	 0.0
0.8410219978922007 	 0.0
0.8420219978922007 	 0.0
0.8430219978922007 	 0.0
0.8440219978922007 	 0.0
0.8450219978922007 	 0.0
0.8460219978922007 	 0.0
0.8470219978922007 	 0.0
0.8480219978922007 	 0.0
0.8490219978922007 	 0.0
0.8500219978922007 	 0.0
0.8510219978922007 	 0.0
0.8520219978922007 	 0.0
0.8530219978922007 	 0.0
0.8540219978922007 	 0.0
0.8550219978922007 	 0.0
0.8560219978922007 	 0.0
0.8570219978922007 	 0.0
0.8580219978922007 	 0.0
0.8590219978922007 	 0.0
0.8600219978922007 	 0.0
0.8610219978922007 	 0.0
0.8620219978922007 	 0.0
0.8630219978922007 	 0.0
0.8640219978922007 	 0.0
0.8650219978922007 	 0.0
0.8660219978922007 	 0.0
0.8670219978922007 	 0.0
0.8680219978922007 	 0.0
0.8690219978922007 	 0.0
0.8700219978922007 	 0.0
0.8710219978922007 	 0.0
0.8720219978922007 	 0.0
0.8730219978922007 	 0.0
0.8740219978922007 	 0.0
0.8750219978922007 	 0.0
0.8760219978922007 	 0.0
0.8770219978922007 	 0.0
0.8780219978922007 	 0.0
0.8790219978922007 	 0.0
0.8800219978922007 	 0.0
0.8810219978922007 	 0.0
0.8820219978922007 	 0.0
0.8830219978922007 	 0.0
0.8840219978922007 	 0.0
0.8850219978922007 	 0.0
0.8860219978922007 	 0.0
0.8870219978922007 	 0.0
0.8880219978922007 	 0.0
0.8890219978922007 	 0.0
0.8900219978922007 	 0.0
0.8910219978922007 	 0.0
0.8920219978922007 	 0.0
0.8930219978922007 	 0.0
0.8940219978922007 	 0.0
0.8950219978922007 	 0.0
0.8960219978922007 	 0.0
0.8970219978922007 	 0.0
0.8980219978922007 	 0.0
0.8990219978922007 	 0.0
0.9000219978922007 	 0.0
0.9010219978922007 	 0.0
0.9020219978922007 	 0.0
0.9030219978922007 	 0.0
0.9040219978922007 	 0.0
0.9050219978922007 	 0.0
0.9060219978922007 	 0.0
0.9070219978922007 	 0.0
0.9080219978922007 	 0.0
0.9090219978922007 	 0.0
0.9100219978922007 	 0.0
0.9110219978922007 	 0.0
0.9120219978922007 	 0.0
0.9130219978922007 	 0.0
0.9140219978922007 	 0.0
0.9150219978922007 	 0.0
0.9160219978922007 	 0.0
0.9170219978922007 	 0.0
0.9180219978922007 	 0.0
0.9190219978922007 	 0.0
0.9200219978922007 	 0.0
0.9210219978922007 	 0.0
0.9220219978922007 	 0.0
0.9230219978922007 	 0.0
0.9240219978922007 	 0.0
0.9250219978922007 	 0.0
0.9260219978922007 	 0.0
0.9270219978922007 	 0.0
0.9280219978922007 	 0.0
0.9290219978922007 	 0.0
0.9300219978922007 	 0.0
0.9310219978922007 	 0.0
0.9320219978922007 	 0.0
0.9330219978922007 	 0.0
0.9340219978922008 	 0.0
0.9350219978922008 	 0.0
0.9360219978922008 	 0.0
0.9370219978922008 	 0.0
0.9380219978922008 	 0.0
0.9390219978922008 	 0.0
0.9400219978922008 	 0.0
0.9410219978922008 	 0.0
0.9420219978922008 	 0.0
0.9430219978922008 	 0.0
0.9440219978922008 	 0.0
0.9450219978922008 	 0.0
0.9460219978922008 	 0.0
0.9470219978922008 	 0.0
0.9480219978922008 	 0.0
0.9490219978922008 	 0.0
0.9500219978922008 	 0.0
0.9510219978922008 	 0.0
0.9520219978922008 	 0.0
0.9530219978922008 	 0.0
0.9540219978922008 	 0.0
0.9550219978922008 	 0.0
0.9560219978922008 	 0.0
0.9570219978922008 	 0.0
0.9580219978922008 	 0.0
0.9590219978922008 	 0.0
0.9600219978922008 	 0.0
0.9610219978922008 	 0.0
0.9620219978922008 	 0.0
0.9630219978922008 	 0.0
0.9640219978922008 	 0.0
0.9650219978922008 	 0.0
0.9660219978922008 	 0.0
0.9670219978922008 	 0.0
0.9680219978922008 	 0.0
0.9690219978922008 	 0.0
0.9700219978922008 	 0.0
0.9710219978922008 	 0.0
0.9720219978922008 	 0.0
0.9730219978922008 	 0.0
0.9740219978922008 	 0.0
0.9750219978922008 	 0.0
0.9760219978922008 	 0.0
0.9770219978922008 	 0.0
0.9780219978922008 	 0.0
0.9790219978922008 	 0.0
0.9800219978922008 	 0.0
0.9810219978922008 	 0.0
0.9820219978922008 	 0.0
0.9830219978922008 	 0.0
0.9840219978922008 	 0.0
0.9850219978922008 	 0.0
0.9860219978922008 	 0.0
0.9870219978922008 	 0.0
0.9880219978922008 	 0.0
0.9890219978922008 	 0.0
0.9900219978922008 	 0.0
0.9910219978922008 	 0.0
0.9920219978922008 	 0.0
0.9930219978922008 	 0.0
0.9940219978922008 	 0.0
0.9950219978922008 	 0.0
0.9960219978922008 	 0.0
0.9970219978922008 	 0.0
0.9980219978922008 	 0.0
0.9990219978922008 	 0.0
1.0000219978922007 	 0.0
1.0010219978922006 	 0.0
1.0020219978922005 	 0.0
1.0030219978922004 	 0.0
1.0040219978922003 	 0.0
1.0050219978922001 	 0.0
1.0060219978922 	 0.0
1.0070219978922 	 0.0
1.0080219978921998 	 0.0
1.0090219978921997 	 0.0
1.0100219978921996 	 0.0
1.0110219978921995 	 0.0
1.0120219978921994 	 0.0
1.0130219978921993 	 0.0
1.0140219978921992 	 0.0
1.015021997892199 	 0.0
1.016021997892199 	 0.0
1.0170219978921988 	 0.0
1.0180219978921987 	 0.0
1.0190219978921986 	 0.0
1.0200219978921985 	 0.0
1.0210219978921984 	 0.0
1.0220219978921983 	 0.0
1.0230219978921982 	 0.0
1.024021997892198 	 0.0
1.025021997892198 	 0.0
1.0260219978921978 	 0.0
1.0270219978921977 	 0.0
1.0280219978921976 	 0.0
1.0290219978921975 	 0.0
1.0300219978921974 	 0.0
1.0310219978921973 	 0.0
1.0320219978921972 	 0.0
1.033021997892197 	 0.0
1.034021997892197 	 0.0
1.0350219978921968 	 0.0
1.0360219978921967 	 0.0
1.0370219978921966 	 0.0
1.0380219978921965 	 0.0
1.0390219978921964 	 0.0
1.0400219978921963 	 0.0
1.0410219978921962 	 0.0
1.042021997892196 	 0.0
1.043021997892196 	 0.0
1.0440219978921959 	 0.0
1.0450219978921957 	 0.0
1.0460219978921956 	 0.0
1.0470219978921955 	 0.0
1.0480219978921954 	 0.0
1.0490219978921953 	 0.0
1.0500219978921952 	 0.0
1.051021997892195 	 0.0
1.052021997892195 	 0.0
1.0530219978921949 	 0.0
1.0540219978921948 	 0.0
1.0550219978921946 	 0.0
1.0560219978921945 	 0.0
1.0570219978921944 	 0.0
1.0580219978921943 	 0.0
1.0590219978921942 	 0.0
1.060021997892194 	 0.0
1.061021997892194 	 0.0
1.0620219978921939 	 0.0
1.0630219978921938 	 0.0
1.0640219978921936 	 0.0
1.0650219978921935 	 0.0
1.0660219978921934 	 0.0
1.0670219978921933 	 0.0
1.0680219978921932 	 0.0
1.069021997892193 	 0.0
1.070021997892193 	 0.0
1.0710219978921929 	 0.0
1.0720219978921928 	 0.0
1.0730219978921927 	 0.0
1.0740219978921925 	 0.0
1.0750219978921924 	 0.0
1.0760219978921923 	 0.0
1.0770219978921922 	 0.0
1.078021997892192 	 0.0
1.079021997892192 	 0.0
1.0800219978921919 	 0.0
1.0810219978921918 	 0.0
1.0820219978921917 	 0.0
1.0830219978921916 	 0.0
1.0840219978921914 	 0.0
1.0850219978921913 	 0.0
1.0860219978921912 	 0.0
1.0870219978921911 	 0.0
1.088021997892191 	 0.0
1.089021997892191 	 0.0
1.0900219978921908 	 0.0
1.0910219978921907 	 0.0
1.0920219978921906 	 0.0
1.0930219978921905 	 0.0
1.0940219978921903 	 0.0
1.0950219978921902 	 0.0
1.0960219978921901 	 0.0
1.09702199789219 	 0.0
1.09802199789219 	 0.0
1.0990219978921898 	 0.0
1.1000219978921897 	 0.0
1.1010219978921896 	 0.0
1.1020219978921895 	 0.0
1.1030219978921894 	 0.0
1.1040219978921892 	 0.0
1.1050219978921891 	 0.0
1.106021997892189 	 0.0
1.107021997892189 	 0.0
1.1080219978921888 	 0.0
1.1090219978921887 	 0.0
1.1100219978921886 	 0.0
1.1110219978921885 	 0.0
1.1120219978921884 	 0.0
1.1130219978921883 	 0.0
1.1140219978921881 	 0.0
1.115021997892188 	 0.0
1.116021997892188 	 0.0
1.1170219978921878 	 0.0
1.1180219978921877 	 0.0
1.1190219978921876 	 0.0
1.1200219978921875 	 0.0
1.1210219978921874 	 0.0
1.1220219978921873 	 0.0
1.1230219978921872 	 0.0
1.124021997892187 	 0.0
1.125021997892187 	 0.0
1.1260219978921868 	 0.0
1.1270219978921867 	 0.0
1.1280219978921866 	 0.0
1.1290219978921865 	 0.0
1.1300219978921864 	 0.0
1.1310219978921863 	 0.0
1.1320219978921862 	 0.0
1.133021997892186 	 0.0
1.134021997892186 	 0.0
1.1350219978921858 	 1.5611196092917818e-07
1.1360219978921857 	 1.492452398483822e-07
1.1370219978921856 	 1.425935204545024e-07
1.1380219978921855 	 1.3615289891261076e-07
1.1390219978921854 	 1.2991947138778434e-07
1.1400219978921853 	 1.2388933404510562e-07
1.1410219978921852 	 1.1805858304964599e-07
1.142021997892185 	 1.1242331456649074e-07
1.143021997892185 	 1.069796247607096e-07
1.1440219978921848 	 1.0172360979738221e-07
1.1450219978921847 	 9.665136584158955e-08
1.1460219978921846 	 9.175898905839732e-08
1.1470219978921845 	 8.704257561289864e-08
1.1480219978921844 	 8.249822167015805e-08
1.1490219978921843 	 7.812202339525617e-08
1.1500219978921842 	 7.391007695327187e-08
1.151021997892184 	 6.985847850928297e-08
1.152021997892184 	 6.596332422836399e-08
1.1530219978921838 	 6.222071027559709e-08
1.1540219978921837 	 5.862673281605174e-08
1.1550219978921836 	 5.517748801480782e-08
1.1560219978921835 	 5.186907203694848e-08
1.1570219978921834 	 4.8697581047543184e-08
1.1580219978921833 	 4.5659111211673233e-08
1.1590219978921832 	 4.274975869441459e-08
1.160021997892183 	 3.996561966084707e-08
1.161021997892183 	 3.730279027604056e-08
1.1620219978921829 	 3.475736670507933e-08
1.1630219978921827 	 3.23254451130399e-08
1.1640219978921826 	 3.0003121664996305e-08
1.1650219978921825 	 2.7786492526027603e-08
1.1660219978921824 	 2.5671653861208896e-08
1.1670219978921823 	 2.3654701835621067e-08
1.1680219978921822 	 2.1731732614339007e-08
1.169021997892182 	 1.98988423624392e-08
1.170021997892182 	 1.81521272450027e-08
1.1710219978921819 	 1.6487683427101898e-08
1.1720219978921818 	 1.490160707381521e-08
1.1730219978921816 	 1.3389994350221974e-08
1.1740219978921815 	 1.1948941421397006e-08
1.1750219978921814 	 1.057454445241943e-08
1.1760219978921813 	 9.262899608364666e-09
1.1770219978921812 	 8.01010305431085e-09
1.178021997892181 	 6.812250955335093e-09
1.179021997892181 	 5.665439476513909e-09
1.1800219978921809 	 4.565764782925133e-09
1.1810219978921808 	 3.5093230396463893e-09
1.1820219978921807 	 2.4922104117540675e-09
1.1830219978921805 	 1.5114065903260433e-09
1.1840219978921804 	 1.1309568202224068e-09
1.1850219978921803 	 7.647799882944093e-10
1.1860219978921802 	 1.2610256444056933e-09
1.18702199789218 	 2.140050219207191e-09
1.18802199789218 	 3.003168688159221e-09
1.1890219978921799 	 3.854284886183481e-09
1.1900219978921798 	 4.697302648204565e-09
1.1910219978921797 	 5.5361258091436176e-09
1.1920219978921796 	 6.374658203924723e-09
1.1930219978921794 	 7.216803667470075e-09
1.1940219978921793 	 8.066466034702322e-09
1.1950219978921792 	 8.927549140544879e-09
1.1960219978921791 	 9.803956819920065e-09
1.197021997892179 	 1.0699592907750893e-08
1.198021997892179 	 1.1618361238960322e-08
1.1990219978921788 	 1.2564165648470884e-08
1.2000219978921787 	 1.3540909971205585e-08
1.2010219978921786 	 1.4552498042087132e-08
1.2020219978921785 	 1.5602833696038446e-08
1.2030219978921783 	 1.669582076798226e-08
1.2040219978921782 	 1.7835363092841416e-08
1.2050219978921781 	 1.9025364505538767e-08
1.206021997892178 	 2.0269728840997144e-08
1.207021997892178 	 2.1572359934139316e-08
1.2080219978921778 	 2.293716161988811e-08
1.2090219978921777 	 2.436803773316636e-08
1.2100219978921776 	 2.5868892108896885e-08
1.2110219978921775 	 2.7443628582002494e-08
1.2120219978921773 	 2.9096150987406013e-08
1.2130219978921772 	 3.0830363160030264e-08
1.2140219978921771 	 3.265016893479806e-08
1.215021997892177 	 3.4559472146632206e-08
1.216021997892177 	 3.656217663045555e-08
1.2170219978921768 	 3.866218622119089e-08
1.2180219978921767 	 4.086340475376105e-08
1.2190219978921766 	 4.3169736063088844e-08
1.2200219978921765 	 4.558508398571975e-08
1.2210219978921764 	 4.811351506880551e-08
1.2220219978921762 	 5.0759705159663435e-08
1.2230219978921761 	 5.3528472700040166e-08
1.224021997892176 	 5.642463613168229e-08
1.225021997892176 	 5.945301389780325e-08
1.2260219978921758 	 6.261857152459833e-08
1.2270219978921757 	 6.592682531787874e-08
1.2280219978921756 	 6.938342048232922e-08
1.2290219978921755 	 7.299400222263454e-08
1.2300219978921754 	 7.676421574531686e-08
1.2310219978921753 	 8.069989050189462e-08
1.2320219978921751 	 8.480754588358572e-08
1.233021997892175 	 8.909386274809579e-08
1.234021997892175 	 9.35655219531303e-08
1.2350219978921748 	 9.822920435852038e-08
1.2360219978921747 	 1.0309180395475741e-07
1.2370219978921746 	 1.0816101283978105e-07
1.2380219978921745 	 1.1344470989250085e-07
1.2390219978921744 	 1.189507739918265e-07
1.2400219978921743 	 1.2468708401917764e-07
1.2410219978921742 	 1.3066177054045726e-07
1.242021997892174 	 1.368839066009861e-07
1.243021997892174 	 1.43362785814406e-07
1.2440219978921738 	 1.5010770179435897e-07
1.2450219978921737 	 1.5712794815742944e-07
1.2460219978921736 	 1.6443311358271982e-07
1.2470219978921735 	 1.7203389166587864e-07
1.2480219978921734 	 1.7994123458601332e-07
1.2490219978921733 	 1.8816609452223106e-07
1.2500219978921732 	 1.9671942365715222e-07
1.251021997892173 	 2.056125264341368e-07
1.252021997892173 	 2.1485802640248331e-07
1.2530219978921728 	 2.2446885582166198e-07
1.2540219978921727 	 2.3445794695114262e-07
1.2550219978921726 	 2.448382320544778e-07
1.2560219978921725 	 2.556230527689552e-07
1.2570219978921724 	 2.6682728370804946e-07
1.2580219978921723 	 2.7846615824742956e-07
1.2590219978921722 	 2.90554909762764e-07
1.260021997892172 	 3.031087716346002e-07
1.261021997892172 	 3.1614346639433084e-07
1.2620219978921718 	 3.296765482897825e-07
1.2630219978921717 	 3.4372600024511303e-07
1.2640219978921716 	 3.583098051844799e-07
1.2650219978921715 	 3.734459460378219e-07
1.2660219978921714 	 3.891529854419362e-07
1.2670219978921713 	 4.0545165685390656e-07
1.2680219978921712 	 4.22363201767573e-07
1.269021997892171 	 4.3990886167677517e-07
1.270021997892171 	 4.581098780822349e-07
1.2710219978921709 	 4.769881825429591e-07
1.2720219978921707 	 4.965682906697083e-07
1.2730219978921706 	 5.168753228184997e-07
1.2740219978921705 	 5.379343993453507e-07
1.2750219978921704 	 5.597706406144931e-07
1.2760219978921703 	 5.824099907227706e-07
1.2770219978921702 	 6.058814783871872e-07
1.27802199789217 	 6.302148542179556e-07
1.27902199789217 	 6.554398688252882e-07
1.2800219978921699 	 6.815862728292371e-07
1.2810219978921698 	 7.086848034846871e-07
1.2820219978921696 	 7.367698926843886e-07
1.2830219978921695 	 7.658768369766555e-07
1.2840219978921694 	 7.960409329098015e-07
1.2850219978921693 	 8.272974770439685e-07
1.2860219978921692 	 8.596829520287246e-07
1.287021997892169 	 8.932382820463713e-07
1.288021997892169 	 9.280054307304704e-07
1.2890219978921689 	 9.64026361714583e-07
1.2900219978921688 	 1.0013430386465492e-06
1.2910219978921686 	 1.0399988568395755e-06
1.2920219978921685 	 1.080042572744446e-06
1.2930219978921684 	 1.1215241974781952e-06
1.2940219978921683 	 1.1644937421578564e-06
1.2950219978921682 	 1.2090012179177742e-06
1.296021997892168 	 1.255098371737301e-06
1.297021997892168 	 1.3028434507906768e-06
1.2980219978921679 	 1.3522962234918067e-06
1.2990219978921678 	 1.4035164582545948e-06
1.3000219978921677 	 1.45656392351404e-06
1.3010219978921675 	 1.5115005027649997e-06
1.3020219978921674 	 1.5683959997378556e-06
1.3030219978921673 	 1.6273220717345578e-06
1.3040219978921672 	 1.6883503760570563e-06
1.305021997892167 	 1.7515525700331433e-06
1.306021997892167 	 1.8170029022119646e-06
1.3070219978921669 	 1.8847853244535752e-06
1.3080219978921668 	 1.9549860594824753e-06
1.3090219978921667 	 2.0276913300231627e-06
1.3100219978921666 	 2.1029873588319847e-06
1.3110219978921664 	 2.1809635621289368e-06
1.3120219978921663 	 2.261721314653357e-06
1.3130219978921662 	 2.345364789795126e-06
1.3140219978921661 	 2.4319981609441252e-06
1.315021997892166 	 2.5217256015297496e-06
1.316021997892166 	 2.6146552471940863e-06
1.3170219978921658 	 2.710910070822515e-06
1.3180219978921657 	 2.8106165176583033e-06
1.3190219978921656 	 2.91390103294472e-06
1.3200219978921655 	 3.02089006197439e-06
1.3210219978921653 	 3.1317149990374925e-06
1.3220219978921652 	 3.2465257708671723e-06
1.3230219978921651 	 3.365476641341509e-06
1.324021997892165 	 3.4887218743385846e-06
1.325021997892165 	 3.6164157337986945e-06
1.3260219978921648 	 3.748718722090234e-06
1.3270219978921647 	 3.885814702537368e-06
1.3280219978921646 	 4.027893005625354e-06
1.3290219978921645 	 4.175142961839442e-06
1.3300219978921644 	 4.327753901743631e-06
1.3310219978921642 	 4.485923051969258e-06
1.3320219978921641 	 4.649877207442243e-06
1.333021997892164 	 4.8198500829521965e-06
1.334021997892164 	 4.99607539328873e-06
1.3350219978921638 	 5.17878685334321e-06
1.3360219978921637 	 5.368228381904731e-06
1.3370219978921636 	 5.564682108157632e-06
1.3380219978921635 	 5.768439103659499e-06
1.3390219978921634 	 5.979790439967915e-06
1.3400219978921633 	 6.19902718876846e-06
1.3410219978921631 	 6.4264532558838e-06
1.342021997892163 	 6.662420606952965e-06
1.343021997892163 	 6.907292455046835e-06
1.3440219978921628 	 7.161432013236279e-06
1.3450219978921627 	 7.425202494766616e-06
1.3460219978921626 	 7.698984604909418e-06
1.3470219978921625 	 7.983224551085999e-06
1.3480219978921624 	 8.278383870176268e-06
1.3490219978921623 	 8.58492409906013e-06
1.3500219978921622 	 8.90330677483557e-06
1.351021997892162 	 9.234015302070083e-06
1.352021997892162 	 9.577614972143001e-06
1.3530219978921618 	 9.934690240392339e-06
1.3540219978921617 	 1.0305825562156106e-05
1.3550219978921616 	 1.0691605393064531e-05
1.3560219978921615 	 1.1092643490238023e-05
1.3570219978921614 	 1.1509663335683617e-05
1.3580219978921613 	 1.1943414090307646e-05
1.3590219978921612 	 1.2394644915016417e-05
1.360021997892161 	 1.2864104971090675e-05
1.361021997892161 	 1.3352580964195575e-05
1.3620219978921608 	 1.3861000191935382e-05
1.3630219978921607 	 1.439032285462546e-05
1.3640219978921606 	 1.4941509152581161e-05
1.3650219978921605 	 1.5515519286585245e-05
1.3660219978921604 	 1.611336032490487e-05
1.3670219978921603 	 1.673621483983039e-05
1.3680219978921602 	 1.7385306476833258e-05
1.36902199789216 	 1.8061858881384886e-05
1.37002199789216 	 1.8767095699493487e-05
1.3710219978921598 	 1.9502294403549805e-05
1.3720219978921597 	 2.0268934028857577e-05
1.3730219978921596 	 2.1068540782459844e-05
1.3740219978921595 	 2.1902640871399607e-05
1.3750219978921594 	 2.277276050323658e-05
1.3760219978921593 	 2.368047769421657e-05
1.3770219978921592 	 2.4627564467858617e-05
1.378021997892159 	 2.5615838251175772e-05
1.379021997892159 	 2.664711647118102e-05
1.3800219978921588 	 2.7723216555212827e-05
1.3810219978921587 	 2.884598856212065e-05
1.3820219978921586 	 3.0017404745523756e-05
1.3830219978921585 	 3.1239465956265654e-05
1.3840219978921584 	 3.2514173045189805e-05
1.3850219978921583 	 3.384352686311607e-05
1.3860219978921582 	 3.522952588845184e-05
1.387021997892158 	 3.667415971566446e-05
1.388021997892158 	 3.817941586011405e-05
1.3890219978921579 	 3.974728183716072e-05
1.3900219978921577 	 4.137974516182735e-05
1.3910219978921576 	 4.3078759534165403e-05
1.3920219978921575 	 4.48461520277687e-05
1.3930219978921574 	 4.668372008185958e-05
1.3940219978921573 	 4.8593261135660324e-05
1.3950219978921572 	 5.057657262796622e-05
1.396021997892157 	 5.263540917500317e-05
1.397021997892157 	 5.477136503591147e-05
1.3980219978921569 	 5.698599694148604e-05
1.3990219978921568 	 5.928086162252172e-05
1.4000219978921566 	 6.165751580950661e-05
1.4010219978921565 	 6.411748547210635e-05
1.4020219978921564 	 6.666218139035832e-05
1.4030219978921563 	 6.929298738648801e-05
1.4040219978921562 	 7.201128728272083e-05
1.405021997892156 	 7.481846490115708e-05
1.406021997892156 	 7.771589151234143e-05
1.4070219978921559 	 8.070489138518134e-05
1.4080219978921558 	 8.378677778879798e-05
1.4090219978921557 	 8.696286399231243e-05
1.4100219978921555 	 9.023446326489315e-05
1.4110219978921554 	 9.360289362322318e-05
1.4120219978921553 	 9.70694908619379e-05
1.4130219978921552 	 0.0001006355949362443
1.414021997892155 	 0.00010430254580134937
1.415021997892155 	 0.00010807168341255772
1.4160219978921549 	 0.00011194435751204087
1.4170219978921548 	 0.00011592195449071607
1.4180219978921547 	 0.00012000586931640124
1.4190219978921546 	 0.0001241974969569143
1.4200219978921544 	 0.0001284982323803249
1.4210219978921543 	 0.00013290949579750522
1.4220219978921542 	 0.00013743280194570298
1.4230219978921541 	 0.0001420696876841596
1.424021997892154 	 0.00014682168987211657
1.425021997892154 	 0.00015169034536905953
1.4260219978921538 	 0.00015667721552247205
1.4270219978921537 	 0.00016178395337970573
1.4280219978921536 	 0.00016701223344861907
1.4290219978921535 	 0.0001723637302370706
1.4300219978921533 	 0.0001778401182531907
1.4310219978921532 	 0.0001834430992775611
1.4320219978921531 	 0.00018917447721753574
1.433021997892153 	 0.0001950360798811824
1.434021997892153 	 0.00020102973507656874
1.4350219978921528 	 0.00020715727061208517
1.4360219978921527 	 0.0002134205466553582
1.4370219978921526 	 0.00021982154454919963
1.4380219978921525 	 0.00022636227399503242
1.4390219978921523 	 0.00023304474469427945
1.4400219978921522 	 0.00023987096634869718
1.4410219978921521 	 0.00024684298209193755
1.442021997892152 	 0.0002539629602496125
1.443021997892152 	 0.0002612330984459901
1.4440219978921518 	 0.00026865559430533825
1.4450219978921517 	 0.0002762326454522858
1.4460219978921516 	 0.0002839664857084108
1.4470219978921515 	 0.0002918594844415068
1.4480219978921514 	 0.000299914042741229
1.4490219978921512 	 0.0003081325616972323
1.4500219978921511 	 0.00031651744239954635
1.451021997892151 	 0.00032507112350161737
1.452021997892151 	 0.00033379618432010055
1.4530219978921508 	 0.0003426952370910414
1.4540219978921507 	 0.0003517708940504856
1.4550219978921506 	 0.0003610257674349043
1.4560219978921505 	 0.0003704625121698827
1.4570219978921504 	 0.0003800839430383429
1.4580219978921503 	 0.0003898929122345962
1.4590219978921501 	 0.0003998922719529542
1.46002199789215 	 0.00041008487438806273
1.46102199789215 	 0.0004204736052955419
1.4620219978921498 	 0.000431061476106328
1.4630219978921497 	 0.000441851527663134
1.4640219978921496 	 0.000452846800808672
1.4650219978921495 	 0.0004640503363863022
1.4660219978921494 	 0.000475465240167291
1.4670219978921493 	 0.0004870948610575404
1.4680219978921492 	 0.0004989426048637166
1.469021997892149 	 0.0005110118773924853
1.470021997892149 	 0.0005233060844506868
1.4710219978921488 	 0.0005358286493392343
1.4720219978921487 	 0.0005485830608688562
1.4730219978921486 	 0.000561572823181533
1.4740219978921485 	 0.000574801440419245
1.4750219978921484 	 0.0005882724167246636
1.4760219978921483 	 0.0006019893255023956
1.4770219978921482 	 0.0006159559995212637
1.478021997892148 	 0.000630176332249061
1.479021997892148 	 0.0006446542171535804
1.4800219978921478 	 0.0006593935477029345
1.4810219978921477 	 0.0006743982494442585
1.4820219978921476 	 0.0006896723680505638
1.4830219978921475 	 0.0007052199773079018
1.4840219978921474 	 0.0007210451510023243
1.4850219978921473 	 0.0007371519629205206
1.4860219978921472 	 0.0007535445507613428
1.487021997892147 	 0.0007702272915546418
1.488021997892147 	 0.0007872046183408669
1.4890219978921468 	 0.0008044809641604668
1.4900219978921467 	 0.0008220607620541303
1.4910219978921466 	 0.0008399484690476731
1.4920219978921465 	 0.0008581486319836898
1.4930219978921464 	 0.0008766658187245826
1.4940219978921463 	 0.0008955045971327528
1.4950219978921462 	 0.0009146695350711664
1.496021997892146 	 0.0009341652569226126
1.497021997892146 	 0.0009539965987188866
1.4980219978921459 	 0.0009741684460239701
1.4990219978921457 	 0.0009946856844018446
1.5000219978921456 	 0.0010155531994167886
1.5010219978921455 	 0.0010367759064429665
1.5020219978921454 	 0.0010583588324832097
1.5030219978921453 	 0.001080307030664792
1.5040219978921452 	 0.001102625554114985
1.505021997892145 	 0.001125319455961357
1.506021997892145 	 0.001148393818922118
1.5070219978921449 	 0.0011718538365231485
1.5080219978921447 	 0.0011957047282226334
1.5090219978921446 	 0.0012199517134787556
1.5100219978921445 	 0.0012446000117498552
1.5110219978921444 	 0.0012696548579892602
1.5120219978921443 	 0.0012951215451741799
1.5130219978921442 	 0.0013210053798611429
1.514021997892144 	 0.0013473116686066775
1.515021997892144 	 0.0013740457179673223
1.5160219978921439 	 0.0014012128354574354
1.5170219978921438 	 0.0014288183321781154
1.5180219978921436 	 0.0014568675200698625
1.5190219978921435 	 0.0014853657110731771
1.5200219978921434 	 0.0015143182171283621
1.5210219978921433 	 0.0015437303301348115
1.5220219978921432 	 0.0015736072669450167
1.523021997892143 	 0.0016039542268482536
1.524021997892143 	 0.0016347764091337962
1.5250219978921429 	 0.0016660790130904638
1.5260219978921428 	 0.0016978671922307773
1.5270219978921427 	 0.0017301459286493894
1.5280219978921425 	 0.001762920164324053
1.5290219978921424 	 0.001796194841232521
1.5300219978921423 	 0.0018299749013517596
1.5310219978921422 	 0.0018642652077442252
1.532021997892142 	 0.001899070327962291
1.533021997892142 	 0.0019343947604001507
1.5340219978921419 	 0.0019702430034519974
1.5350219978921418 	 0.0020066195555108373
1.5360219978921417 	 0.002043528795937561
1.5370219978921416 	 0.002080974658355137
1.5380219978921414 	 0.0021189609720705565
1.5390219978921413 	 0.002157491566390806
1.5400219978921412 	 0.002196570270621202
1.5410219978921411 	 0.0022362007463558693
1.542021997892141 	 0.0022763860271631416
1.543021997892141 	 0.0023171289996345703
1.5440219978921408 	 0.0023584325503617056
1.5450219978921407 	 0.002400299565933857
1.5460219978921406 	 0.002442732708372133
1.5470219978921405 	 0.002485733798760186
1.5480219978921403 	 0.0025293044613772
1.5490219978921402 	 0.0025734463205023548
1.5500219978921401 	 0.0026181610004119386
1.55102199789214 	 0.0026634498348890173
1.55202199789214 	 0.002709313069910708
1.5530219978921398 	 0.0027557506968750563
1.5540219978921397 	 0.0028027627071801125
1.5550219978921396 	 0.0028503490922203037
1.5560219978921395 	 0.0028985094805905414
1.5570219978921394 	 0.0029472421423153783
1.5580219978921392 	 0.002996545029473344
1.5590219978921391 	 0.0030464160941429666
1.560021997892139 	 0.0030968532883983873
1.561021997892139 	 0.003147854124281299
1.5620219978921388 	 0.0031994144660499515
1.5630219978921387 	 0.003251529792332071
1.5640219978921386 	 0.0033041955817553884
1.5650219978921385 	 0.0033574073129424295
1.5660219978921384 	 0.003411159942913508
1.5670219978921383 	 0.003465446475452315
1.5680219978921381 	 0.003520259457226862
1.569021997892138 	 0.0035755914349051557
1.570021997892138 	 0.0036314349551492577
1.5710219978921378 	 0.003687781968009878
1.5720219978921377 	 0.003744622189415446
1.5730219978921376 	 0.003801944812443069
1.5740219978921375 	 0.003859739030169857
1.5750219978921374 	 0.003917994035666292
1.5760219978921373 	 0.003976698356964715
1.5770219978921372 	 0.004035838031738338
1.578021997892137 	 0.004095398514841984
1.579021997892137 	 0.004155365261130479
1.5800219978921368 	 0.004215723725451516
1.5810219978921367 	 0.00427645864789736
1.5820219978921366 	 0.004337552092025467
1.5830219978921365 	 0.004398985495004236
1.5840219978921364 	 0.004460740294002067
1.5850219978921363 	 0.004522797926180011
1.5860219978921362 	 0.0045851390919051885
1.587021997892136 	 0.004647741732482627
1.588021997892136 	 0.004710583143514456
1.5890219978921358 	 0.004773640620602803
1.5900219978921357 	 0.004836891459342572
1.5910219978921356 	 0.004900312231056202
1.5920219978921355 	 0.004963876794893008
1.5930219978921354 	 0.005027558375272817
1.5940219978921353 	 0.005091330196615462
1.5950219978921352 	 0.0051551654833341416
1.596021997892135 	 0.005219036795163258
1.597021997892135 	 0.005282914202823677
1.5980219978921348 	 0.005346767194532788
1.5990219978921347 	 0.005410565258507973
1.6000219978921346 	 0.005474277882961114
1.6010219978921345 	 0.005537874003836402
1.6020219978921344 	 0.005601320489008801
1.6030219978921343 	 0.005664583722363349
1.6040219978921342 	 0.005727630087785073
1.605021997892134 	 0.005790425969155146
1.606021997892134 	 0.0058529373629053905
1.6070219978921338 	 0.0059151288145914225
1.6080219978921337 	 0.005976964530220509
1.6090219978921336 	 0.006038408715799916
1.6100219978921335 	 0.006099425577335206
1.6110219978921334 	 0.006159979150124985
1.6120219978921333 	 0.00622003283022387
1.6130219978921332 	 0.0062795498640842995
1.614021997892133 	 0.006338493498158709
1.615021997892133 	 0.006396826978900399
1.6160219978921329 	 0.006454513638757578
1.6170219978921327 	 0.006511517132202457
1.6180219978921326 	 0.00656780118907047
1.6190219978921325 	 0.006623329539197055
1.6200219978921324 	 0.006678065912421295
1.6210219978921323 	 0.006731974404622691
1.6220219978921322 	 0.006785020482387249
1.623021997892132 	 0.006837169933087222
1.624021997892132 	 0.0068883885440948565
1.6250219978921319 	 0.006938642102788873
1.6260219978921318 	 0.0069878970451514345
1.6270219978921316 	 0.007036122235981106
1.6280219978921315 	 0.007083287108491996
1.6290219978921314 	 0.007129361095898212
1.6300219978921313 	 0.007174313631422877
1.6310219978921312 	 0.007218115051668385
1.632021997892131 	 0.007260739076109059
1.633021997892131 	 0.007302160215912259
1.6340219978921309 	 0.007342352982245332
1.6350219978921308 	 0.007381291886286761
1.6360219978921307 	 0.0074189525545418165
1.6370219978921305 	 0.007455314790064664
1.6380219978921304 	 0.007490359373346608
1.6390219978921303 	 0.0075240670848789395
1.6400219978921302 	 0.007556418705165462
1.64102199789213 	 0.0075873962683072685
1.64202199789213 	 0.007616986502733979
1.6430219978921299 	 0.007645177235488236
1.6440219978921298 	 0.007671956293612681
1.6450219978921297 	 0.0076973115041630924
1.6460219978921296 	 0.00772123201131969
1.6470219978921294 	 0.007743711891480458
1.6480219978921293 	 0.007764746375329592
1.6490219978921292 	 0.0077843306935512875
1.650021997892129 	 0.007802460076842606
1.651021997892129 	 0.007819131047046044
1.652021997892129 	 0.007834344960938563
1.6530219978921288 	 0.007848104306816147
1.6540219978921287 	 0.00786041157297477
1.6550219978921286 	 0.007871269247722346
1.6560219978921285 	 0.007880681015633894
1.6570219978921283 	 0.00788865504092941
1.6580219978921282 	 0.007895200536199555
1.6590219978921281 	 0.007900326714034983
1.660021997892128 	 0.007904042787036668
1.661021997892128 	 0.00790635900201064
1.6620219978921278 	 0.007907289478536361
1.6630219978921277 	 0.007906849242537909
1.6640219978921276 	 0.007905053319939348
1.6650219978921275 	 0.007901916736673054
1.6660219978921273 	 0.00789745535161962
1.6670219978921272 	 0.007891688142789306
1.6680219978921271 	 0.007884634818161845
1.669021997892127 	 0.00787631508571697
1.670021997892127 	 0.007866748653440498
1.6710219978921268 	 0.007855955839187865
1.6720219978921267 	 0.007843959244584892
1.6730219978921266 	 0.007830782005727854
1.6740219978921265 	 0.007816447258713024
1.6750219978921264 	 0.007800978139640525
1.6760219978921262 	 0.007784398170644622
1.6770219978921261 	 0.007766732319436319
1.678021997892126 	 0.007748005892034733
1.679021997892126 	 0.00772824419445898
1.6800219978921258 	 0.00770747253272995
1.6810219978921257 	 0.007685716390426759
1.6820219978921256 	 0.007663001916028374
1.6830219978921255 	 0.0076393554136201846
1.6840219978921254 	 0.007614803187287578
1.6850219978921253 	 0.0075893715411159
1.6860219978921251 	 0.00756308677522427
1.687021997892125 	 0.007535975174879554
1.688021997892125 	 0.007508063021872728
1.6890219978921248 	 0.007479376597994787
1.6900219978921247 	 0.007449942185035197
1.6910219978921246 	 0.007419785912822502
1.6920219978921245 	 0.0073889333421392625
1.6930219978921244 	 0.00735740990059429
1.6940219978921243 	 0.007325241015796393
1.6950219978921242 	 0.0072924521153517555
1.696021997892124 	 0.007259068363023922
1.697021997892124 	 0.007225113934568568
1.6980219978921238 	 0.0071906127745180355
1.6990219978921237 	 0.0071555888274046605
1.7000219978921236 	 0.007120066037757379
1.7010219978921235 	 0.0070840680084709355
1.7020219978921234 	 0.007047617063127254
1.7030219978921233 	 0.007010735225910869
1.7040219978921232 	 0.006973444521006309
1.705021997892123 	 0.006935766972594239
1.706021997892123 	 0.006897724217077031
1.7070219978921228 	 0.006859336438749046
1.7080219978921227 	 0.006820623482068018
1.7090219978921226 	 0.006781605191491677
1.7100219978921225 	 0.006742301411473681
1.7110219978921224 	 0.006702731577817014
1.7120219978921223 	 0.006662913596056146
1.7130219978921222 	 0.006622865013597023
1.714021997892122 	 0.006582603377845586
1.715021997892122 	 0.006542146236203705
1.7160219978921218 	 0.006501510726860128
1.7170219978921217 	 0.006460712455628896
1.7180219978921216 	 0.00641976666970262
1.7190219978921215 	 0.006378688616273911
1.7200219978921214 	 0.006337493542531453
1.7210219978921213 	 0.006296196302072074
1.7220219978921212 	 0.006254810274614588
1.723021997892121 	 0.0062133484949463596
1.724021997892121 	 0.00617182399785474
1.7250219978921209 	 0.006130249818123422
1.7260219978921207 	 0.00608863862220972
1.7270219978921206 	 0.00604700169730429
1.7280219978921205 	 0.006005350007808205
1.7290219978921204 	 0.005963694518122542
1.7300219978921203 	 0.005922046192645012
1.7310219978921202 	 0.005880415658871338
1.73202199789212 	 0.005838812282704974
1.73302199789212 	 0.0057972451347991305
1.7340219978921199 	 0.005755723285807011
1.7350219978921197 	 0.0057142558063788505
1.7360219978921196 	 0.00567285146941927
1.7370219978921195 	 0.005631517932869005
1.7380219978921194 	 0.005590262593733948
1.7390219978921193 	 0.005549092849019991
1.7400219978921192 	 0.005508016095730343
1.741021997892119 	 0.005467039461493557
1.742021997892119 	 0.005426169065214636
1.7430219978921189 	 0.005385410789727163
1.7440219978921188 	 0.005344770517864715
1.7450219978921186 	 0.005304254132458634
1.7460219978921185 	 0.005263867292068394
1.7470219978921184 	 0.005223614815425698
1.7480219978921183 	 0.005183501324717477
1.7490219978921182 	 0.005143531442130658
1.750021997892118 	 0.0051037097898502075
1.751021997892118 	 0.0050640407927096676
1.7520219978921179 	 0.005024528136523449
1.7530219978921178 	 0.004985175334153423
1.7540219978921177 	 0.00494598589846146
1.7550219978921175 	 0.004906963342307811
1.7560219978921174 	 0.004868111016353578
1.7570219978921173 	 0.004829431663874943
1.7580219978921172 	 0.004790927886001887
1.759021997892117 	 0.004752602283864376
1.760021997892117 	 0.004714457458591035
1.7610219978921169 	 0.004676495874900764
1.7620219978921168 	 0.004638719486700897
1.7630219978921167 	 0.004601130128353612
1.7640219978921166 	 0.004563729634221083
1.7650219978921164 	 0.004526519838664411
1.7660219978921163 	 0.004489502468038628
1.7670219978921162 	 0.0044526788442499285
1.7680219978921161 	 0.004416050194551408
1.769021997892116 	 0.004379617746196164
1.770021997892116 	 0.004343382726436394
1.7710219978921158 	 0.004307346272917234
1.7720219978921157 	 0.004271509187733461
1.7730219978921156 	 0.004235872194451059
1.7740219978921155 	 0.004200436016636003
1.7750219978921153 	 0.004165201377853613
1.7760219978921152 	 0.004130168935553109
1.7770219978921151 	 0.0040953390995996306
1.778021997892115 	 0.0040607122219162625
1.779021997892115 	 0.004026288654426085
1.7800219978921148 	 0.003992068749051669
1.7810219978921147 	 0.003958052806433664
1.7820219978921146 	 0.003924240935178016
1.7830219978921145 	 0.0038906331989488185
1.7840219978921144 	 0.003857229661410162
1.7850219978921142 	 0.0038240303862257866
1.7860219978921141 	 0.003791035401525815
1.787021997892114 	 0.0037582446023781274
1.788021997892114 	 0.0037256578527100704
1.7890219978921138 	 0.003693275016448986
1.7900219978921137 	 0.003661095957521991
1.7910219978921136 	 0.0036291205167425502
1.7920219978921135 	 0.0035973484483707695
1.7930219978921134 	 0.003565779486410685
1.7940219978921133 	 0.0035344133648663317
1.7950219978921131 	 0.0035032498177416335
1.796021997892113 	 0.0034722885677959097
1.797021997892113 	 0.0034415292956809676
1.7980219978921128 	 0.003410971672194202
1.7990219978921127 	 0.0033806153681330046
1.8000219978921126 	 0.0033504600542947423
1.8010219978921125 	 0.003320505398737018
1.8020219978921124 	 0.003290751059257882
1.8030219978921123 	 0.0032611966912543438
1.8040219978921122 	 0.0032318419501234136
1.805021997892112 	 0.003202686491262166
1.806021997892112 	 0.003173729976789137
1.8070219978921118 	 0.003144972093992615
1.8080219978921117 	 0.0031164125360513637
1.8090219978921116 	 0.003088050996144144
1.8100219978921115 	 0.0030598871674498533
1.8110219978921114 	 0.003031920756574935
1.8120219978921113 	 0.003004151520407778
1.8130219978921112 	 0.0029765792276042475
1.814021997892111 	 0.00294920364682021
1.815021997892111 	 0.002922024546711729
1.8160219978921108 	 0.002895041715758998
1.8170219978921107 	 0.00286825501667736
1.8180219978921106 	 0.0028416643295553976
1.8190219978921105 	 0.002815269534481694
1.8200219978921104 	 0.002789070511545086
1.8210219978921103 	 0.0027630671663213414
1.8220219978921102 	 0.0027372594998267847
1.82302199789211 	 0.0027116475354136823
1.82402199789211 	 0.002686231296434297
1.8250219978921098 	 0.002661010806241194
1.8260219978921097 	 0.0026359861181415372
1.8270219978921096 	 0.002611157397613083
1.8280219978921095 	 0.002586524836384851
1.8290219978921094 	 0.0025620886261858624
1.8300219978921093 	 0.0025378489587454785
1.8310219978921092 	 0.0025138060599118792
1.832021997892109 	 0.0024899602832975246
1.833021997892109 	 0.002466312012415527
1.8340219978921088 	 0.0024428616307790012
1.8350219978921087 	 0.0024196095219014327
1.8360219978921086 	 0.0023965561065624717
1.8370219978921085 	 0.0023737019450918643
1.8380219978921084 	 0.002351047630478247
1.8390219978921083 	 0.0023285937557102556
1.8400219978921082 	 0.00230634091377692
1.841021997892108 	 0.0022842897373145745
1.842021997892108 	 0.00226244100742626
1.8430219978921079 	 0.0022407955399606607
1.8440219978921077 	 0.00221935415076646
1.8450219978921076 	 0.0021981176556927534
1.8460219978921075 	 0.0021770869118878013
1.8470219978921074 	 0.002156262931152277
1.8480219978921073 	 0.0021356467614801365
1.8490219978921072 	 0.0021152394508653334
1.850021997892107 	 0.002095042047302239
1.851021997892107 	 0.0020750556403582162
1.8520219978921069 	 0.002055281475278444
1.8530219978921068 	 0.0020357208337413567
1.8540219978921066 	 0.002016374997425391
1.8550219978921065 	 0.0019972452480093907
1.8560219978921064 	 0.0019783329081775585
1.8570219978921063 	 0.0019596394541662996
1.8580219978921062 	 0.001941166398147819
1.859021997892106 	 0.0019229152522943216
1.860021997892106 	 0.0019048875287784007
1.8610219978921059 	 0.001887084778724103
1.8620219978921058 	 0.0018695086991164498
1.8630219978921057 	 0.001852161021076285
1.8640219978921055 	 0.0018350434757244513
1.8650219978921054 	 0.0018181577941821388
1.8660219978921053 	 0.0018015057422595326
1.8670219978921052 	 0.001785089215666226
1.868021997892105 	 0.0017689101405121523
1.869021997892105 	 0.0017529704429072434
1.8700219978921049 	 0.0017372720489617307
1.8710219978921048 	 0.0017218169147132868
1.8720219978921047 	 0.0017066071082684634
1.8730219978921046 	 0.0016916447239612737
1.8740219978921044 	 0.001676931856125734
1.8750219978921043 	 0.0016624705990960702
1.8760219978921042 	 0.0016482630684950812
1.877021997892104 	 0.001634311459664585
1.878021997892104 	 0.0016206179866030351
1.879021997892104 	 0.00160718486330888
1.8800219978921038 	 0.0015940143037806893
1.8810219978921037 	 0.0015811085339430943
1.8820219978921036 	 0.0015684698243800827
1.8830219978921034 	 0.0015561004561272654
1.8840219978921033 	 0.001544002710220253
1.8850219978921032 	 0.0015321788676946496
1.8860219978921031 	 0.0015206312088489053
1.887021997892103 	 0.0015093620112210625
1.888021997892103 	 0.0014983735517031488
1.8890219978921028 	 0.0014876681071871885
1.8900219978921027 	 0.001477247954565056
1.8910219978921026 	 0.0014671153555266387
1.8920219978921025 	 0.0014572725148351549
1.8930219978921023 	 0.0014477216239312824
1.8940219978921022 	 0.0014384648742556984
1.8950219978921021 	 0.0014295044572487567
1.896021997892102 	 0.0014208425317986531
1.897021997892102 	 0.0014124811348959721
1.8980219978921018 	 0.0014044222750036162
1.8990219978921017 	 0.0013966679605844888
1.9000219978921016 	 0.0013892202001009925
1.9010219978921015 	 0.0013820809518718658
1.9020219978921014 	 0.0013752519864435552
1.9030219978921012 	 0.0013687350304181873
1.9040219978921011 	 0.0013625318103978863
1.905021997892101 	 0.0013566440529840596
1.906021997892101 	 0.001351073412771302
1.9070219978921008 	 0.0013458212747112855
1.9080219978921007 	 0.0013408889606511903
1.9090219978921006 	 0.0013362777924381957
1.9100219978921005 	 0.0013319890919185771
1.9110219978921004 	 0.0013280240902974003
1.9120219978921003 	 0.0013243836793568357
1.9130219978921001 	 0.0013210686714439659
1.9140219978921 	 0.001318079878905871
1.9150219978921 	 0.0013154181140885204
1.9160219978920998 	 0.0013130840777028504
1.9170219978920997 	 0.001311078052421637
1.9180219978920996 	 0.0013094002230842456
1.9190219978920995 	 0.001308050774530042
1.9200219978920994 	 0.0013070298915971005
1.9210219978920993 	 0.0013063376297987143
1.9220219978920992 	 0.0013059735603674395
1.923021997892099 	 0.001305937141199683
1.924021997892099 	 0.0013062278301918515
1.9250219978920988 	 0.0013068450852389102
1.9260219978920987 	 0.0013077882197142948
1.9270219978920986 	 0.001309056005803662
1.9280219978920985 	 0.001310647089038572
1.9290219978920984 	 0.0013125601149505833
1.9300219978920983 	 0.0013147937290697094
1.9310219978920982 	 0.0013173464219353474
1.932021997892098 	 0.0013202161036956711
1.933021997892098 	 0.0013234005486699794
1.9340219978920978 	 0.0013268975311775716
1.9350219978920977 	 0.0013307048255361503
1.9360219978920976 	 0.0013348200459750597
1.9370219978920975 	 0.0013392402072429734
1.9380219978920974 	 0.0013439621837921904
1.9390219978920973 	 0.0013489828500750098
1.9400219978920972 	 0.0013542990805421522
1.941021997892097 	 0.0013599075912573482
1.942021997892097 	 0.0013658045051747583
1.9430219978920968 	 0.0013719858064431953
1.9440219978920967 	 0.001378447479211472
1.9450219978920966 	 0.0013851855076269068
1.9460219978920965 	 0.0013921957259413152
1.9470219978920964 	 0.0013994734070948926
1.9480219978920963 	 0.001407013692664156
1.9490219978920962 	 0.0014148117242256232
1.950021997892096 	 0.0014228626433544775
1.951021997892096 	 0.001431161457712367
1.9520219978920959 	 0.0014397026734967846
1.9530219978920957 	 0.0014484806795476378
1.9540219978920956 	 0.0014574898647048335
1.9550219978920955 	 0.001466724617807162
1.9560219978920954 	 0.0014761792156179152
1.9570219978920953 	 0.0014858475152128184
1.9580219978920952 	 0.001495723275448175
1.959021997892095 	 0.0015058002551802886
1.960021997892095 	 0.0015160722132646245
1.9610219978920949 	 0.0015265328244770573
1.9620219978920947 	 0.0015371754487417788
1.9630219978920946 	 0.0015479933722982887
1.9640219978920945 	 0.0015589798813860837
1.9650219978920944 	 0.0015701282622441388
1.9660219978920943 	 0.0015814317484399696
1.9670219978920942 	 0.0015928833763030168
1.968021997892094 	 0.0016044761360031231
1.969021997892094 	 0.0016162030177101303
1.9700219978920939 	 0.0016280570115936865
1.9710219978920938 	 0.0016400310884174684
1.9720219978920936 	 0.0016521181462758727
1.9730219978920935 	 0.0016643110662565167
1.9740219978920934 	 0.0016766027294470168
1.9750219978920933 	 0.0016889860169351353
1.9760219978920932 	 0.0017014538243739531
1.977021997892093 	 0.0017139991019591012
1.978021997892093 	 0.001726614812650795
1.9790219978920929 	 0.0017392939194092517
1.9800219978920928 	 0.0017520293851951431
1.9810219978920927 	 0.0017648142187294401
1.9820219978920925 	 0.0017776416000910731
1.9830219978920924 	 0.0017905047494618533
1.9840219978920923 	 0.0018033968870235888
1.9850219978920922 	 0.0018163112329588264
1.986021997892092 	 0.0018292410813464718
1.987021997892092 	 0.0018421800029841126
1.9880219978920919 	 0.0018551216334297682
1.9890219978920918 	 0.0018680596082414572
1.9900219978920917 	 0.0018809875629781621
1.9910219978920916 	 0.00189389922971691
1.9920219978920914 	 0.0019067887019645208
1.9930219978920913 	 0.0019196501578131785
1.9940219978920912 	 0.0019324777753550657
1.9950219978920911 	 0.0019452657326835168
1.996021997892091 	 0.0019580083233018335
1.997021997892091 	 0.0019707002728874363
1.9980219978920908 	 0.001983336408259393
1.9990219978920907 	 0.001995911556236771
