0.0010219978922 	 0.0
0.0020219978922 	 1.7599813012665306e-11
0.0030219978922 	 2.6893692370594914e-11
0.0040219978922 	 3.591916796967993e-11
0.0050219978922 	 4.489234372068442e-11
0.0060219978922 	 5.3849698850796316e-11
0.0070219978922 	 6.280094944430547e-11
0.0080219978922 	 7.174944124233011e-11
0.009021997892200002 	 8.069653873411286e-11
0.010021997892200003 	 8.964287004722814e-11
0.011021997892200004 	 9.858875202637764e-11
0.012021997892200004 	 1.0753435638048015e-10
0.013021997892200005 	 1.1647978170675414e-10
0.014021997892200006 	 1.2542508738743663e-10
0.015021997892200007 	 1.3437031064818484e-10
0.016021997892200008 	 1.4331547563503127e-10
0.01702199789220001 	 1.5226059847776233e-10
0.01802199789220001 	 1.6120569023114586e-10
0.01902199789220001 	 1.7015075864456138e-10
0.02002199789220001 	 1.7909580926003985e-10
0.021021997892200012 	 1.8804084611240205e-10
0.022021997892200013 	 1.9698587218664853e-10
0.023021997892200014 	 2.0593088972333628e-10
0.024021997892200015 	 2.1487590042650326e-10
0.025021997892200016 	 2.2382090560777936e-10
0.026021997892200017 	 2.3276590628789969e-10
0.027021997892200018 	 2.417109032692792e-10
0.02802199789220002 	 2.50655897188609e-10
0.02902199789220002 	 2.5960088855545453e-10
0.03002199789220002 	 2.685458777809119e-10
0.03102199789220002 	 2.7749086519911263e-10
0.03202199789220002 	 2.86435851083524e-10
0.03302199789220002 	 2.953808356594208e-10
0.03402199789220002 	 3.04325819113509e-10
0.03502199789220002 	 3.132708016014163e-10
0.03602199789220002 	 3.222157832535637e-10
0.03702199789220002 	 3.311607641798028e-10
0.038021997892200024 	 3.401057444731037e-10
0.039021997892200025 	 3.4905072421250593e-10
0.040021997892200026 	 3.579957034654942e-10
0.04102199789220003 	 3.6694068228992173e-10
0.04202199789220003 	 3.7588566073557717e-10
0.04302199789220003 	 3.848306388454658e-10
0.04402199789220003 	 3.937756166568643e-10
0.04502199789220003 	 4.027205942021911e-10
0.04602199789220003 	 4.116655715097297e-10
0.04702199789220003 	 4.2061054860423077e-10
0.04802199789220003 	 4.295555255074172e-10
0.049021997892200034 	 4.385005022384065e-10
0.050021997892200035 	 4.4744547881406916e-10
0.051021997892200036 	 4.5639045524933046e-10
0.052021997892200036 	 4.6533543155742696e-10
0.05302199789220004 	 4.742804077501254e-10
0.05402199789220004 	 4.832253838379105e-10
0.05502199789220004 	 4.921703598301433e-10
0.05602199789220004 	 5.011153357352008e-10
0.05702199789220004 	 5.100603115605938e-10
0.05802199789220004 	 5.190052873130696e-10
0.05902199789220004 	 5.279502629987012e-10
0.060021997892200044 	 5.368952386229649e-10
0.061021997892200044 	 5.458402141908069e-10
0.062021997892200045 	 5.547851897067027e-10
0.06302199789220005 	 5.637301651747088e-10
0.06402199789220005 	 5.726751405985069e-10
0.06502199789220005 	 5.816201159814447e-10
0.06602199789220005 	 5.9056509132657e-10
0.06702199789220005 	 5.995100666366616e-10
0.06802199789220005 	 6.084550419142572e-10
0.06902199789220005 	 6.174000171616766e-10
0.07002199789220005 	 6.263449923810444e-10
0.07102199789220005 	 6.352899675743075e-10
0.07202199789220005 	 6.442349427432532e-10
0.07302199789220006 	 6.531799178895239e-10
0.07402199789220006 	 6.621248930146306e-10
0.07502199789220006 	 6.71069868119965e-10
0.07602199789220006 	 6.800148432068106e-10
0.07702199789220006 	 6.889598182763523e-10
0.07802199789220006 	 6.979047933296845e-10
0.07902199789220006 	 7.068497683678201e-10
0.08002199789220006 	 7.157947433916969e-10
0.08102199789220006 	 7.247397184021839e-10
0.08202199789220006 	 7.336846934000874e-10
0.08302199789220006 	 7.426296683861564e-10
0.08402199789220006 	 7.515746433610863e-10
0.08502199789220007 	 7.605196183255248e-10
0.08602199789220007 	 7.694645932800749e-10
0.08702199789220007 	 7.78409568225298e-10
0.08802199789220007 	 7.873545431617177e-10
0.08902199789220007 	 7.962995180898232e-10
0.09002199789220007 	 8.052444930100712e-10
0.09102199789220007 	 8.141894679228885e-10
0.09202199789220007 	 8.231344428286741e-10
0.09302199789220007 	 8.320794177278027e-10
0.09402199789220007 	 8.410243926206241e-10
0.09502199789220007 	 8.499693675074665e-10
0.09602199789220008 	 8.589143423886386e-10
0.09702199789220008 	 8.67859317264429e-10
0.09802199789220008 	 8.768042921351099e-10
0.09902199789220008 	 8.857492670009366e-10
0.10002199789220008 	 8.946942418621489e-10
0.10102199789220008 	 9.036392167189733e-10
0.10202199789220008 	 9.12584191571623e-10
0.10302199789220008 	 9.215291664202982e-10
0.10402199789220008 	 9.304741412651885e-10
0.10502199789220008 	 9.394191161064717e-10
0.10602199789220008 	 9.48364090944317e-10
0.10702199789220009 	 9.573090657788838e-10
0.10802199789220009 	 9.662540406103214e-10
0.10902199789220009 	 9.751990154387725e-10
0.11002199789220009 	 9.841439902643715e-10
0.11102199789220009 	 9.930889650872462e-10
0.11202199789220009 	 1.0020339399075167e-09
0.11302199789220009 	 1.0109789147252972e-09
0.11402199789220009 	 1.019923889540696e-09
0.11502199789220009 	 1.0288688643538158e-09
0.1160219978922001 	 1.0378138391647537e-09
0.1170219978922001 	 1.0467588139736025e-09
0.1180219978922001 	 1.0557037887804497e-09
0.1190219978922001 	 1.0646487635853787e-09
0.1200219978922001 	 1.0735937383884689e-09
0.1210219978922001 	 1.0825387131897953e-09
0.1220219978922001 	 1.0914836879894301e-09
0.1230219978922001 	 1.1004286627874412e-09
0.1240219978922001 	 1.1093736375838935e-09
0.1250219978922001 	 1.1183186123788483e-09
0.1260219978922001 	 1.127263587172366e-09
0.1270219978922001 	 1.1362085619645016e-09
0.1280219978922001 	 1.145153536755309e-09
0.1290219978922001 	 1.154098511544839e-09
0.1300219978922001 	 1.1630434863331406e-09
0.1310219978922001 	 1.1719884611202604e-09
0.1320219978922001 	 1.1809334359062424e-09
0.1330219978922001 	 1.1898784106911294e-09
0.1340219978922001 	 1.1988233854749618e-09
0.1350219978922001 	 1.2077683602577788e-09
0.1360219978922001 	 1.216713335039617e-09
0.1370219978922001 	 1.2256583098205117e-09
0.1380219978922001 	 1.2346032846004975e-09
0.1390219978922001 	 1.243548259379606e-09
0.1400219978922001 	 1.252493234157869e-09
0.1410219978922001 	 1.2614382089353158e-09
0.1420219978922001 	 1.2703831837119755e-09
0.1430219978922001 	 1.2793281584878746e-09
0.1440219978922001 	 1.2882731332630404e-09
0.1450219978922001 	 1.297218108037497e-09
0.1460219978922001 	 1.306163082811269e-09
0.1470219978922001 	 1.3151080575843794e-09
0.1480219978922001 	 1.32405303235685e-09
0.1490219978922001 	 1.3329980071287031e-09
0.1500219978922001 	 1.3419429818999589e-09
0.1510219978922001 	 1.350887956670636e-09
0.1520219978922001 	 1.3598329314407543e-09
0.1530219978922001 	 1.3687779062103319e-09
0.1540219978922001 	 1.377722880979386e-09
0.15502199789220011 	 1.3866678557479334e-09
0.15602199789220011 	 1.39561283051599e-09
0.15702199789220012 	 1.4045578052835718e-09
0.15802199789220012 	 1.4135027800506937e-09
0.15902199789220012 	 1.4224477548173695e-09
0.16002199789220012 	 1.4313927295836135e-09
0.16102199789220012 	 1.440337704349439e-09
0.16202199789220012 	 1.4492826791148588e-09
0.16302199789220012 	 1.4582276538798848e-09
0.16402199789220012 	 1.46717262864453e-09
0.16502199789220012 	 1.4761176034088052e-09
0.16602199789220012 	 1.4850625781727214e-09
0.16702199789220012 	 1.4940075529362895e-09
0.16802199789220013 	 1.5029525276995195e-09
0.16902199789220013 	 1.5118975024624215e-09
0.17002199789220013 	 1.520842477225005e-09
0.17102199789220013 	 1.5297874519872803e-09
0.17202199789220013 	 1.5387324267492546e-09
0.17302199789220013 	 1.5476774015109374e-09
0.17402199789220013 	 1.556622376272337e-09
0.17502199789220013 	 1.5655673510334619e-09
0.17602199789220013 	 1.574512325794319e-09
0.17702199789220013 	 1.5834573005549162e-09
0.17802199789220013 	 1.5924022753152608e-09
0.17902199789220014 	 1.6013472500753595e-09
0.18002199789220014 	 1.6102922248352197e-09
0.18102199789220014 	 1.6192371995948478e-09
0.18202199789220014 	 1.6281821743542498e-09
0.18302199789220014 	 1.637127149113432e-09
0.18402199789220014 	 1.6460721238724001e-09
0.18502199789220014 	 1.65501709863116e-09
0.18602199789220014 	 1.6639620733897177e-09
0.18702199789220014 	 1.6729070481480781e-09
0.18802199789220014 	 1.681852022906247e-09
0.18902199789220014 	 1.6907969976642285e-09
0.19002199789220015 	 1.6997419724220281e-09
0.19102199789220015 	 1.7086869471796502e-09
0.19202199789220015 	 1.7176319219371001e-09
0.19302199789220015 	 1.7265768966943814e-09
0.19402199789220015 	 1.735521871451499e-09
0.19502199789220015 	 1.744466846208457e-09
0.19602199789220015 	 1.7534118209652589e-09
0.19702199789220015 	 1.7623567957219097e-09
0.19802199789220015 	 1.771301770478412e-09
0.19902199789220015 	 1.7802467452347704e-09
0.20002199789220015 	 1.789191719990988e-09
0.20102199789220015 	 1.798136694747068e-09
0.20202199789220016 	 1.8070816695030151e-09
0.20302199789220016 	 1.816026644258831e-09
0.20402199789220016 	 1.82497161901452e-09
0.20502199789220016 	 1.8339165937700846e-09
0.20602199789220016 	 1.8428615685255278e-09
0.20702199789220016 	 1.851806543280853e-09
0.20802199789220016 	 1.8607515180360627e-09
0.20902199789220016 	 1.8696964927911594e-09
0.21002199789220016 	 1.878641467546146e-09
0.21102199789220016 	 1.8875864423010253e-09
0.21202199789220016 	 1.8965314170557995e-09
0.21302199789220017 	 1.9054763918104715e-09
0.21402199789220017 	 1.914421366565043e-09
0.21502199789220017 	 1.9233663413195173e-09
0.21602199789220017 	 1.9323113160738956e-09
0.21702199789220017 	 1.941256290828181e-09
0.21802199789220017 	 1.9502012655823747e-09
0.21902199789220017 	 1.959146240336479e-09
0.22002199789220017 	 1.968091215090496e-09
0.22102199789220017 	 1.977036189844429e-09
0.22202199789220017 	 1.9859811645982776e-09
0.22302199789220017 	 1.994926139352046e-09
0.22402199789220018 	 2.0038711141057335e-09
0.22502199789220018 	 2.012816088859344e-09
0.22602199789220018 	 2.021761063612878e-09
0.22702199789220018 	 2.0307060383663374e-09
0.22802199789220018 	 2.0396510131197247e-09
0.22902199789220018 	 2.04859598787304e-09
0.23002199789220018 	 2.0575409626262857e-09
0.23102199789220018 	 2.0664859373794638e-09
0.23202199789220018 	 2.075430912132574e-09
0.23302199789220018 	 2.0843758868856202e-09
0.23402199789220018 	 2.0933208616386023e-09
0.23502199789220019 	 2.102265836391521e-09
0.23602199789220019 	 2.111210811144379e-09
0.2370219978922002 	 2.1201557858971775e-09
0.2380219978922002 	 2.1291007606499163e-09
0.2390219978922002 	 2.138045735402598e-09
0.2400219978922002 	 2.1469907101552237e-09
0.2410219978922002 	 2.155935684907794e-09
0.2420219978922002 	 2.1648806596603105e-09
0.2430219978922002 	 2.173825634412774e-09
0.2440219978922002 	 2.1827706091651857e-09
0.2450219978922002 	 2.191715583917546e-09
0.2460219978922002 	 2.200660558669858e-09
0.2470219978922002 	 2.2096055334221206e-09
0.2480219978922002 	 2.218550508174335e-09
0.2490219978922002 	 2.227495482926503e-09
0.2500219978922002 	 2.2364404576786253e-09
0.2510219978922002 	 2.2453854324307024e-09
0.2520219978922002 	 2.2543304071827353e-09
0.2530219978922002 	 2.2632753819347256e-09
0.2540219978922002 	 2.2722203566866724e-09
0.2550219978922002 	 2.2811653314385787e-09
0.2560219978922002 	 2.2901103061904445e-09
0.2570219978922002 	 2.2990552809422698e-09
0.2580219978922002 	 2.3080002556940557e-09
0.2590219978922002 	 2.3169452304458036e-09
0.2600219978922002 	 2.325890205197514e-09
0.2610219978922002 	 2.3348351799491865e-09
0.2620219978922002 	 2.343780154700824e-09
0.2630219978922002 	 2.352725129452425e-09
0.2640219978922002 	 2.3616701042039914e-09
0.2650219978922002 	 2.370615078955524e-09
0.2660219978922002 	 2.379560053707023e-09
0.2670219978922002 	 2.3885050284584886e-09
0.2680219978922002 	 2.3974500032099218e-09
0.2690219978922002 	 2.406394977961324e-09
0.2700219978922002 	 2.4153399527126938e-09
0.2710219978922002 	 2.424284927464034e-09
0.2720219978922002 	 2.433229902215344e-09
0.2730219978922002 	 2.4421748769666243e-09
0.2740219978922002 	 2.4511198517178755e-09
0.2750219978922002 	 2.460064826469098e-09
0.2760219978922002 	 2.469009801220294e-09
0.2770219978922002 	 2.4779547759714616e-09
0.2780219978922002 	 2.4868997507226023e-09
0.2790219978922002 	 2.495844725473716e-09
0.2800219978922002 	 2.504789700224805e-09
0.2810219978922002 	 2.5137346749758674e-09
0.2820219978922002 	 2.522679649726905e-09
0.2830219978922002 	 2.531624624477919e-09
0.28402199789220023 	 2.5405695992289075e-09
0.28502199789220023 	 2.549514573979873e-09
0.28602199789220023 	 2.5584595487308147e-09
0.28702199789220023 	 2.5674045234817334e-09
0.28802199789220023 	 2.5763494982326297e-09
0.28902199789220023 	 2.585294472983505e-09
0.29002199789220023 	 2.5942394477343558e-09
0.29102199789220023 	 2.6031844224851876e-09
0.29202199789220024 	 2.612129397235998e-09
0.29302199789220024 	 2.621074371986787e-09
0.29402199789220024 	 2.630019346737556e-09
0.29502199789220024 	 2.6389643214883055e-09
0.29602199789220024 	 2.647909296239035e-09
0.29702199789220024 	 2.6568542709897445e-09
0.29802199789220024 	 2.6657992457404357e-09
0.29902199789220024 	 2.6747442204911087e-09
0.30002199789220024 	 2.6836891952417622e-09
0.30102199789220024 	 2.692634169992398e-09
0.30202199789220024 	 2.7015791447430164e-09
0.30302199789220025 	 2.7105241194936174e-09
0.30402199789220025 	 2.7194690942442002e-09
0.30502199789220025 	 2.728414068994767e-09
0.30602199789220025 	 2.737359043745317e-09
0.30702199789220025 	 2.746304018495851e-09
0.30802199789220025 	 2.7552489932463686e-09
0.30902199789220025 	 2.76419396799687e-09
0.31002199789220025 	 2.773138942747356e-09
0.31102199789220025 	 2.7820839174978267e-09
0.31202199789220025 	 2.7910288922482834e-09
0.31302199789220025 	 2.799973866998724e-09
0.31402199789220026 	 2.8089188417491496e-09
0.31502199789220026 	 2.8178638164995616e-09
0.31602199789220026 	 2.8268087912499595e-09
0.31702199789220026 	 2.8357537660003434e-09
0.31802199789220026 	 2.8446987407507132e-09
0.31902199789220026 	 2.85364371550107e-09
0.32002199789220026 	 2.8625886902514128e-09
0.32102199789220026 	 2.871533665001743e-09
0.32202199789220026 	 2.88047863975206e-09
0.32302199789220026 	 2.889423614502365e-09
0.32402199789220026 	 2.898368589252657e-09
0.32502199789220027 	 2.9073135640029368e-09
0.32602199789220027 	 2.9162585387532044e-09
0.32702199789220027 	 2.9252035135034605e-09
0.32802199789220027 	 2.934148488253705e-09
0.32902199789220027 	 2.943093463003937e-09
0.33002199789220027 	 2.952038437754158e-09
0.33102199789220027 	 2.9609834125043682e-09
0.33202199789220027 	 2.969928387254567e-09
0.33302199789220027 	 2.9788733620047547e-09
0.3340219978922003 	 2.987818336754932e-09
0.3350219978922003 	 2.996763311505099e-09
0.3360219978922003 	 3.005708286255255e-09
0.3370219978922003 	 3.0146532610054014e-09
0.3380219978922003 	 3.0235982357555375e-09
0.3390219978922003 	 3.0325432105056633e-09
0.3400219978922003 	 3.0414881852557796e-09
0.3410219978922003 	 3.050433160005885e-09
0.3420219978922003 	 3.0593781347559833e-09
0.3430219978922003 	 3.06832310950607e-09
0.3440219978922003 	 3.077268084256149e-09
0.3450219978922003 	 3.086213059006217e-09
0.3460219978922003 	 3.0951580337562785e-09
0.3470219978922003 	 3.104103008506329e-09
0.3480219978922003 	 3.1130479832563725e-09
0.3490219978922003 	 3.121992958006406e-09
0.3500219978922003 	 3.1309379327564318e-09
0.3510219978922003 	 3.1398829075064492e-09
0.3520219978922003 	 3.148827882256458e-09
0.3530219978922003 	 3.1577728570064585e-09
0.3540219978922003 	 3.1667178317564515e-09
0.3550219978922003 	 3.1756628065064367e-09
0.3560219978922003 	 3.184607781256414e-09
0.3570219978922003 	 3.1935527560063835e-09
0.3580219978922003 	 3.2024977307563455e-09
0.3590219978922003 	 3.2114427055063e-09
0.3600219978922003 	 3.2203876802562468e-09
0.3610219978922003 	 3.229332655006187e-09
0.3620219978922003 	 3.238277629756119e-09
0.3630219978922003 	 3.2472226045060456e-09
0.3640219978922003 	 3.2561675792559634e-09
0.3650219978922003 	 3.2651125540058753e-09
0.3660219978922003 	 3.2740575287557807e-09
0.3670219978922003 	 3.283002503505679e-09
0.3680219978922003 	 3.2919474782555707e-09
0.3690219978922003 	 3.300892453005456e-09
0.3700219978922003 	 3.3098374277553343e-09
0.3710219978922003 	 3.318782402505207e-09
0.3720219978922003 	 3.3277273772550735e-09
0.3730219978922003 	 3.3366723520049333e-09
0.3740219978922003 	 3.3456173267547874e-09
0.3750219978922003 	 3.3545623015046345e-09
0.3760219978922003 	 3.3635072762544778e-09
0.3770219978922003 	 3.3724522510043137e-09
0.3780219978922003 	 3.381397225754144e-09
0.3790219978922003 	 3.390342200503969e-09
0.3800219978922003 	 3.3992871752537886e-09
0.3810219978922003 	 3.4082321500036017e-09
0.3820219978922003 	 3.4171771247534095e-09
0.3830219978922003 	 3.4261220995032127e-09
0.3840219978922003 	 3.43506707425301e-09
0.3850219978922003 	 3.444012049002802e-09
0.3860219978922003 	 3.4529570237525892e-09
0.3870219978922003 	 3.4619019985023717e-09
0.3880219978922003 	 3.4708469732521476e-09
0.3890219978922003 	 3.47979194800192e-09
0.3900219978922003 	 3.4887369227516862e-09
0.3910219978922003 	 3.497681897501448e-09
0.3920219978922003 	 3.5066268722512054e-09
0.3930219978922003 	 3.515571847000958e-09
0.3940219978922003 	 3.5245168217507055e-09
0.3950219978922003 	 3.5334617965004495e-09
0.39602199789220033 	 3.542406771250188e-09
0.39702199789220033 	 3.551351745999922e-09
0.39802199789220033 	 3.5602967207496515e-09
0.39902199789220033 	 3.569241695499377e-09
0.40002199789220033 	 3.5781866702490975e-09
0.40102199789220033 	 3.5871316449988142e-09
0.40202199789220033 	 3.5960766197485264e-09
0.40302199789220033 	 3.605021594498235e-09
0.40402199789220034 	 3.6139665692479393e-09
0.40502199789220034 	 3.6229115439976387e-09
0.40602199789220034 	 3.6318565187473348e-09
0.40702199789220034 	 3.6408014934970275e-09
0.40802199789220034 	 3.649746468246715e-09
0.40902199789220034 	 3.658691442996399e-09
0.41002199789220034 	 3.66763641774608e-09
0.41102199789220034 	 3.6765813924957556e-09
0.41202199789220034 	 3.685526367245428e-09
0.41302199789220034 	 3.694471341995098e-09
0.41402199789220034 	 3.7034163167447632e-09
0.41502199789220034 	 3.712361291494425e-09
0.41602199789220035 	 3.7213062662440834e-09
0.41702199789220035 	 3.730251240993738e-09
0.41802199789220035 	 3.7391962157433896e-09
0.41902199789220035 	 3.748141190493037e-09
0.42002199789220035 	 3.757086165242682e-09
0.42102199789220035 	 3.766031139992323e-09
0.42202199789220035 	 3.7749761147419605e-09
0.42302199789220035 	 3.783921089491595e-09
0.42402199789220035 	 3.792866064241225e-09
0.42502199789220035 	 3.801811038990854e-09
0.42602199789220035 	 3.8107560137404785e-09
0.42702199789220036 	 3.8197009884901005e-09
0.42802199789220036 	 3.8286459632397184e-09
0.42902199789220036 	 3.837590937989335e-09
0.43002199789220036 	 3.846535912738947e-09
0.43102199789220036 	 3.855480887488557e-09
0.43202199789220036 	 3.864425862238164e-09
0.43302199789220036 	 3.873370836987767e-09
0.43402199789220036 	 3.882315811737368e-09
0.43502199789220036 	 3.891260786486966e-09
0.43602199789220036 	 3.900205761236561e-09
0.43702199789220036 	 3.909150735986153e-09
0.43802199789220037 	 3.918095710735743e-09
0.43902199789220037 	 3.92704068548533e-09
0.44002199789220037 	 3.935985660234914e-09
0.44102199789220037 	 3.944930634984495e-09
0.44202199789220037 	 3.953875609734075e-09
0.44302199789220037 	 3.962820584483651e-09
0.44402199789220037 	 3.9717655592332246e-09
0.44502199789220037 	 3.980710533982795e-09
0.4460219978922004 	 3.9896555087323644e-09
0.4470219978922004 	 3.99860048348193e-09
0.4480219978922004 	 4.007545458231494e-09
0.4490219978922004 	 4.016490432981056e-09
0.4500219978922004 	 4.025435407730614e-09
0.4510219978922004 	 4.03438038248017e-09
0.4520219978922004 	 4.0433253572297245e-09
0.4530219978922004 	 4.052270331979276e-09
0.4540219978922004 	 4.061215306728826e-09
0.4550219978922004 	 4.070160281478374e-09
0.4560219978922004 	 4.079105256227918e-09
0.4570219978922004 	 4.088050230977461e-09
0.4580219978922004 	 4.096995205727001e-09
0.4590219978922004 	 4.10594018047654e-09
0.4600219978922004 	 4.114885155226076e-09
0.4610219978922004 	 4.12383012997561e-09
0.4620219978922004 	 4.132775104725142e-09
0.4630219978922004 	 4.141720079474672e-09
0.4640219978922004 	 4.1506650542242e-09
0.4650219978922004 	 4.159610028973726e-09
0.4660219978922004 	 4.168555003723249e-09
0.4670219978922004 	 4.1774999784727715e-09
0.4680219978922004 	 4.186444953222291e-09
0.4690219978922004 	 4.195389927971809e-09
0.4700219978922004 	 4.204334902721325e-09
0.4710219978922004 	 4.2132798774708395e-09
0.4720219978922004 	 4.2222248522203515e-09
0.4730219978922004 	 4.231169826969861e-09
0.4740219978922004 	 4.24011480171937e-09
0.4750219978922004 	 4.249059776468876e-09
0.4760219978922004 	 4.258004751218381e-09
0.4770219978922004 	 4.2669497259678836e-09
0.4780219978922004 	 4.275894700717385e-09
0.4790219978922004 	 4.284839675466884e-09
0.4800219978922004 	 4.293784650216382e-09
0.4810219978922004 	 4.302729624965878e-09
0.4820219978922004 	 4.311674599715373e-09
0.4830219978922004 	 4.320619574464864e-09
0.4840219978922004 	 4.329564549214355e-09
0.4850219978922004 	 4.338509523963844e-09
0.4860219978922004 	 4.3474544987133314e-09
0.4870219978922004 	 4.356399473462819e-09
0.4880219978922004 	 4.365344448212302e-09
0.4890219978922004 	 4.374289422961785e-09
0.4900219978922004 	 4.383234397711266e-09
0.4910219978922004 	 4.392179372460747e-09
0.4920219978922004 	 4.401124347210223e-09
0.4930219978922004 	 4.410069321959701e-09
0.4940219978922004 	 4.419014296709175e-09
0.4950219978922004 	 4.427959271458649e-09
0.4960219978922004 	 4.436904246208121e-09
0.4970219978922004 	 4.4458492209575916e-09
0.4980219978922004 	 4.4547941957070614e-09
0.4990219978922004 	 4.463739170456529e-09
0.5000219978922004 	 4.4726841452059945e-09
0.5010219978922004 	 4.481629119955459e-09
0.5020219978922004 	 4.4905740947049235e-09
0.5030219978922004 	 4.499519069454385e-09
0.5040219978922004 	 4.508464044203846e-09
0.5050219978922004 	 4.517409018953306e-09
0.5060219978922004 	 4.526353993702763e-09
0.5070219978922004 	 4.5352989684522214e-09
0.5080219978922004 	 4.544243943201676e-09
0.5090219978922004 	 4.55318891795113e-09
0.5100219978922004 	 4.562133892700584e-09
0.5110219978922004 	 4.571078867450035e-09
0.5120219978922004 	 4.580023842199485e-09
0.5130219978922004 	 4.588968816948935e-09
0.5140219978922004 	 4.597913791698382e-09
0.5150219978922004 	 4.606858766447827e-09
0.5160219978922004 	 4.615803741197274e-09
0.5170219978922004 	 4.624748715946717e-09
0.5180219978922004 	 4.6336936906961615e-09
0.5190219978922004 	 4.642638665445604e-09
0.5200219978922004 	 4.651583640195044e-09
0.5210219978922004 	 4.660528614944484e-09
0.5220219978922004 	 4.669473589693922e-09
0.5230219978922004 	 4.678418564443359e-09
0.5240219978922004 	 4.687363539192794e-09
0.5250219978922004 	 4.6963085139422295e-09
0.5260219978922004 	 4.705253488691664e-09
0.5270219978922004 	 4.714198463441097e-09
0.5280219978922004 	 4.723143438190528e-09
0.5290219978922004 	 4.732088412939959e-09
0.5300219978922004 	 4.741033387689389e-09
0.5310219978922004 	 4.749978362438817e-09
0.5320219978922004 	 4.758923337188246e-09
0.5330219978922004 	 4.767868311937671e-09
0.5340219978922004 	 4.7768132866870975e-09
0.5350219978922004 	 4.785758261436521e-09
0.5360219978922004 	 4.7947032361859454e-09
0.5370219978922004 	 4.803648210935367e-09
0.5380219978922004 	 4.812593185684789e-09
0.5390219978922004 	 4.821538160434209e-09
0.5400219978922004 	 4.830483135183629e-09
0.5410219978922004 	 4.839428109933049e-09
0.5420219978922004 	 4.848373084682466e-09
0.5430219978922004 	 4.857318059431882e-09
0.5440219978922004 	 4.866263034181297e-09
0.5450219978922004 	 4.875208008930713e-09
0.5460219978922004 	 4.884152983680128e-09
0.5470219978922004 	 4.8930979584295405e-09
0.5480219978922004 	 4.902042933178952e-09
0.5490219978922004 	 4.910987907928363e-09
0.5500219978922004 	 4.919932882677773e-09
0.5510219978922004 	 4.928877857427183e-09
0.5520219978922004 	 4.937822832176592e-09
0.5530219978922004 	 4.946767806926e-09
0.5540219978922004 	 4.955712781675406e-09
0.5550219978922004 	 4.964657756424812e-09
0.5560219978922004 	 4.9736027311742174e-09
0.5570219978922004 	 4.982547705923622e-09
0.5580219978922004 	 4.991492680673026e-09
0.5590219978922004 	 5.0004376554224285e-09
0.5600219978922004 	 5.009382630171831e-09
0.5610219978922004 	 5.018327604921233e-09
0.5620219978922004 	 5.027272579670632e-09
0.5630219978922004 	 5.0362175544200324e-09
0.5640219978922004 	 5.045162529169431e-09
0.5650219978922004 	 5.054107503918829e-09
0.5660219978922004 	 5.063052478668226e-09
0.5670219978922004 	 5.071997453417624e-09
0.5680219978922004 	 5.08094242816702e-09
0.5690219978922004 	 5.089887402916413e-09
0.5700219978922004 	 5.0988323776658085e-09
0.5710219978922004 	 5.107777352415201e-09
0.5720219978922004 	 5.116722327164595e-09
0.5730219978922004 	 5.125667301913987e-09
0.5740219978922004 	 5.1346122766633785e-09
0.5750219978922004 	 5.143557251412768e-09
0.5760219978922004 	 5.1525022261621594e-09
0.5770219978922004 	 5.161447200911548e-09
0.5780219978922004 	 5.170392175660938e-09
0.5790219978922004 	 5.179337150410325e-09
0.5800219978922004 	 5.188282125159712e-09
0.5810219978922004 	 5.197227099909098e-09
0.5820219978922004 	 5.2061720746584855e-09
0.5830219978922004 	 5.215117049407872e-09
0.5840219978922004 	 5.224062024157255e-09
0.5850219978922004 	 5.233006998906638e-09
0.5860219978922004 	 5.2419519736560225e-09
0.5870219978922004 	 5.2508969484054055e-09
0.5880219978922004 	 5.259841923154788e-09
0.5890219978922004 	 5.268786897904171e-09
0.5900219978922004 	 5.27773187265355e-09
0.5910219978922004 	 5.28667684740293e-09
0.5920219978922004 	 5.2956218221523105e-09
0.5930219978922004 	 5.304566796901688e-09
0.5940219978922004 	 5.313511771651067e-09
0.5950219978922004 	 5.3224567464004454e-09
0.5960219978922005 	 5.3314017211498235e-09
0.5970219978922005 	 5.340346695899199e-09
0.5980219978922005 	 5.349291670648576e-09
0.5990219978922005 	 5.358236645397952e-09
0.6000219978922005 	 5.367181620147326e-09
0.6010219978922005 	 5.3761265948967e-09
0.6020219978922005 	 5.385071569646074e-09
0.6030219978922005 	 5.394016544395448e-09
0.6040219978922005 	 5.4029615191448204e-09
0.6050219978922005 	 5.411906493894192e-09
0.6060219978922005 	 5.420851468643564e-09
0.6070219978922005 	 5.4297964433929355e-09
0.6080219978922005 	 5.438741418142305e-09
0.6090219978922005 	 5.447686392891677e-09
0.6100219978922005 	 5.456631367641045e-09
0.6110219978922005 	 5.4655763423904145e-09
0.6120219978922005 	 5.474521317139784e-09
0.6130219978922005 	 5.4834662918891516e-09
0.6140219978922005 	 5.492411266638518e-09
0.6150219978922005 	 5.501356241387886e-09
0.6160219978922005 	 5.510301216137252e-09
0.6170219978922005 	 5.519246190886617e-09
0.6180219978922005 	 5.528191165635984e-09
0.6190219978922005 	 5.537136140385349e-09
0.6200219978922005 	 5.5460811151347134e-09
0.6210219978922005 	 5.555026089884077e-09
0.6220219978922005 	 5.563971064633441e-09
0.6230219978922005 	 5.5729160393828045e-09
0.6240219978922005 	 5.581861014132167e-09
0.6250219978922005 	 5.590805988881529e-09
0.6260219978922005 	 5.599750963630891e-09
0.6270219978922005 	 5.608695938380252e-09
0.6280219978922005 	 5.617640913129613e-09
0.6290219978922005 	 5.6265858878789735e-09
0.6300219978922005 	 5.6355308626283325e-09
0.6310219978922005 	 5.6444758373776915e-09
0.6320219978922005 	 5.6534208121270505e-09
0.6330219978922005 	 5.6623657868764095e-09
0.6340219978922005 	 5.671310761625768e-09
0.6350219978922005 	 5.680255736375125e-09
0.6360219978922005 	 5.689200711124483e-09
0.6370219978922005 	 5.69814568587384e-09
0.6380219978922005 	 5.707090660623197e-09
0.6390219978922005 	 5.716035635372553e-09
0.6400219978922005 	 5.7249806101219085e-09
0.6410219978922005 	 5.7339255848712625e-09
0.6420219978922005 	 5.742870559620618e-09
0.6430219978922005 	 5.751815534369973e-09
0.6440219978922005 	 5.760760509119327e-09
0.6450219978922005 	 5.769705483868681e-09
0.6460219978922005 	 5.7786504586180336e-09
0.6470219978922005 	 5.787595433367386e-09
0.6480219978922005 	 5.796540408116739e-09
0.6490219978922005 	 5.80548538286609e-09
0.6500219978922005 	 5.814430357615442e-09
0.6510219978922005 	 5.823375332364793e-09
0.6520219978922005 	 5.832320307114145e-09
0.6530219978922005 	 5.8412652818634945e-09
0.6540219978922005 	 5.850210256612845e-09
0.6550219978922005 	 5.859155231362196e-09
0.6560219978922005 	 5.868100206111544e-09
0.6570219978922005 	 5.8770451808608925e-09
0.6580219978922005 	 5.885990155610242e-09
0.6590219978922005 	 5.89493513035959e-09
0.6600219978922005 	 5.903880105108939e-09
0.6610219978922005 	 5.912825079858287e-09
0.6620219978922005 	 5.921770054607634e-09
0.6630219978922005 	 5.93071502935698e-09
0.6640219978922005 	 5.939660004106328e-09
0.6650219978922005 	 5.9486049788556736e-09
0.6660219978922005 	 5.957549953605019e-09
0.6670219978922005 	 5.966494928354365e-09
0.6680219978922005 	 5.97543990310371e-09
0.6690219978922005 	 5.984384877853055e-09
0.6700219978922005 	 5.993329852602401e-09
0.6710219978922005 	 6.002274827351744e-09
0.6720219978922005 	 6.011219802101089e-09
0.6730219978922005 	 6.0201647768504315e-09
0.6740219978922005 	 6.029109751599774e-09
0.6750219978922005 	 6.038054726349118e-09
0.6760219978922005 	 6.0469997010984605e-09
0.6770219978922005 	 6.055944675847803e-09
0.6780219978922005 	 6.0648896505971454e-09
0.6790219978922005 	 6.073834625346487e-09
0.6800219978922005 	 6.08277960009583e-09
0.6810219978922005 	 6.09172457484517e-09
0.6820219978922005 	 6.100669549594511e-09
0.6830219978922005 	 6.109614524343852e-09
0.6840219978922005 	 6.118559499093192e-09
0.6850219978922005 	 6.1275044738425336e-09
0.6860219978922005 	 6.136449448591871e-09
0.6870219978922005 	 6.145394423341213e-09
0.6880219978922005 	 6.15433939809055e-09
0.6890219978922005 	 6.1632843728398885e-09
0.6900219978922005 	 6.1722293475892285e-09
0.6910219978922005 	 6.181174322338566e-09
0.6920219978922005 	 6.1901192970879035e-09
0.6930219978922005 	 6.199064271837242e-09
0.6940219978922005 	 6.2080092465865785e-09
0.6950219978922005 	 6.216954221335918e-09
0.6960219978922005 	 6.2258991960852535e-09
0.6970219978922005 	 6.234844170834591e-09
0.6980219978922005 	 6.243789145583926e-09
0.6990219978922005 	 6.252734120333263e-09
0.7000219978922005 	 6.2616790950825986e-09
0.7010219978922005 	 6.2706240698319336e-09
0.7020219978922005 	 6.279569044581269e-09
0.7030219978922005 	 6.288514019330604e-09
0.7040219978922005 	 6.297458994079939e-09
0.7050219978922005 	 6.306403968829274e-09
0.7060219978922005 	 6.315348943578607e-09
0.7070219978922005 	 6.324293918327942e-09
0.7080219978922005 	 6.333238893077275e-09
0.7090219978922006 	 6.34218386782661e-09
0.7100219978922006 	 6.351128842575942e-09
0.7110219978922006 	 6.360073817325277e-09
0.7120219978922006 	 6.369018792074609e-09
0.7130219978922006 	 6.377963766823941e-09
0.7140219978922006 	 6.386908741573274e-09
0.7150219978922006 	 6.3958537163226065e-09
0.7160219978922006 	 6.404798691071938e-09
0.7170219978922006 	 6.413743665821269e-09
0.7180219978922006 	 6.4226886405706e-09
0.7190219978922006 	 6.431633615319932e-09
0.7200219978922006 	 6.440578590069263e-09
0.7210219978922006 	 6.449523564818593e-09
0.7220219978922006 	 6.4584685395679235e-09
0.7230219978922006 	 6.467413514317254e-09
0.7240219978922006 	 6.4763584890665844e-09
0.7250219978922006 	 6.4853034638159145e-09
0.7260219978922006 	 6.4942484385652445e-09
0.7270219978922006 	 6.503193413314572e-09
0.7280219978922006 	 6.512138388063903e-09
0.7290219978922006 	 6.521083362813231e-09
0.7300219978922006 	 6.53002833756256e-09
0.7310219978922006 	 6.538973312311888e-09
0.7320219978922006 	 6.547918287061217e-09
0.7330219978922006 	 6.556863261810545e-09
0.7340219978922006 	 6.5658082365598726e-09
0.7350219978922006 	 6.5747532113092e-09
0.7360219978922006 	 6.583698186058528e-09
0.7370219978922006 	 6.592643160807855e-09
0.7380219978922006 	 6.601588135557182e-09
0.7390219978922006 	 6.610533110306509e-09
0.7400219978922006 	 6.619478085055837e-09
0.7410219978922006 	 6.628423059805162e-09
0.7420219978922006 	 6.637368034554489e-09
0.7430219978922006 	 6.646313009303815e-09
0.7440219978922006 	 6.655257984053141e-09
0.7450219978922006 	 6.664202958802467e-09
0.7460219978922006 	 6.673147933551793e-09
0.7470219978922006 	 6.682092908301118e-09
0.7480219978922006 	 6.691037883050444e-09
0.7490219978922006 	 6.699982857799768e-09
0.7500219978922006 	 6.708927832549092e-09
0.7510219978922006 	 6.717872807298418e-09
0.7520219978922006 	 6.726817782047742e-09
0.7530219978922006 	 6.735762756797067e-09
0.7540219978922006 	 6.74470773154639e-09
0.7550219978922006 	 6.753652706295714e-09
0.7560219978922006 	 6.762597681045037e-09
0.7570219978922006 	 6.771542655794362e-09
0.7580219978922006 	 6.780487630543685e-09
0.7590219978922006 	 6.789432605293007e-09
0.7600219978922006 	 6.79837758004233e-09
0.7610219978922006 	 6.807322554791653e-09
0.7620219978922006 	 6.816267529540977e-09
0.7630219978922006 	 6.8252125042902994e-09
0.7640219978922006 	 6.834157479039621e-09
0.7650219978922006 	 6.843102453788942e-09
0.7660219978922006 	 6.852047428538265e-09
0.7670219978922006 	 6.8609924032875866e-09
0.7680219978922006 	 6.869937378036909e-09
0.7690219978922006 	 6.87888235278623e-09
0.7700219978922006 	 6.8878273275355495e-09
0.7710219978922006 	 6.896772302284871e-09
0.7720219978922006 	 6.905717277034193e-09
0.7730219978922006 	 6.914662251783514e-09
0.7740219978922006 	 6.923607226532834e-09
0.7750219978922006 	 6.932552201282155e-09
0.7760219978922006 	 6.941497176031475e-09
0.7770219978922006 	 6.950442150780796e-09
0.7780219978922006 	 6.959387125530116e-09
0.7790219978922006 	 6.9683321002794356e-09
0.7800219978922006 	 6.977277075028756e-09
0.7810219978922006 	 6.986222049778076e-09
0.7820219978922006 	 6.995167024527394e-09
0.7830219978922006 	 7.0041119992767144e-09
0.7840219978922006 	 7.013056974026033e-09
0.7850219978922006 	 7.022001948775353e-09
0.7860219978922006 	 7.0309469235246715e-09
0.7870219978922006 	 7.039891898273988e-09
0.7880219978922006 	 7.048836873023309e-09
0.7890219978922006 	 7.057781847772627e-09
0.7900219978922006 	 7.066726822521945e-09
0.7910219978922006 	 7.075671797271263e-09
0.7920219978922006 	 7.08461677202058e-09
0.7930219978922006 	 7.093561746769899e-09
0.7940219978922006 	 7.102506721519216e-09
0.7950219978922006 	 7.111451696268533e-09
0.7960219978922006 	 7.120396671017851e-09
0.7970219978922006 	 7.129341645767167e-09
0.7980219978922006 	 7.138286620516485e-09
0.7990219978922006 	 7.147231595265803e-09
0.8000219978922006 	 7.156176570015119e-09
0.8010219978922006 	 7.1651215447644354e-09
0.8020219978922006 	 7.1740665195137514e-09
0.8030219978922006 	 7.183011494263069e-09
0.8040219978922006 	 7.191956469012385e-09
0.8050219978922006 	 7.200901443761702e-09
0.8060219978922006 	 7.209846418511017e-09
0.8070219978922006 	 7.218791393260335e-09
0.8080219978922006 	 7.227736368009648e-09
0.8090219978922006 	 7.236681342758964e-09
0.8100219978922006 	 7.245626317508281e-09
0.8110219978922006 	 7.254571292257597e-09
0.8120219978922006 	 7.263516267006911e-09
0.8130219978922006 	 7.2724612417562265e-09
0.8140219978922006 	 7.2814062165055425e-09
0.8150219978922006 	 7.290351191254856e-09
0.8160219978922006 	 7.299296166004171e-09
0.8170219978922006 	 7.3082411407534855e-09
0.8180219978922006 	 7.3171861155028015e-09
0.8190219978922006 	 7.326131090252117e-09
0.8200219978922006 	 7.335076065001429e-09
0.8210219978922007 	 7.344021039750744e-09
0.8220219978922007 	 7.352966014500058e-09
0.8230219978922007 	 7.361910989249371e-09
0.8240219978922007 	 7.370855963998686e-09
0.8250219978922007 	 7.379800938747999e-09
0.8260219978922007 	 7.388745913497313e-09
0.8270219978922007 	 7.397690888246627e-09
0.8280219978922007 	 7.40663586299594e-09
0.8290219978922007 	 7.4155808377452535e-09
0.8300219978922007 	 7.424525812494567e-09
0.8310219978922007 	 7.4334707872438805e-09
0.8320219978922007 	 7.4424157619931915e-09
0.8330219978922007 	 7.451360736742505e-09
0.8340219978922007 	 7.460305711491817e-09
0.8350219978922007 	 7.469250686241132e-09
0.8360219978922007 	 7.478195660990444e-09
0.8370219978922007 	 7.487140635739756e-09
0.8380219978922007 	 7.496085610489071e-09
0.8390219978922007 	 7.50503058523838e-09
0.8400219978922007 	 7.513975559987691e-09
0.8410219978922007 	 7.522920534737003e-09
0.8420219978922007 	 7.531865509486317e-09
0.8430219978922007 	 7.540810484235629e-09
0.8440219978922007 	 7.549755458984939e-09
0.8450219978922007 	 7.55870043373425e-09
0.8460219978922007 	 7.567645408483563e-09
0.8470219978922007 	 7.576590383232874e-09
0.8480219978922007 	 7.585535357982186e-09
0.8490219978922007 	 7.594480332731496e-09
0.8500219978922007 	 7.603425307480808e-09
0.8510219978922007 	 7.612370282230118e-09
0.8520219978922007 	 7.621315256979429e-09
0.8530219978922007 	 7.63026023172874e-09
0.8540219978922007 	 7.63920520647805e-09
0.8550219978922007 	 7.648150181227363e-09
0.8560219978922007 	 7.657095155976671e-09
0.8570219978922007 	 7.666040130725983e-09
0.8580219978922007 	 7.674985105475292e-09
0.8590219978922007 	 7.683930080224602e-09
0.8600219978922007 	 7.692875054973914e-09
0.8610219978922007 	 7.701820029723224e-09
0.8620219978922007 	 7.710765004472534e-09
0.8630219978922007 	 7.719709979221843e-09
0.8640219978922007 	 7.728654953971153e-09
0.8650219978922007 	 7.737599928720463e-09
0.8660219978922007 	 7.746544903469772e-09
0.8670219978922007 	 7.755489878219082e-09
0.8680219978922007 	 7.764434852968392e-09
0.8690219978922007 	 7.7733798277177e-09
0.8700219978922007 	 7.782324802467009e-09
0.8710219978922007 	 7.79126977721632e-09
0.8720219978922007 	 7.800214751965626e-09
0.8730219978922007 	 7.809159726714936e-09
0.8740219978922007 	 7.818104701464245e-09
0.8750219978922007 	 7.827049676213553e-09
0.8760219978922007 	 7.835994650962862e-09
0.8770219978922007 	 7.84493962571217e-09
0.8780219978922007 	 7.85388460046148e-09
0.8790219978922007 	 7.86282957521079e-09
0.8800219978922007 	 7.871774549960096e-09
0.8810219978922007 	 7.880719524709403e-09
0.8820219978922007 	 7.889664499458712e-09
0.8830219978922007 	 7.898609474208022e-09
0.8840219978922007 	 7.907554448957329e-09
0.8850219978922007 	 7.916499423706637e-09
0.8860219978922007 	 7.925444398455944e-09
0.8870219978922007 	 7.934389373205251e-09
0.8880219978922007 	 7.94333434795456e-09
0.8890219978922007 	 7.952279322703867e-09
0.8900219978922007 	 7.961224297453175e-09
0.8910219978922007 	 7.970169272202484e-09
0.8920219978922007 	 7.97911424695179e-09
0.8930219978922007 	 7.988059221701097e-09
0.8940219978922007 	 7.997004196450404e-09
0.8950219978922007 	 8.005949171199713e-09
0.8960219978922007 	 8.01489414594902e-09
0.8970219978922007 	 8.023839120698325e-09
0.8980219978922007 	 8.032784095447632e-09
0.8990219978922007 	 8.04172907019694e-09
0.9000219978922007 	 8.050674044946246e-09
0.9010219978922007 	 8.059619019695554e-09
0.9020219978922007 	 8.06856399444486e-09
0.9030219978922007 	 8.077508969194166e-09
0.9040219978922007 	 8.086453943943475e-09
0.9050219978922007 	 8.09539891869278e-09
0.9060219978922007 	 8.104343893442087e-09
0.9070219978922007 	 8.113288868191392e-09
0.9080219978922007 	 8.122233842940698e-09
0.9090219978922007 	 8.131178817690004e-09
0.9100219978922007 	 8.14012379243931e-09
0.9110219978922007 	 8.149068767188617e-09
0.9120219978922007 	 8.158013741937922e-09
0.9130219978922007 	 8.166958716687229e-09
0.9140219978922007 	 8.175903691436534e-09
0.9150219978922007 	 8.184848666185838e-09
0.9160219978922007 	 8.193793640935144e-09
0.9170219978922007 	 8.202738615684451e-09
0.9180219978922007 	 8.211683590433757e-09
0.9190219978922007 	 8.220628565183063e-09
0.9200219978922007 	 8.229573539932367e-09
0.9210219978922007 	 8.238518514681672e-09
0.9220219978922007 	 8.247463489430978e-09
0.9230219978922007 	 8.256408464180283e-09
0.9240219978922007 	 8.265353438929588e-09
0.9250219978922007 	 8.274298413678893e-09
0.9260219978922007 	 8.283243388428197e-09
0.9270219978922007 	 8.292188363177502e-09
0.9280219978922007 	 8.301133337926807e-09
0.9290219978922007 	 8.310078312676114e-09
0.9300219978922007 	 8.319023287425418e-09
0.9310219978922007 	 8.327968262174721e-09
0.9320219978922007 	 8.336913236924027e-09
0.9330219978922007 	 8.34585821167333e-09
0.9340219978922008 	 8.354803186422635e-09
0.9350219978922008 	 8.36374816117194e-09
0.9360219978922008 	 8.372693135921243e-09
0.9370219978922008 	 8.38163811067055e-09
0.9380219978922008 	 8.390583085419851e-09
0.9390219978922008 	 8.399528060169155e-09
0.9400219978922008 	 8.408473034918462e-09
0.9410219978922008 	 8.417418009667764e-09
0.9420219978922008 	 8.426362984417069e-09
0.9430219978922008 	 8.435307959166373e-09
0.9440219978922008 	 8.444252933915678e-09
0.9450219978922008 	 8.45319790866498e-09
0.9460219978922008 	 8.462142883414283e-09
0.9470219978922008 	 8.471087858163585e-09
0.9480219978922008 	 8.48003283291289e-09
0.9490219978922008 	 8.488977807662194e-09
0.9500219978922008 	 8.4979227824115e-09
0.9510219978922008 	 8.506867757160801e-09
0.9520219978922008 	 8.515812731910105e-09
0.9530219978922008 	 8.52475770665941e-09
0.9540219978922008 	 8.533702681408712e-09
0.9550219978922008 	 8.542647656158016e-09
0.9560219978922008 	 8.551592630907318e-09
0.9570219978922008 	 8.560537605656621e-09
0.9580219978922008 	 8.569482580405923e-09
0.9590219978922008 	 8.578427555155228e-09
0.9600219978922008 	 8.587372529904529e-09
0.9610219978922008 	 8.596317504653834e-09
0.9620219978922008 	 8.605262479403136e-09
0.9630219978922008 	 8.614207454152438e-09
0.9640219978922008 	 8.62315242890174e-09
0.9650219978922008 	 8.632097403651043e-09
0.9660219978922008 	 8.641042378400347e-09
0.9670219978922008 	 8.649987353149649e-09
0.9680219978922008 	 8.65893232789895e-09
0.9690219978922008 	 8.667877302648254e-09
0.9700219978922008 	 8.676822277397556e-09
0.9710219978922008 	 8.68576725214686e-09
0.9720219978922008 	 8.694712226896162e-09
0.9730219978922008 	 8.703657201645465e-09
0.9740219978922008 	 8.712602176394766e-09
0.9750219978922008 	 8.721547151144066e-09
0.9760219978922008 	 8.730492125893371e-09
0.9770219978922008 	 8.739437100642673e-09
0.9780219978922008 	 8.748382075391975e-09
0.9790219978922008 	 8.757327050141277e-09
0.9800219978922008 	 8.766272024890579e-09
0.9810219978922008 	 8.77521699963988e-09
0.9820219978922008 	 8.784161974389183e-09
0.9830219978922008 	 8.793106949138483e-09
0.9840219978922008 	 8.802051923887785e-09
0.9850219978922008 	 8.810996898637087e-09
0.9860219978922008 	 8.819941873386389e-09
0.9870219978922008 	 8.82888684813569e-09
0.9880219978922008 	 8.837831822884993e-09
0.9890219978922008 	 8.846776797634293e-09
0.9900219978922008 	 8.855721772383595e-09
0.9910219978922008 	 8.864666747132897e-09
0.9920219978922008 	 8.873611721882199e-09
0.9930219978922008 	 8.882556696631497e-09
0.9940219978922008 	 8.8915016713808e-09
0.9950219978922008 	 8.900446646130101e-09
0.9960219978922008 	 8.909391620879403e-09
0.9970219978922008 	 8.918336595628703e-09
0.9980219978922008 	 8.927281570378005e-09
0.9990219978922008 	 8.936226545127306e-09
1.0000219978922007 	 8.945171519876604e-09
1.0010219978922006 	 8.954116494625906e-09
1.0020219978922005 	 8.963061469375206e-09
1.0030219978922004 	 8.972006444124505e-09
1.0040219978922003 	 8.980951418873807e-09
1.0050219978922001 	 8.989896393623106e-09
1.0060219978922 	 8.998841368372406e-09
1.0070219978922 	 9.007786343121705e-09
1.0080219978921998 	 9.016731317871007e-09
1.0090219978921997 	 9.025676292620303e-09
1.0100219978921996 	 9.034621267369604e-09
1.0110219978921995 	 9.0435662421189e-09
1.0120219978921994 	 9.052511216868201e-09
1.0130219978921993 	 9.061456191617501e-09
1.0140219978921992 	 9.0704011663668e-09
1.015021997892199 	 9.0793461411161e-09
1.016021997892199 	 9.088291115865402e-09
1.0170219978921988 	 9.097236090614699e-09
1.0180219978921987 	 9.106181065364e-09
1.0190219978921986 	 9.115126040113298e-09
1.0200219978921985 	 9.124071014862597e-09
1.0210219978921984 	 9.133015989611897e-09
1.0220219978921983 	 9.141960964361197e-09
1.0230219978921982 	 9.150905939110496e-09
1.024021997892198 	 9.159850913859793e-09
1.025021997892198 	 9.168795888609091e-09
1.0260219978921978 	 9.177740863358392e-09
1.0270219978921977 	 9.186685838107692e-09
1.0280219978921976 	 9.195630812856989e-09
1.0290219978921975 	 9.204575787606288e-09
1.0300219978921974 	 9.213520762355584e-09
1.0310219978921973 	 9.222465737104885e-09
1.0320219978921972 	 9.231410711854185e-09
1.033021997892197 	 9.240355686603482e-09
1.034021997892197 	 9.249300661352782e-09
1.0350219978921968 	 9.258245636102081e-09
1.0360219978921967 	 9.267190610851378e-09
1.0370219978921966 	 9.276135585600675e-09
1.0380219978921965 	 9.285080560349973e-09
1.0390219978921964 	 9.294025535099275e-09
1.0400219978921963 	 9.302970509848572e-09
1.0410219978921962 	 9.311915484597871e-09
1.042021997892196 	 9.320860459347168e-09
1.043021997892196 	 9.329805434096467e-09
1.0440219978921959 	 9.338750408845765e-09
1.0450219978921957 	 9.347695383595065e-09
1.0460219978921956 	 9.356640358344362e-09
1.0470219978921955 	 9.365585333093661e-09
1.0480219978921954 	 9.37453030784296e-09
1.0490219978921953 	 9.383475282592258e-09
1.0500219978921952 	 9.392420257341555e-09
1.051021997892195 	 9.401365232090852e-09
1.052021997892195 	 9.410310206840151e-09
1.0530219978921949 	 9.419255181589448e-09
1.0540219978921948 	 9.428200156338745e-09
1.0550219978921946 	 9.437145131088043e-09
1.0560219978921945 	 9.446090105837344e-09
1.0570219978921944 	 9.455035080586637e-09
1.0580219978921943 	 9.463980055335934e-09
1.0590219978921942 	 9.472925030085235e-09
1.060021997892194 	 9.481870004834533e-09
1.061021997892194 	 9.49081497958383e-09
1.0620219978921939 	 9.499759954333127e-09
1.0630219978921938 	 9.508704929082427e-09
1.0640219978921936 	 9.517649903831724e-09
1.0650219978921935 	 9.526594878581021e-09
1.0660219978921934 	 9.535539853330318e-09
1.0670219978921933 	 9.544484828079615e-09
1.0680219978921932 	 9.553429802828914e-09
1.069021997892193 	 9.562374777578211e-09
1.070021997892193 	 9.571319752327508e-09
1.0710219978921929 	 9.580264727076807e-09
1.0720219978921928 	 9.589209701826102e-09
1.0730219978921927 	 9.5981546765754e-09
1.0740219978921925 	 9.607099651324697e-09
1.0750219978921924 	 9.616044626073994e-09
1.0760219978921923 	 9.624989600823291e-09
1.0770219978921922 	 9.633934575572588e-09
1.078021997892192 	 9.642879550321885e-09
1.079021997892192 	 9.651824525071182e-09
1.0800219978921919 	 9.66076949982048e-09
1.0810219978921918 	 9.669714474569776e-09
1.0820219978921917 	 9.678659449319073e-09
1.0830219978921916 	 9.68760442406837e-09
1.0840219978921914 	 9.69654939881767e-09
1.0850219978921913 	 9.705494373566967e-09
1.0860219978921912 	 9.714439348316264e-09
1.0870219978921911 	 9.723384323065561e-09
1.088021997892191 	 9.732329297814855e-09
1.089021997892191 	 9.741274272564154e-09
1.0900219978921908 	 9.750219247313449e-09
1.0910219978921907 	 9.759164222062746e-09
1.0920219978921906 	 9.768109196812043e-09
1.0930219978921905 	 9.77705417156134e-09
1.0940219978921903 	 9.785999146310637e-09
1.0950219978921902 	 9.794944121059934e-09
1.0960219978921901 	 9.80388909580923e-09
1.09702199789219 	 9.812834070558526e-09
1.09802199789219 	 9.821779045307825e-09
1.0990219978921898 	 9.830724020057122e-09
1.1000219978921897 	 9.839668994806415e-09
1.1010219978921896 	 9.848613969555714e-09
1.1020219978921895 	 9.85755894430501e-09
1.1030219978921894 	 9.866503919054308e-09
1.1040219978921892 	 9.875448893803602e-09
1.1050219978921891 	 9.884393868552898e-09
1.106021997892189 	 9.893338843302195e-09
1.107021997892189 	 9.902283818051489e-09
1.1080219978921888 	 9.91122879280079e-09
1.1090219978921887 	 9.920173767550083e-09
1.1100219978921886 	 9.92911874229938e-09
1.1110219978921885 	 9.938063717048677e-09
1.1120219978921884 	 9.947008691797972e-09
1.1130219978921883 	 9.95595366654727e-09
1.1140219978921881 	 9.964898641296566e-09
1.115021997892188 	 9.97384361604586e-09
1.116021997892188 	 9.982788590795159e-09
1.1170219978921878 	 9.991733565544455e-09
1.1180219978921877 	 1.0000678540293748e-08
1.1190219978921876 	 1.0009623515043043e-08
1.1200219978921875 	 1.001856848979234e-08
1.1210219978921874 	 1.0027513464541637e-08
1.1220219978921873 	 1.0036458439290934e-08
1.1230219978921872 	 1.0045403414040229e-08
1.124021997892187 	 1.0054348388789524e-08
1.125021997892187 	 1.0063293363538821e-08
1.1260219978921868 	 1.0072238338288118e-08
1.1270219978921867 	 1.0081183313037415e-08
1.1280219978921866 	 1.0090128287786707e-08
1.1290219978921865 	 1.0099073262536003e-08
1.1300219978921864 	 1.01080182372853e-08
1.1310219978921863 	 1.0116963212034595e-08
1.1320219978921862 	 1.0125908186783892e-08
1.133021997892186 	 1.0134853161533187e-08
1.134021997892186 	 1.0143798136282484e-08
1.1350219978921858 	 1.0152743111031778e-08
1.1360219978921857 	 1.0161688085781073e-08
1.1370219978921856 	 1.017063306053037e-08
1.1380219978921855 	 1.0179578035279665e-08
1.1390219978921854 	 1.018852301002896e-08
1.1400219978921853 	 1.0197467984778256e-08
1.1410219978921852 	 1.0206412959527553e-08
1.142021997892185 	 1.0215357934276847e-08
1.143021997892185 	 1.0224302909026142e-08
1.1440219978921848 	 1.0233247883775437e-08
1.1450219978921847 	 1.0242192858524733e-08
1.1460219978921846 	 1.025113783327403e-08
1.1470219978921845 	 1.0260082808023323e-08
1.1480219978921844 	 1.026902778277262e-08
1.1490219978921843 	 1.0277972757521914e-08
1.1500219978921842 	 1.028691773227121e-08
1.151021997892184 	 1.0295862707020506e-08
1.152021997892184 	 1.0304807681769803e-08
1.1530219978921838 	 1.0313752656519095e-08
1.1540219978921837 	 1.0322697631268389e-08
1.1550219978921836 	 1.0331642606017686e-08
1.1560219978921835 	 1.0340587580766983e-08
1.1570219978921834 	 1.0349532555516278e-08
1.1580219978921833 	 1.0358477530265573e-08
1.1590219978921832 	 1.0367422505014865e-08
1.160021997892183 	 1.037636747976416e-08
1.161021997892183 	 1.0385312454513458e-08
1.1620219978921829 	 1.0394257429262751e-08
1.1630219978921827 	 1.0403202404012045e-08
1.1640219978921826 	 1.0412147378761342e-08
1.1650219978921825 	 1.0421092353510639e-08
1.1660219978921824 	 1.0430037328259931e-08
1.1670219978921823 	 1.0438982303009228e-08
1.1680219978921822 	 1.0447927277758521e-08
1.169021997892182 	 1.0456872252507817e-08
1.170021997892182 	 1.046581722725711e-08
1.1710219978921819 	 1.0474762202006407e-08
1.1720219978921818 	 1.0483707176755703e-08
1.1730219978921816 	 1.0492652151504995e-08
1.1740219978921815 	 1.050159712625429e-08
1.1750219978921814 	 1.0510542101003585e-08
1.1760219978921813 	 1.0519487075752882e-08
1.1770219978921812 	 1.0528432050502174e-08
1.178021997892181 	 1.053737702525147e-08
1.179021997892181 	 1.0546322000000765e-08
1.1800219978921809 	 1.055526697475006e-08
1.1810219978921808 	 1.0564211949499352e-08
1.1820219978921807 	 1.0573156924248648e-08
1.1830219978921805 	 1.0582101898997943e-08
1.1840219978921804 	 1.0591046873747238e-08
1.1850219978921803 	 1.0599991848496532e-08
1.1860219978921802 	 1.0608936823245826e-08
1.18702199789218 	 1.0617881797995123e-08
1.18802199789218 	 1.0626826772744416e-08
1.1890219978921799 	 1.063577174749371e-08
1.1900219978921798 	 1.0644716722243005e-08
1.1910219978921797 	 1.06536616969923e-08
1.1920219978921796 	 1.0662606671741594e-08
1.1930219978921794 	 1.0671551646490888e-08
1.1940219978921793 	 1.0680496621240181e-08
1.1950219978921792 	 1.0689441595989477e-08
1.1960219978921791 	 1.0698386570738772e-08
1.197021997892179 	 1.0707331545488066e-08
1.198021997892179 	 1.0716276520237361e-08
1.1990219978921788 	 1.0725221494986655e-08
1.2000219978921787 	 1.0734166469735947e-08
1.2010219978921786 	 1.0743111444485244e-08
1.2020219978921785 	 1.0752056419234537e-08
1.2030219978921783 	 1.0761001393983833e-08
1.2040219978921782 	 1.0769946368733125e-08
1.2050219978921781 	 1.077889134348242e-08
1.206021997892178 	 1.0787836318231715e-08
1.207021997892178 	 1.0796781292981007e-08
1.2080219978921778 	 1.0805726267730301e-08
1.2090219978921777 	 1.0814671242479596e-08
1.2100219978921776 	 1.0823616217228892e-08
1.2110219978921775 	 1.0832561191978184e-08
1.2120219978921773 	 1.084150616672748e-08
1.2130219978921772 	 1.0850451141476773e-08
1.2140219978921771 	 1.0859396116226066e-08
1.215021997892177 	 1.086834109097536e-08
1.216021997892177 	 1.0877286065724655e-08
1.2170219978921768 	 1.088623104047395e-08
1.2180219978921767 	 1.0895176015223243e-08
1.2190219978921766 	 1.0904120989972538e-08
1.2200219978921765 	 1.0913065964721835e-08
1.2210219978921764 	 1.0922010939471127e-08
1.2220219978921762 	 1.093095591422042e-08
1.2230219978921761 	 1.0939900888969716e-08
1.224021997892176 	 1.0948845863719006e-08
1.225021997892176 	 1.0957790838468301e-08
1.2260219978921758 	 1.0966735813217595e-08
1.2270219978921757 	 1.0975680787966889e-08
1.2280219978921756 	 1.0984625762716182e-08
1.2290219978921755 	 1.0993570737465476e-08
1.2300219978921754 	 1.100251571221477e-08
1.2310219978921753 	 1.1011460686964065e-08
1.2320219978921751 	 1.1020405661713357e-08
1.233021997892175 	 1.1029350636462654e-08
1.234021997892175 	 1.1038295611211946e-08
1.2350219978921748 	 1.104724058596124e-08
1.2360219978921747 	 1.1056185560710532e-08
1.2370219978921746 	 1.1065130535459825e-08
1.2380219978921745 	 1.107407551020912e-08
1.2390219978921744 	 1.1083020484958413e-08
1.2400219978921743 	 1.1091965459707708e-08
1.2410219978921742 	 1.1100910434457002e-08
1.242021997892174 	 1.1109855409206295e-08
1.243021997892174 	 1.1118800383955589e-08
1.2440219978921738 	 1.1127745358704883e-08
1.2450219978921737 	 1.1136690333454175e-08
1.2460219978921736 	 1.1145635308203468e-08
1.2470219978921735 	 1.1154580282952764e-08
1.2480219978921734 	 1.1163525257702056e-08
1.2490219978921733 	 1.1172470232451351e-08
1.2500219978921732 	 1.1181415207200646e-08
1.251021997892173 	 1.1190360181949937e-08
1.252021997892173 	 1.119930515669923e-08
1.2530219978921728 	 1.1208250131448522e-08
1.2540219978921727 	 1.1217195106197816e-08
1.2550219978921726 	 1.1226140080947111e-08
1.2560219978921725 	 1.1235085055696402e-08
1.2570219978921724 	 1.1244030030445699e-08
1.2580219978921723 	 1.1252975005194992e-08
1.2590219978921722 	 1.1261919979944286e-08
1.260021997892172 	 1.127086495469358e-08
1.261021997892172 	 1.127980992944287e-08
1.2620219978921718 	 1.1288754904192165e-08
1.2630219978921717 	 1.1297699878941459e-08
1.2640219978921716 	 1.130664485369075e-08
1.2650219978921715 	 1.1315589828440043e-08
1.2660219978921714 	 1.1324534803189338e-08
1.2670219978921713 	 1.133347977793863e-08
1.2680219978921712 	 1.1342424752687924e-08
1.269021997892171 	 1.135136972743722e-08
1.270021997892171 	 1.136031470218651e-08
1.2710219978921709 	 1.1369259676935803e-08
1.2720219978921707 	 1.1378204651685095e-08
1.2730219978921706 	 1.1387149626434389e-08
1.2740219978921705 	 1.1396094601183686e-08
1.2750219978921704 	 1.1405039575932978e-08
1.2760219978921703 	 1.141398455068227e-08
1.2770219978921702 	 1.1422929525431562e-08
1.27802199789217 	 1.1431874500180857e-08
1.27902199789217 	 1.1440819474930151e-08
1.2800219978921699 	 1.144976444967944e-08
1.2810219978921698 	 1.1458709424428737e-08
1.2820219978921696 	 1.1467654399178027e-08
1.2830219978921695 	 1.1476599373927322e-08
1.2840219978921694 	 1.1485544348676616e-08
1.2850219978921693 	 1.1494489323425906e-08
1.2860219978921692 	 1.15034342981752e-08
1.287021997892169 	 1.1512379272924493e-08
1.288021997892169 	 1.1521324247673787e-08
1.2890219978921689 	 1.153026922242308e-08
1.2900219978921688 	 1.1539214197172373e-08
1.2910219978921686 	 1.1548159171921665e-08
1.2920219978921685 	 1.1557104146670957e-08
1.2930219978921684 	 1.1566049121420252e-08
1.2940219978921683 	 1.1574994096169543e-08
1.2950219978921682 	 1.1583939070918838e-08
1.296021997892168 	 1.1592884045668131e-08
1.297021997892168 	 1.1601829020417422e-08
1.2980219978921679 	 1.1610773995166717e-08
1.2990219978921678 	 1.1619718969916007e-08
1.3000219978921677 	 1.1628663944665303e-08
1.3010219978921675 	 1.1637608919414596e-08
1.3020219978921674 	 1.1646553894163888e-08
1.3030219978921673 	 1.1655498868913177e-08
1.3040219978921672 	 1.1664443843662471e-08
1.305021997892167 	 1.1673388818411766e-08
1.306021997892167 	 1.1682333793161056e-08
1.3070219978921669 	 1.169127876791035e-08
1.3080219978921668 	 1.1700223742659642e-08
1.3090219978921667 	 1.1709168717408936e-08
1.3100219978921666 	 1.1718113692158231e-08
1.3110219978921664 	 1.1727058666907523e-08
1.3120219978921663 	 1.1736003641656815e-08
1.3130219978921662 	 1.1744948616406107e-08
1.3140219978921661 	 1.17538935911554e-08
1.315021997892166 	 1.1762838565904691e-08
1.316021997892166 	 1.1771783540653986e-08
1.3170219978921658 	 1.1780728515403277e-08
1.3180219978921657 	 1.1789673490152569e-08
1.3190219978921656 	 1.1798618464901864e-08
1.3200219978921655 	 1.1807563439651154e-08
1.3210219978921653 	 1.181650841440045e-08
1.3220219978921652 	 1.182545338914974e-08
1.3230219978921651 	 1.1834398363899035e-08
1.324021997892165 	 1.1843343338648326e-08
1.325021997892165 	 1.185228831339762e-08
1.3260219978921648 	 1.1861233288146913e-08
1.3270219978921647 	 1.1870178262896204e-08
1.3280219978921646 	 1.1879123237645499e-08
1.3290219978921645 	 1.188806821239479e-08
1.3300219978921644 	 1.1897013187144083e-08
1.3310219978921642 	 1.1905958161893375e-08
1.3320219978921641 	 1.1914903136642668e-08
1.333021997892164 	 1.1923848111391959e-08
1.334021997892164 	 1.1932793086141253e-08
1.3350219978921638 	 1.1941738060890545e-08
1.3360219978921637 	 1.1950683035639837e-08
1.3370219978921636 	 1.1959628010389129e-08
1.3380219978921635 	 1.1968572985138422e-08
1.3390219978921634 	 1.1977517959887716e-08
1.3400219978921633 	 1.1986462934637008e-08
1.3410219978921631 	 1.1995407909386297e-08
1.342021997892163 	 1.2004352884135592e-08
1.343021997892163 	 1.2013297858884884e-08
1.3440219978921628 	 1.2022242833634178e-08
1.3450219978921627 	 1.2031187808383466e-08
1.3460219978921626 	 1.204013278313276e-08
1.3470219978921625 	 1.2049077757882054e-08
1.3480219978921624 	 1.2058022732631346e-08
1.3490219978921623 	 1.2066967707380638e-08
1.3500219978921622 	 1.2075912682129931e-08
1.351021997892162 	 1.2084857656879223e-08
1.352021997892162 	 1.2093802631628515e-08
1.3530219978921618 	 1.2102747606377807e-08
1.3540219978921617 	 1.2111692581127103e-08
1.3550219978921616 	 1.2120637555876391e-08
1.3560219978921615 	 1.2129582530625683e-08
1.3570219978921614 	 1.2138527505374977e-08
1.3580219978921613 	 1.2147472480124267e-08
1.3590219978921612 	 1.2156417454873561e-08
1.360021997892161 	 1.2165362429622851e-08
1.361021997892161 	 1.2174307404372145e-08
1.3620219978921608 	 1.2183252379121435e-08
1.3630219978921607 	 1.219219735387073e-08
1.3640219978921606 	 1.2201142328620021e-08
1.3650219978921605 	 1.2210087303369311e-08
1.3660219978921604 	 1.2219032278118605e-08
1.3670219978921603 	 1.2227977252867899e-08
1.3680219978921602 	 1.2236922227617192e-08
1.36902199789216 	 1.2245867202366483e-08
1.37002199789216 	 1.2254812177115773e-08
1.3710219978921598 	 1.2263757151865068e-08
1.3720219978921597 	 1.2272702126614357e-08
1.3730219978921596 	 1.228164710136365e-08
1.3740219978921595 	 1.2290592076112941e-08
1.3750219978921594 	 1.2299537050862235e-08
1.3760219978921593 	 1.2308482025611525e-08
1.3770219978921592 	 1.2317427000360819e-08
1.378021997892159 	 1.2326371975110112e-08
1.379021997892159 	 1.2335316949859404e-08
1.3800219978921588 	 1.2344261924608695e-08
1.3810219978921587 	 1.2353206899357988e-08
1.3820219978921586 	 1.2362151874107279e-08
1.3830219978921585 	 1.2371096848856572e-08
1.3840219978921584 	 1.2380041823605863e-08
1.3850219978921583 	 1.2388986798355156e-08
1.3860219978921582 	 1.2397931773104447e-08
1.387021997892158 	 1.2406876747853739e-08
1.388021997892158 	 1.2415821722603029e-08
1.3890219978921579 	 1.2424766697352324e-08
1.3900219978921577 	 1.2433711672101615e-08
1.3910219978921576 	 1.2442656646850907e-08
1.3920219978921575 	 1.2451601621600199e-08
1.3930219978921574 	 1.246054659634949e-08
1.3940219978921573 	 1.2469491571098783e-08
1.3950219978921572 	 1.2478436545848075e-08
1.396021997892157 	 1.2487381520597365e-08
1.397021997892157 	 1.249632649534666e-08
1.3980219978921569 	 1.250527147009595e-08
1.3990219978921568 	 1.251421644484524e-08
1.4000219978921566 	 1.2523161419594535e-08
1.4010219978921565 	 1.2532106394343827e-08
1.4020219978921564 	 1.2541051369093117e-08
1.4030219978921563 	 1.254999634384241e-08
1.4040219978921562 	 1.2558941318591701e-08
1.405021997892156 	 1.2567886293340995e-08
1.406021997892156 	 1.2576831268090285e-08
1.4070219978921559 	 1.2585776242839576e-08
1.4080219978921558 	 1.259472121758887e-08
1.4090219978921557 	 1.260366619233816e-08
1.4100219978921555 	 1.261261116708745e-08
1.4110219978921554 	 1.2621556141836747e-08
1.4120219978921553 	 1.2630501116586037e-08
1.4130219978921552 	 1.2639446091335326e-08
1.414021997892155 	 1.2648391066084621e-08
1.415021997892155 	 1.2657336040833913e-08
1.4160219978921549 	 1.2666281015583204e-08
1.4170219978921548 	 1.2675225990332494e-08
1.4180219978921547 	 1.2684170965081788e-08
1.4190219978921546 	 1.269311593983108e-08
1.4200219978921544 	 1.2702060914580373e-08
1.4210219978921543 	 1.2711005889329664e-08
1.4220219978921542 	 1.2719950864078952e-08
1.4230219978921541 	 1.2728895838828244e-08
1.424021997892154 	 1.2737840813577536e-08
1.425021997892154 	 1.274678578832683e-08
1.4260219978921538 	 1.275573076307612e-08
1.4270219978921537 	 1.2764675737825412e-08
1.4280219978921536 	 1.2773620712574704e-08
1.4290219978921535 	 1.2782565687323995e-08
1.4300219978921533 	 1.2791510662073287e-08
1.4310219978921532 	 1.2800455636822577e-08
1.4320219978921531 	 1.280940061157187e-08
1.433021997892153 	 1.2818345586321161e-08
1.434021997892153 	 1.2827290561070455e-08
1.4350219978921528 	 1.2836235535819745e-08
1.4360219978921527 	 1.2845180510569037e-08
1.4370219978921526 	 1.2854125485318327e-08
1.4380219978921525 	 1.286307046006762e-08
1.4390219978921523 	 1.2872015434816911e-08
1.4400219978921522 	 1.2880960409566203e-08
1.4410219978921521 	 1.2889905384315494e-08
1.442021997892152 	 1.2898850359064784e-08
1.443021997892152 	 1.2907795333814078e-08
1.4440219978921518 	 1.2916740308563371e-08
1.4450219978921517 	 1.292568528331266e-08
1.4460219978921516 	 1.2934630258061952e-08
1.4470219978921515 	 1.2943575232811244e-08
1.4480219978921514 	 1.2952520207560536e-08
1.4490219978921512 	 1.2961465182309828e-08
1.4500219978921511 	 1.2970410157059119e-08
1.451021997892151 	 1.2979355131808407e-08
1.452021997892151 	 1.2988300106557701e-08
1.4530219978921508 	 1.2997245081306991e-08
1.4540219978921507 	 1.3006190056056283e-08
1.4550219978921506 	 1.3015135030805574e-08
1.4560219978921505 	 1.3024080005554869e-08
1.4570219978921504 	 1.3033024980304158e-08
1.4580219978921503 	 1.3041969955053448e-08
1.4590219978921501 	 1.3050914929802742e-08
1.46002199789215 	 1.3059859904552032e-08
1.46102199789215 	 1.3068804879301326e-08
1.4620219978921498 	 1.3077749854050616e-08
1.4630219978921497 	 1.3086694828799906e-08
1.4640219978921496 	 1.3095639803549198e-08
1.4650219978921495 	 1.3104584778298489e-08
1.4660219978921494 	 1.3113529753047782e-08
1.4670219978921493 	 1.3122474727797073e-08
1.4680219978921492 	 1.3131419702546363e-08
1.469021997892149 	 1.3140364677295657e-08
1.470021997892149 	 1.3149309652044947e-08
1.4710219978921488 	 1.3158254626794237e-08
1.4720219978921487 	 1.3167199601543528e-08
1.4730219978921486 	 1.3176144576292821e-08
1.4740219978921485 	 1.3185089551042112e-08
1.4750219978921484 	 1.3194034525791402e-08
1.4760219978921483 	 1.3202979500540696e-08
1.4770219978921482 	 1.3211924475289986e-08
1.478021997892148 	 1.3220869450039278e-08
1.479021997892148 	 1.322981442478857e-08
1.4800219978921478 	 1.3238759399537859e-08
1.4810219978921477 	 1.3247704374287151e-08
1.4820219978921476 	 1.3256649349036443e-08
1.4830219978921475 	 1.3265594323785733e-08
1.4840219978921474 	 1.3274539298535027e-08
1.4850219978921473 	 1.3283484273284316e-08
1.4860219978921472 	 1.3292429248033608e-08
1.487021997892147 	 1.3301374222782898e-08
1.488021997892147 	 1.3310319197532188e-08
1.4890219978921468 	 1.3319264172281482e-08
1.4900219978921467 	 1.3328209147030774e-08
1.4910219978921466 	 1.3337154121780063e-08
1.4920219978921465 	 1.3346099096529356e-08
1.4930219978921464 	 1.3355044071278645e-08
1.4940219978921463 	 1.3363989046027939e-08
1.4950219978921462 	 1.337293402077723e-08
1.496021997892146 	 1.3381878995526518e-08
1.497021997892146 	 1.339082397027581e-08
1.4980219978921459 	 1.3399768945025102e-08
1.4990219978921457 	 1.3408713919774394e-08
1.5000219978921456 	 1.3417658894523684e-08
1.5010219978921455 	 1.3426603869272978e-08
1.5020219978921454 	 1.3435548844022266e-08
1.5030219978921453 	 1.3444493818771558e-08
1.5040219978921452 	 1.345343879352085e-08
1.505021997892145 	 1.3462383768270139e-08
1.506021997892145 	 1.3471328743019433e-08
1.5070219978921449 	 1.3480273717768725e-08
1.5080219978921447 	 1.3489218692518014e-08
1.5090219978921446 	 1.3498163667267307e-08
1.5100219978921445 	 1.3507108642016596e-08
1.5110219978921444 	 1.3516053616765885e-08
1.5120219978921443 	 1.3524998591515178e-08
1.5130219978921442 	 1.3533943566264472e-08
1.514021997892144 	 1.3542888541013762e-08
1.515021997892144 	 1.3551833515763051e-08
1.5160219978921439 	 1.3560778490512341e-08
1.5170219978921438 	 1.3569723465261632e-08
1.5180219978921436 	 1.3578668440010925e-08
1.5190219978921435 	 1.3587613414760216e-08
1.5200219978921434 	 1.3596558389509506e-08
1.5210219978921433 	 1.3605503364258801e-08
1.5220219978921432 	 1.361444833900809e-08
1.523021997892143 	 1.3623393313757379e-08
1.524021997892143 	 1.363233828850667e-08
1.5250219978921429 	 1.3641283263255961e-08
1.5260219978921428 	 1.3650228238005255e-08
1.5270219978921427 	 1.3659173212754543e-08
1.5280219978921425 	 1.3668118187503839e-08
1.5290219978921424 	 1.3677063162253129e-08
1.5300219978921423 	 1.3686008137002418e-08
1.5310219978921422 	 1.3694953111751706e-08
1.532021997892142 	 1.3703898086501e-08
1.533021997892142 	 1.371284306125029e-08
1.5340219978921419 	 1.3721788035999582e-08
1.5350219978921418 	 1.3730733010748871e-08
1.5360219978921417 	 1.3739677985498163e-08
1.5370219978921416 	 1.3748622960247454e-08
1.5380219978921414 	 1.3757567934996744e-08
1.5390219978921413 	 1.3766512909746038e-08
1.5400219978921412 	 1.377545788449533e-08
1.5410219978921411 	 1.3784402859244617e-08
1.542021997892141 	 1.3793347833993909e-08
1.543021997892141 	 1.3802292808743199e-08
1.5440219978921408 	 1.381123778349249e-08
1.5450219978921407 	 1.3820182758241783e-08
1.5460219978921406 	 1.3829127732991072e-08
1.5470219978921405 	 1.3838072707740365e-08
1.5480219978921403 	 1.3847017682489656e-08
1.5490219978921402 	 1.3855962657238946e-08
1.5500219978921401 	 1.3864907631988238e-08
1.55102199789214 	 1.3873852606737527e-08
1.55202199789214 	 1.3882797581486815e-08
1.5530219978921398 	 1.3891742556236109e-08
1.5540219978921397 	 1.39006875309854e-08
1.5550219978921396 	 1.3909632505734691e-08
1.5560219978921395 	 1.391857748048398e-08
1.5570219978921394 	 1.3927522455233272e-08
1.5580219978921392 	 1.3936467429982564e-08
1.5590219978921391 	 1.3945412404731855e-08
1.560021997892139 	 1.3954357379481147e-08
1.561021997892139 	 1.3963302354230439e-08
1.5620219978921388 	 1.3972247328979727e-08
1.5630219978921387 	 1.398119230372902e-08
1.5640219978921386 	 1.399013727847831e-08
1.5650219978921385 	 1.39990822532276e-08
1.5660219978921384 	 1.4008027227976892e-08
1.5670219978921383 	 1.401697220272618e-08
1.5680219978921381 	 1.4025917177475474e-08
1.569021997892138 	 1.4034862152224765e-08
1.570021997892138 	 1.4043807126974053e-08
1.5710219978921378 	 1.4052752101723345e-08
1.5720219978921377 	 1.4061697076472636e-08
1.5730219978921376 	 1.4070642051221926e-08
1.5740219978921375 	 1.4079587025971218e-08
1.5750219978921374 	 1.4088532000720507e-08
1.5760219978921373 	 1.40974769754698e-08
1.5770219978921372 	 1.4106421950219089e-08
1.578021997892137 	 1.4115366924968378e-08
1.579021997892137 	 1.4124311899717668e-08
1.5800219978921368 	 1.413325687446696e-08
1.5810219978921367 	 1.4142201849216252e-08
1.5820219978921366 	 1.4151146823965541e-08
1.5830219978921365 	 1.4160091798714833e-08
1.5840219978921364 	 1.4169036773464123e-08
1.5850219978921363 	 1.4177981748213415e-08
1.5860219978921362 	 1.4186926722962706e-08
1.587021997892136 	 1.4195871697711996e-08
1.588021997892136 	 1.4204816672461288e-08
1.5890219978921358 	 1.4213761647210578e-08
1.5900219978921357 	 1.422270662195987e-08
1.5910219978921356 	 1.4231651596709159e-08
1.5920219978921355 	 1.4240596571458451e-08
1.5930219978921354 	 1.4249541546207743e-08
1.5940219978921353 	 1.425848652095703e-08
1.5950219978921352 	 1.4267431495706325e-08
1.596021997892135 	 1.4276376470455612e-08
1.597021997892135 	 1.4285321445204906e-08
1.5980219978921348 	 1.4294266419954193e-08
1.5990219978921347 	 1.4303211394703487e-08
1.6000219978921346 	 1.4312156369452777e-08
1.6010219978921345 	 1.4321101344202066e-08
1.6020219978921344 	 1.4330046318951356e-08
1.6030219978921343 	 1.4338991293700648e-08
1.6040219978921342 	 1.434793626844994e-08
1.605021997892134 	 1.4356881243199229e-08
1.606021997892134 	 1.436582621794852e-08
1.6070219978921338 	 1.4374771192697813e-08
1.6080219978921337 	 1.4383716167447103e-08
1.6090219978921336 	 1.4392661142196392e-08
1.6100219978921335 	 1.4401606116945684e-08
1.6110219978921334 	 1.4410551091694974e-08
1.6120219978921333 	 1.4419496066444263e-08
1.6130219978921332 	 1.4428441041193553e-08
1.614021997892133 	 1.4437386015942847e-08
1.615021997892133 	 1.4446330990692136e-08
1.6160219978921329 	 1.4455275965441428e-08
1.6170219978921327 	 1.4464220940190718e-08
1.6180219978921326 	 1.447316591494001e-08
1.6190219978921325 	 1.44821108896893e-08
1.6200219978921324 	 1.4491055864438589e-08
1.6210219978921323 	 1.4500000839187878e-08
1.6220219978921322 	 1.4508945813937171e-08
1.623021997892132 	 1.4517890788686458e-08
1.624021997892132 	 1.4526835763435749e-08
1.6250219978921319 	 1.4535780738185041e-08
1.6260219978921318 	 1.4544725712934333e-08
1.6270219978921316 	 1.455367068768362e-08
1.6280219978921315 	 1.4562615662432914e-08
1.6290219978921314 	 1.4571560637182202e-08
1.6300219978921313 	 1.4580505611931494e-08
1.6310219978921312 	 1.4589450586680786e-08
1.632021997892131 	 1.4598395561430077e-08
1.633021997892131 	 1.4607340536179369e-08
1.6340219978921309 	 1.4616285510928656e-08
1.6350219978921308 	 1.4625230485677948e-08
1.6360219978921307 	 1.4634175460427238e-08
1.6370219978921305 	 1.464312043517653e-08
1.6380219978921304 	 1.4652065409925819e-08
1.6390219978921303 	 1.4661010384675109e-08
1.6400219978921302 	 1.46699553594244e-08
1.64102199789213 	 1.4678900334173693e-08
1.64202199789213 	 1.4687845308922982e-08
1.6430219978921299 	 1.4696790283672272e-08
1.6440219978921298 	 1.4705735258421564e-08
1.6450219978921297 	 1.4714680233170853e-08
1.6460219978921296 	 1.4723625207920143e-08
1.6470219978921294 	 1.4732570182669432e-08
1.6480219978921293 	 1.4741515157418724e-08
1.6490219978921292 	 1.4750460132168014e-08
1.650021997892129 	 1.4759405106917308e-08
1.651021997892129 	 1.4768350081666597e-08
1.652021997892129 	 1.4777295056415887e-08
1.6530219978921288 	 1.4786240031165179e-08
1.6540219978921287 	 1.4795185005914468e-08
1.6550219978921286 	 1.4804129980663756e-08
1.6560219978921285 	 1.4813074955413047e-08
1.6570219978921283 	 1.482201993016234e-08
1.6580219978921282 	 1.4830964904911627e-08
1.6590219978921281 	 1.4839909879660923e-08
1.660021997892128 	 1.484885485441021e-08
1.661021997892128 	 1.4857799829159505e-08
1.6620219978921278 	 1.4866744803908794e-08
1.6630219978921277 	 1.487568977865808e-08
1.6640219978921276 	 1.4884634753407373e-08
1.6650219978921275 	 1.4893579728156662e-08
1.6660219978921273 	 1.4902524702905952e-08
1.6670219978921272 	 1.4911469677655244e-08
1.6680219978921271 	 1.4920414652404536e-08
1.669021997892127 	 1.4929359627153825e-08
1.670021997892127 	 1.4938304601903113e-08
1.6710219978921268 	 1.4947249576652405e-08
1.6720219978921267 	 1.4956194551401694e-08
1.6730219978921266 	 1.4965139526150983e-08
1.6740219978921265 	 1.4974084500900278e-08
1.6750219978921264 	 1.4983029475649567e-08
1.6760219978921262 	 1.499197445039886e-08
1.6770219978921261 	 1.5000919425148147e-08
1.678021997892126 	 1.5009864399897436e-08
1.679021997892126 	 1.5018809374646725e-08
1.6800219978921258 	 1.5027754349396017e-08
1.6810219978921257 	 1.503669932414531e-08
1.6820219978921256 	 1.50456442988946e-08
1.6830219978921255 	 1.505458927364389e-08
1.6840219978921254 	 1.506353424839318e-08
1.6850219978921253 	 1.5072479223142474e-08
1.6860219978921251 	 1.508142419789176e-08
1.687021997892125 	 1.509036917264105e-08
1.688021997892125 	 1.509931414739034e-08
1.6890219978921248 	 1.510825912213963e-08
1.6900219978921247 	 1.511720409688892e-08
1.6910219978921246 	 1.5126149071638212e-08
1.6920219978921245 	 1.5135094046387504e-08
1.6930219978921244 	 1.5144039021136793e-08
1.6940219978921243 	 1.5152983995886082e-08
1.6950219978921242 	 1.5161928970635374e-08
1.696021997892124 	 1.5170873945384666e-08
1.697021997892124 	 1.5179818920133954e-08
1.6980219978921238 	 1.5188763894883246e-08
1.6990219978921237 	 1.5197708869632535e-08
1.7000219978921236 	 1.5206653844381824e-08
1.7010219978921235 	 1.5215598819131116e-08
1.7020219978921234 	 1.5224543793880408e-08
1.7030219978921233 	 1.5233488768629697e-08
1.7040219978921232 	 1.524243374337899e-08
1.705021997892123 	 1.5251378718128277e-08
1.706021997892123 	 1.5260323692877566e-08
1.7070219978921228 	 1.5269268667626858e-08
1.7080219978921227 	 1.5278213642376147e-08
1.7090219978921226 	 1.5287158617125435e-08
1.7100219978921225 	 1.5296103591874727e-08
1.7110219978921224 	 1.530504856662402e-08
1.7120219978921223 	 1.5313993541373308e-08
1.7130219978921222 	 1.5322938516122597e-08
1.714021997892122 	 1.533188349087189e-08
1.715021997892122 	 1.534082846562118e-08
1.7160219978921218 	 1.5349773440370473e-08
1.7170219978921217 	 1.535871841511976e-08
1.7180219978921216 	 1.536766338986905e-08
1.7190219978921215 	 1.5376608364618342e-08
1.7200219978921214 	 1.538555333936763e-08
1.7210219978921213 	 1.5394498314116923e-08
1.7220219978921212 	 1.5403443288866208e-08
1.723021997892121 	 1.5412388263615504e-08
1.724021997892121 	 1.5421333238364796e-08
1.7250219978921209 	 1.5430278213114084e-08
1.7260219978921207 	 1.543922318786337e-08
1.7270219978921206 	 1.544816816261266e-08
1.7280219978921205 	 1.5457113137361954e-08
1.7290219978921204 	 1.5466058112111246e-08
1.7300219978921203 	 1.5475003086860534e-08
1.7310219978921202 	 1.5483948061609823e-08
1.73202199789212 	 1.5492893036359115e-08
1.73302199789212 	 1.5501838011108407e-08
1.7340219978921199 	 1.5510782985857696e-08
1.7350219978921197 	 1.5519727960606984e-08
1.7360219978921196 	 1.5528672935356273e-08
1.7370219978921195 	 1.5537617910105565e-08
1.7380219978921194 	 1.5546562884854854e-08
1.7390219978921193 	 1.5555507859604146e-08
1.7400219978921192 	 1.5564452834353438e-08
1.741021997892119 	 1.5573397809102727e-08
1.742021997892119 	 1.5582342783852015e-08
1.7430219978921189 	 1.5591287758601307e-08
1.7440219978921188 	 1.5600232733350596e-08
1.7450219978921186 	 1.5609177708099888e-08
1.7460219978921185 	 1.5618122682849177e-08
1.7470219978921184 	 1.562706765759847e-08
1.7480219978921183 	 1.563601263234776e-08
1.7490219978921182 	 1.564495760709705e-08
1.750021997892118 	 1.5653902581846338e-08
1.751021997892118 	 1.5662847556595627e-08
1.7520219978921179 	 1.567179253134492e-08
1.7530219978921178 	 1.5680737506094207e-08
1.7540219978921177 	 1.5689682480843496e-08
1.7550219978921175 	 1.5698627455592788e-08
1.7560219978921174 	 1.5707572430342077e-08
1.7570219978921173 	 1.5716517405091366e-08
1.7580219978921172 	 1.5725462379840654e-08
1.759021997892117 	 1.573440735458995e-08
1.760021997892117 	 1.5743352329339238e-08
1.7610219978921169 	 1.5752297304088527e-08
1.7620219978921168 	 1.5761242278837822e-08
1.7630219978921167 	 1.577018725358711e-08
1.7640219978921166 	 1.5779132228336403e-08
1.7650219978921164 	 1.578807720308569e-08
1.7660219978921163 	 1.5797022177834977e-08
1.7670219978921162 	 1.5805967152584272e-08
1.7680219978921161 	 1.5814912127333558e-08
1.769021997892116 	 1.5823857102082853e-08
1.770021997892116 	 1.583280207683214e-08
1.7710219978921158 	 1.584174705158143e-08
1.7720219978921157 	 1.585069202633072e-08
1.7730219978921156 	 1.585963700108001e-08
1.7740219978921155 	 1.58685819758293e-08
1.7750219978921153 	 1.587752695057859e-08
1.7760219978921152 	 1.5886471925327884e-08
1.7770219978921151 	 1.5895416900077173e-08
1.778021997892115 	 1.5904361874826465e-08
1.779021997892115 	 1.5913306849575753e-08
1.7800219978921148 	 1.5922251824325042e-08
1.7810219978921147 	 1.593119679907433e-08
1.7820219978921146 	 1.5940141773823623e-08
1.7830219978921145 	 1.594908674857291e-08
1.7840219978921144 	 1.5958031723322203e-08
1.7850219978921142 	 1.596697669807149e-08
1.7860219978921141 	 1.597592167282078e-08
1.787021997892114 	 1.5984866647570076e-08
1.788021997892114 	 1.5993811622319365e-08
1.7890219978921138 	 1.6002756597068653e-08
1.7900219978921137 	 1.6011701571817942e-08
1.7910219978921136 	 1.602064654656723e-08
1.7920219978921135 	 1.6029591521316523e-08
1.7930219978921134 	 1.6038536496065815e-08
1.7940219978921133 	 1.6047481470815104e-08
1.7950219978921131 	 1.6056426445564392e-08
1.796021997892113 	 1.6065371420313684e-08
1.797021997892113 	 1.6074316395062973e-08
1.7980219978921128 	 1.6083261369812262e-08
1.7990219978921127 	 1.6092206344561557e-08
1.8000219978921126 	 1.6101151319310846e-08
1.8010219978921125 	 1.611009629406013e-08
1.8020219978921124 	 1.6119041268809426e-08
1.8030219978921123 	 1.6127986243558712e-08
1.8040219978921122 	 1.6136931218308004e-08
1.805021997892112 	 1.6145876193057292e-08
1.806021997892112 	 1.615482116780658e-08
1.8070219978921118 	 1.6163766142555873e-08
1.8080219978921117 	 1.6172711117305162e-08
1.8090219978921116 	 1.6181656092054454e-08
1.8100219978921115 	 1.6190601066803746e-08
1.8110219978921114 	 1.6199546041553035e-08
1.8120219978921113 	 1.6208491016302323e-08
1.8130219978921112 	 1.6217435991051615e-08
1.814021997892111 	 1.6226380965800904e-08
1.815021997892111 	 1.6235325940550193e-08
1.8160219978921108 	 1.6244270915299485e-08
1.8170219978921107 	 1.6253215890048777e-08
1.8180219978921106 	 1.626216086479807e-08
1.8190219978921105 	 1.627110583954735e-08
1.8200219978921104 	 1.6280050814296646e-08
1.8210219978921103 	 1.628899578904593e-08
1.8220219978921102 	 1.6297940763795224e-08
1.82302199789211 	 1.6306885738544516e-08
1.82402199789211 	 1.6315830713293804e-08
1.8250219978921098 	 1.6324775688043093e-08
1.8260219978921097 	 1.633372066279238e-08
1.8270219978921096 	 1.6342665637541677e-08
1.8280219978921095 	 1.6351610612290962e-08
1.8290219978921094 	 1.6360555587040254e-08
1.8300219978921093 	 1.6369500561789543e-08
1.8310219978921092 	 1.6378445536538835e-08
1.832021997892109 	 1.6387390511288124e-08
1.833021997892109 	 1.6396335486037416e-08
1.8340219978921088 	 1.6405280460786704e-08
1.8350219978921087 	 1.6414225435535993e-08
1.8360219978921086 	 1.6423170410285282e-08
1.8370219978921085 	 1.6432115385034574e-08
1.8380219978921084 	 1.6441060359783866e-08
1.8390219978921083 	 1.6450005334533155e-08
1.8400219978921082 	 1.6458950309282447e-08
1.841021997892108 	 1.6467895284031735e-08
1.842021997892108 	 1.647684025878102e-08
1.8430219978921079 	 1.6485785233530313e-08
1.8440219978921077 	 1.64947302082796e-08
1.8450219978921076 	 1.6503675183028893e-08
1.8460219978921075 	 1.6512620157778185e-08
1.8470219978921074 	 1.652156513252747e-08
1.8480219978921073 	 1.6530510107276763e-08
1.8490219978921072 	 1.653945508202605e-08
1.850021997892107 	 1.6548400056775347e-08
1.851021997892107 	 1.6557345031524635e-08
1.8520219978921069 	 1.6566290006273924e-08
1.8530219978921068 	 1.6575234981023213e-08
1.8540219978921066 	 1.6584179955772505e-08
1.8550219978921065 	 1.6593124930521794e-08
1.8560219978921064 	 1.6602069905271082e-08
1.8570219978921063 	 1.661101488002037e-08
1.8580219978921062 	 1.6619959854769663e-08
1.859021997892106 	 1.662890482951895e-08
1.860021997892106 	 1.663784980426824e-08
1.8610219978921059 	 1.664679477901753e-08
1.8620219978921058 	 1.6655739753766824e-08
1.8630219978921057 	 1.6664684728516113e-08
1.8640219978921055 	 1.6673629703265402e-08
1.8650219978921054 	 1.6682574678014694e-08
1.8660219978921053 	 1.6691519652763982e-08
1.8670219978921052 	 1.670046462751327e-08
1.868021997892105 	 1.670940960226256e-08
1.869021997892105 	 1.6718354577011855e-08
1.8700219978921049 	 1.672729955176114e-08
1.8710219978921048 	 1.6736244526510433e-08
1.8720219978921047 	 1.6745189501259718e-08
1.8730219978921046 	 1.6754134476009013e-08
1.8740219978921044 	 1.67630794507583e-08
1.8750219978921043 	 1.677202442550759e-08
1.8760219978921042 	 1.678096940025688e-08
1.877021997892104 	 1.678991437500617e-08
1.878021997892104 	 1.679885934975546e-08
1.879021997892104 	 1.680780432450475e-08
1.8800219978921038 	 1.681674929925404e-08
1.8810219978921037 	 1.6825694274003333e-08
1.8820219978921036 	 1.683463924875262e-08
1.8830219978921034 	 1.6843584223501913e-08
1.8840219978921033 	 1.6852529198251202e-08
1.8850219978921032 	 1.686147417300049e-08
1.8860219978921031 	 1.6870419147749783e-08
1.887021997892103 	 1.687936412249907e-08
1.888021997892103 	 1.688830909724836e-08
1.8890219978921028 	 1.689725407199765e-08
1.8900219978921027 	 1.6906199046746938e-08
1.8910219978921026 	 1.6915144021496233e-08
1.8920219978921025 	 1.6924088996245518e-08
1.8930219978921023 	 1.6933033970994807e-08
1.8940219978921022 	 1.6941978945744102e-08
1.8950219978921021 	 1.6950923920493388e-08
1.896021997892102 	 1.695986889524268e-08
1.897021997892102 	 1.6968813869991965e-08
1.8980219978921018 	 1.697775884474126e-08
1.8990219978921017 	 1.6986703819490546e-08
1.9000219978921016 	 1.6995648794239838e-08
1.9010219978921015 	 1.7004593768989127e-08
1.9020219978921014 	 1.7013538743738415e-08
1.9030219978921012 	 1.702248371848771e-08
1.9040219978921011 	 1.7031428693237e-08
1.905021997892101 	 1.7040373667986288e-08
1.906021997892101 	 1.7049318642735577e-08
1.9070219978921008 	 1.7058263617484865e-08
1.9080219978921007 	 1.706720859223416e-08
1.9090219978921006 	 1.707615356698345e-08
1.9100219978921005 	 1.7085098541732735e-08
1.9110219978921004 	 1.7094043516482023e-08
1.9120219978921003 	 1.7102988491231315e-08
1.9130219978921001 	 1.7111933465980607e-08
1.9140219978921 	 1.7120878440729893e-08
1.9150219978921 	 1.7129823415479185e-08
1.9160219978920998 	 1.7138768390228474e-08
1.9170219978920997 	 1.7147713364977766e-08
1.9180219978920996 	 1.715665833972705e-08
1.9190219978920995 	 1.7165603314476346e-08
1.9200219978920994 	 1.717454828922563e-08
1.9210219978920993 	 1.7183493263974924e-08
1.9220219978920992 	 1.7192438238724216e-08
1.923021997892099 	 1.72013832134735e-08
1.924021997892099 	 1.7210328188222796e-08
1.9250219978920988 	 1.7219273162972085e-08
1.9260219978920987 	 1.7228218137721374e-08
1.9270219978920986 	 1.7237163112470666e-08
1.9280219978920985 	 1.7246108087219954e-08
1.9290219978920984 	 1.7255053061969243e-08
1.9300219978920983 	 1.7263998036718532e-08
1.9310219978920982 	 1.7272943011467824e-08
1.932021997892098 	 1.7281887986217113e-08
1.933021997892098 	 1.7290832960966405e-08
1.9340219978920978 	 1.729977793571569e-08
1.9350219978920977 	 1.7308722910464982e-08
1.9360219978920976 	 1.731766788521427e-08
1.9370219978920975 	 1.732661285996356e-08
1.9380219978920974 	 1.733555783471285e-08
1.9390219978920973 	 1.7344502809462143e-08
1.9400219978920972 	 1.735344778421143e-08
1.941021997892097 	 1.7362392758960717e-08
1.942021997892097 	 1.7371337733710013e-08
1.9430219978920968 	 1.73802827084593e-08
1.9440219978920967 	 1.738922768320859e-08
1.9450219978920966 	 1.7398172657957882e-08
1.9460219978920965 	 1.7407117632707167e-08
1.9470219978920964 	 1.741606260745646e-08
1.9480219978920963 	 1.7425007582205748e-08
1.9490219978920962 	 1.7433952556955037e-08
1.950021997892096 	 1.7442897531704332e-08
1.951021997892096 	 1.7451842506453618e-08
1.9520219978920959 	 1.7460787481202906e-08
1.9530219978920957 	 1.7469732455952195e-08
1.9540219978920956 	 1.747867743070149e-08
1.9550219978920955 	 1.7487622405450776e-08
1.9560219978920954 	 1.7496567380200064e-08
1.9570219978920953 	 1.7505512354949353e-08
1.9580219978920952 	 1.7514457329698645e-08
1.959021997892095 	 1.7523402304447937e-08
1.960021997892095 	 1.7532347279197222e-08
1.9610219978920949 	 1.7541292253946514e-08
1.9620219978920947 	 1.7550237228695807e-08
1.9630219978920946 	 1.7559182203445095e-08
1.9640219978920945 	 1.7568127178194384e-08
1.9650219978920944 	 1.7577072152943676e-08
1.9660219978920943 	 1.7586017127692965e-08
1.9670219978920942 	 1.7594962102442253e-08
1.968021997892094 	 1.7603907077191545e-08
1.969021997892094 	 1.761285205194083e-08
1.9700219978920939 	 1.7621797026690123e-08
1.9710219978920938 	 1.763074200143941e-08
1.9720219978920936 	 1.7639686976188707e-08
1.9730219978920935 	 1.7648631950937992e-08
1.9740219978920934 	 1.7657576925687284e-08
1.9750219978920933 	 1.7666521900436573e-08
1.9760219978920932 	 1.767546687518586e-08
1.977021997892093 	 1.768441184993515e-08
1.978021997892093 	 1.7693356824684442e-08
1.9790219978920929 	 1.7702301799433728e-08
1.9800219978920928 	 1.771124677418302e-08
1.9810219978920927 	 1.772019174893231e-08
1.9820219978920925 	 1.77291367236816e-08
1.9830219978920924 	 1.7738081698430892e-08
1.9840219978920923 	 1.774702667318018e-08
1.9850219978920922 	 1.775597164792947e-08
1.986021997892092 	 1.776491662267876e-08
1.987021997892092 	 1.7773861597428047e-08
1.9880219978920919 	 1.7782806572177336e-08
1.9890219978920918 	 1.7791751546926628e-08
1.9900219978920917 	 1.7800696521675916e-08
1.9910219978920916 	 1.7809641496425205e-08
1.9920219978920914 	 1.7818586471174494e-08
1.9930219978920913 	 1.7827531445923786e-08
1.9940219978920912 	 1.7836476420673078e-08
1.9950219978920911 	 1.7845421395422367e-08
1.996021997892091 	 1.7854366370171655e-08
1.997021997892091 	 1.7863311344920944e-08
1.9980219978920908 	 1.7872256319670233e-08
1.9990219978920907 	 1.7881201294419525e-08
