0.0010219978922 	 0.0
0.0020219978922 	 0.0
0.0030219978922 	 0.0
0.0040219978922 	 0.0
0.0050219978922 	 0.0
0.0060219978922 	 0.0
0.0070219978922 	 0.0
0.0080219978922 	 0.0
0.009021997892200002 	 0.0
0.010021997892200003 	 0.0
0.011021997892200004 	 0.0
0.012021997892200004 	 0.0
0.013021997892200005 	 0.0
0.014021997892200006 	 0.0
0.015021997892200007 	 0.0
0.016021997892200008 	 0.0
0.01702199789220001 	 0.0
0.01802199789220001 	 0.0
0.01902199789220001 	 0.0
0.02002199789220001 	 0.0
0.021021997892200012 	 0.0
0.022021997892200013 	 0.0
0.023021997892200014 	 0.0
0.024021997892200015 	 0.0
0.025021997892200016 	 0.0
0.026021997892200017 	 0.0
0.027021997892200018 	 0.0
0.02802199789220002 	 0.0
0.02902199789220002 	 0.0
0.03002199789220002 	 0.0
0.03102199789220002 	 0.0
0.03202199789220002 	 0.0
0.03302199789220002 	 0.0
0.03402199789220002 	 0.0
0.03502199789220002 	 0.0
0.03602199789220002 	 0.0
0.03702199789220002 	 0.0
0.038021997892200024 	 0.0
0.039021997892200025 	 0.0
0.040021997892200026 	 0.0
0.04102199789220003 	 0.0
0.04202199789220003 	 0.0
0.04302199789220003 	 0.0
0.04402199789220003 	 0.0
0.04502199789220003 	 0.0
0.04602199789220003 	 0.0
0.04702199789220003 	 0.0
0.04802199789220003 	 0.0
0.049021997892200034 	 0.0
0.050021997892200035 	 0.0
0.051021997892200036 	 0.0
0.052021997892200036 	 0.0
0.05302199789220004 	 0.0
0.05402199789220004 	 0.0
0.05502199789220004 	 0.0
0.05602199789220004 	 0.0
0.05702199789220004 	 0.0
0.05802199789220004 	 0.0
0.05902199789220004 	 0.0
0.060021997892200044 	 0.0
0.061021997892200044 	 0.0
0.062021997892200045 	 0.0
0.06302199789220005 	 0.0
0.06402199789220005 	 0.0
0.06502199789220005 	 0.0
0.06602199789220005 	 0.0
0.06702199789220005 	 0.0
0.06802199789220005 	 0.0
0.06902199789220005 	 0.0
0.07002199789220005 	 0.0
0.07102199789220005 	 0.0
0.07202199789220005 	 0.0
0.07302199789220006 	 0.0
0.07402199789220006 	 0.0
0.07502199789220006 	 0.0
0.07602199789220006 	 0.0
0.07702199789220006 	 0.0
0.07802199789220006 	 0.0
0.07902199789220006 	 0.0
0.08002199789220006 	 0.0
0.08102199789220006 	 0.0
0.08202199789220006 	 0.0
0.08302199789220006 	 0.0
0.08402199789220006 	 0.0
0.08502199789220007 	 0.0
0.08602199789220007 	 0.0
0.08702199789220007 	 0.0
0.08802199789220007 	 0.0
0.08902199789220007 	 0.0
0.09002199789220007 	 0.0
0.09102199789220007 	 0.0
0.09202199789220007 	 0.0
0.09302199789220007 	 0.0
0.09402199789220007 	 0.0
0.09502199789220007 	 0.0
0.09602199789220008 	 0.0
0.09702199789220008 	 0.0
0.09802199789220008 	 0.0
0.09902199789220008 	 0.0
0.10002199789220008 	 0.0
0.10102199789220008 	 0.0
0.10202199789220008 	 0.0
0.10302199789220008 	 0.0
0.10402199789220008 	 0.0
0.10502199789220008 	 0.0
0.10602199789220008 	 0.0
0.10702199789220009 	 0.0
0.10802199789220009 	 0.0
0.10902199789220009 	 0.0
0.11002199789220009 	 0.0
0.11102199789220009 	 0.0
0.11202199789220009 	 0.0
0.11302199789220009 	 0.0
0.11402199789220009 	 0.0
0.11502199789220009 	 0.0
0.1160219978922001 	 0.0
0.1170219978922001 	 0.0
0.1180219978922001 	 0.0
0.1190219978922001 	 0.0
0.1200219978922001 	 0.0
0.1210219978922001 	 0.0
0.1220219978922001 	 0.0
0.1230219978922001 	 0.0
0.1240219978922001 	 0.0
0.1250219978922001 	 0.0
0.1260219978922001 	 0.0
0.1270219978922001 	 0.0
0.1280219978922001 	 0.0
0.1290219978922001 	 0.0
0.1300219978922001 	 0.0
0.1310219978922001 	 0.0
0.1320219978922001 	 0.0
0.1330219978922001 	 0.0
0.1340219978922001 	 0.0
0.1350219978922001 	 0.0
0.1360219978922001 	 0.0
0.1370219978922001 	 0.0
0.1380219978922001 	 0.0
0.1390219978922001 	 0.0
0.1400219978922001 	 0.0
0.1410219978922001 	 0.0
0.1420219978922001 	 0.0
0.1430219978922001 	 0.0
0.1440219978922001 	 0.0
0.1450219978922001 	 0.0
0.1460219978922001 	 0.0
0.1470219978922001 	 0.0
0.1480219978922001 	 0.0
0.1490219978922001 	 0.0
0.1500219978922001 	 0.0
0.1510219978922001 	 0.0
0.1520219978922001 	 0.0
0.1530219978922001 	 0.0
0.1540219978922001 	 0.0
0.15502199789220011 	 0.0
0.15602199789220011 	 0.0
0.15702199789220012 	 0.0
0.15802199789220012 	 0.0
0.15902199789220012 	 0.0
0.16002199789220012 	 0.0
0.16102199789220012 	 0.0
0.16202199789220012 	 0.0
0.16302199789220012 	 0.0
0.16402199789220012 	 0.0
0.16502199789220012 	 0.0
0.16602199789220012 	 0.0
0.16702199789220012 	 0.0
0.16802199789220013 	 0.0
0.16902199789220013 	 0.0
0.17002199789220013 	 0.0
0.17102199789220013 	 0.0
0.17202199789220013 	 0.0
0.17302199789220013 	 0.0
0.17402199789220013 	 0.0
0.17502199789220013 	 0.0
0.17602199789220013 	 0.0
0.17702199789220013 	 0.0
0.17802199789220013 	 0.0
0.17902199789220014 	 0.0
0.18002199789220014 	 0.0
0.18102199789220014 	 0.0
0.18202199789220014 	 0.0
0.18302199789220014 	 0.0
0.18402199789220014 	 0.0
0.18502199789220014 	 0.0
0.18602199789220014 	 0.0
0.18702199789220014 	 0.0
0.18802199789220014 	 0.0
0.18902199789220014 	 0.0
0.19002199789220015 	 0.0
0.19102199789220015 	 0.0
0.19202199789220015 	 0.0
0.19302199789220015 	 0.0
0.19402199789220015 	 0.0
0.19502199789220015 	 0.0
0.19602199789220015 	 0.0
0.19702199789220015 	 0.0
0.19802199789220015 	 0.0
0.19902199789220015 	 0.0
0.20002199789220015 	 0.0
0.20102199789220015 	 0.0
0.20202199789220016 	 0.0
0.20302199789220016 	 0.0
0.20402199789220016 	 0.0
0.20502199789220016 	 0.0
0.20602199789220016 	 0.0
0.20702199789220016 	 0.0
0.20802199789220016 	 0.0
0.20902199789220016 	 0.0
0.21002199789220016 	 0.0
0.21102199789220016 	 0.0
0.21202199789220016 	 0.0006859821733554646
0.21302199789220017 	 0.0010646228848590507
0.21402199789220017 	 0.0013383798111380946
0.21502199789220017 	 0.0015634056570397175
0.21602199789220017 	 0.0017585498522120577
0.21702199789220017 	 0.0019329208133236065
0.21802199789220017 	 0.0020917529593815556
0.21902199789220017 	 0.002238386416136373
0.22002199789220017 	 0.0023751089404613216
0.22102199789220017 	 0.002503569991235607
0.22202199789220017 	 0.002625006089304704
0.22302199789220017 	 0.0027403730482354863
0.22402199789220018 	 0.0028504282138537653
0.22502199789220018 	 0.002955784049339514
0.22602199789220018 	 0.00305694440620636
0.22702199789220018 	 0.0031543298691799593
0.22802199789220018 	 0.003248295950507796
0.22902199789220018 	 0.003339146457297267
0.23002199789220018 	 0.003427143512192676
0.23102199789220018 	 0.0035125151990752865
0.23202199789220018 	 0.0035954614884826483
0.23302199789220018 	 0.0036761588941407325
0.23402199789220018 	 0.0037547641782650376
0.23502199789220019 	 0.0038314173333030108
0.23602199789220019 	 0.00390624400600796
0.2370219978922002 	 0.003979357486534247
0.2380219978922002 	 0.004050860354532796
0.2390219978922002 	 0.0041208458520621775
0.2400219978922002 	 0.004189399036913447
0.2410219978922002 	 0.004256597757929601
0.2420219978922002 	 0.004322513484890967
0.2430219978922002 	 0.004387212018710033
0.2440219978922002 	 0.004450754102452685
0.2450219978922002 	 0.0045131959496647195
0.2460219978922002 	 0.004574589703335399
0.2470219978922002 	 0.004634983836357021
0.2480219978922002 	 0.004694423502381925
0.2490219978922002 	 0.004752950844417297
0.2500219978922002 	 0.004810605267245186
0.2510219978922002 	 0.004867423678742778
0.2520219978922002 	 0.004923440704355503
0.2530219978922002 	 0.0049786888783030815
0.2540219978922002 	 0.005033198814546338
0.2550219978922002 	 0.005086999360086345
0.2560219978922002 	 0.005140117732788928
0.2570219978922002 	 0.0051925796456119885
0.2580219978922002 	 0.005244409418848842
0.2590219978922002 	 0.005295630081778647
0.2600219978922002 	 0.00534626346492747
0.2610219978922002 	 0.005396330283984618
0.2620219978922002 	 0.00544585021628377
0.2630219978922002 	 0.005494841970643125
0.2640219978922002 	 0.005543323351260046
0.2650219978922002 	 0.005591311316270891
0.2660219978922002 	 0.005638822031513646
0.2670219978922002 	 0.005685870919967835
0.2680219978922002 	 0.0057324727072915185
0.2690219978922002 	 0.005778641463827539
0.2700219978922002 	 0.0058243906434099066
0.2710219978922002 	 0.005869733119264885
0.2720219978922002 	 0.0059146812172697774
0.2730219978922002 	 0.0059592467468045675
0.2740219978922002 	 0.006003441029407097
0.2750219978922002 	 0.0060472749254209595
0.2760219978922002 	 0.006090758858806191
0.2770219978922002 	 0.006133902840266019
0.2780219978922002 	 0.006176716488827967
0.2790219978922002 	 0.006219209052004298
0.2800219978922002 	 0.0062613894246449945
0.2810219978922002 	 0.006303266166585876
0.2820219978922002 	 0.006344847519185041
0.2830219978922002 	 0.006386141420832404
0.28402199789220023 	 0.0064271555215094514
0.28502199789220023 	 0.0064678971964696646
0.28602199789220023 	 0.006508373559103827
0.28702199789220023 	 0.006548591473048998
0.28802199789220023 	 0.006588557563594967
0.28902199789220023 	 0.0066282782284374665
0.29002199789220023 	 0.006667759647823422
0.29102199789220023 	 0.0067070077941298045
0.29202199789220024 	 0.006746028440914325
0.29302199789220024 	 0.006784827171473192
0.29402199789220024 	 0.006823409386938386
0.29502199789220024 	 0.0068617803139444
0.29602199789220024 	 0.00689994501189211
0.29702199789220024 	 0.006937908379835367
0.29802199789220024 	 0.006975675163013958
0.29902199789220024 	 0.007013249959054908
0.30002199789220024 	 0.007050637223862415
0.30102199789220024 	 0.00708784127721531
0.30202199789220024 	 0.007124866308089574
0.30302199789220025 	 0.007161716379722201
0.30402199789220025 	 0.0071983954344315626
0.30502199789220025 	 0.0072349072982084124
0.30602199789220025 	 0.007271255685090676
0.30702199789220025 	 0.007307444201334298
0.30802199789220025 	 0.007343476349391607
0.30902199789220025 	 0.007379355531707891
0.31002199789220025 	 0.0074150850543462125
0.31102199789220025 	 0.007450668130449768
0.31202199789220025 	 0.007486107883550596
0.31302199789220025 	 0.007521407350732831
0.31402199789220026 	 0.007556569485658171
0.31502199789220026 	 0.007591597161460798
0.31602199789220026 	 0.007626493173518513
0.31702199789220026 	 0.007661260242106425
0.31802199789220026 	 0.007695901014939218
0.31902199789220026 	 0.007730418069607559
0.32002199789220026 	 0.007764813915913976
0.32102199789220026 	 0.0077990909981131675
0.32202199789220026 	 0.007833251697061422
0.32302199789220026 	 0.007867298332279601
0.32402199789220026 	 0.0079012331639338
0.32502199789220027 	 0.00793505839473768
0.32602199789220027 	 0.007968776171780129
0.32702199789220027 	 0.008002388588281794
0.32802199789220027 	 0.008035897685283783
0.32902199789220027 	 0.008069305453271664
0.33002199789220027 	 0.008102613833737747
0.33102199789220027 	 0.008135824720684425
0.33202199789220027 	 0.008168939962071244
0.33302199789220027 	 0.008201961361208227
0.3340219978922003 	 0.008234890678097807
0.3350219978922003 	 0.008267729630727664
0.3360219978922003 	 0.008300479896316586
0.3370219978922003 	 0.008333143112515396
0.3380219978922003 	 0.008365720878564872
0.3390219978922003 	 0.008398214756412515
0.3400219978922003 	 0.008430626271789858
0.3410219978922003 	 0.008462956915252057
0.3420219978922003 	 0.008495208143181247
0.3430219978922003 	 0.008527381378755208
0.3440219978922003 	 0.008559478012882798
0.3450219978922003 	 0.008591499405107443
0.3460219978922003 	 0.008623446884480013
0.3470219978922003 	 0.008655321750402333
0.3480219978922003 	 0.008687125273442479
0.3490219978922003 	 0.00871885869612296
0.3500219978922003 	 0.008750523233682915
0.3510219978922003 	 0.008782120074815282
0.3520219978922003 	 0.008813650382379938
0.3530219978922003 	 0.008845115294093753
0.3540219978922003 	 0.008876515923198405
0.3550219978922003 	 0.008907853359106831
0.3560219978922003 	 0.008939128668029152
0.3570219978922003 	 0.008970342893578736
0.3580219978922003 	 0.009001497057359305
0.3590219978922003 	 0.00903259215953363
0.3600219978922003 	 0.00906362917937461
0.3610219978922003 	 0.00909460907579931
0.3620219978922003 	 0.009125532787886616
0.3630219978922003 	 0.009156401235379094
0.3640219978922003 	 0.009187215319169615
0.3650219978922003 	 0.009217975921773276
0.3660219978922003 	 0.009248683907785209
0.3670219978922003 	 0.009279340124324664
0.3680219978922003 	 0.009309945401465954
0.3690219978922003 	 0.00934050055265668
0.3700219978922003 	 0.009371006375123638
0.3710219978922003 	 0.009401463650266935
0.3720219978922003 	 0.009431873144042582
0.3730219978922003 	 0.00946223560733411
0.3740219978922003 	 0.009492551776313444
0.3750219978922003 	 0.009522822372791498
0.3760219978922003 	 0.009553048104558773
0.3770219978922003 	 0.009583229665716328
0.3780219978922003 	 0.00961336773699743
0.3790219978922003 	 0.009643462986080199
0.3800219978922003 	 0.009673516067891512
0.3810219978922003 	 0.009703527624902534
0.3820219978922003 	 0.009733498287416015
0.3830219978922003 	 0.009763428673845775
0.3840219978922003 	 0.009793319390988486
0.3850219978922003 	 0.009823171034288121
0.3860219978922003 	 0.00985298418809318
0.3870219978922003 	 0.009882759425907045
0.3880219978922003 	 0.009912497310631596
0.3890219978922003 	 0.009942198394804314
0.3900219978922003 	 0.009971863220829106
0.3910219978922003 	 0.010001492321201039
0.3920219978922003 	 0.010031086218725116
0.3930219978922003 	 0.010060645426729357
0.3940219978922003 	 0.010090170449272316
0.3950219978922003 	 0.010119661781345194
0.39602199789220033 	 0.010149119909068763
0.39702199789220033 	 0.010178545309885175
0.39802199789220033 	 0.010207938452744909
0.39902199789220033 	 0.010237299798288897
0.40002199789220033 	 0.01026662979902608
0.40102199789220033 	 0.010295928899506429
0.40202199789220033 	 0.010325197536489633
0.40302199789220033 	 0.010354436139109557
0.40402199789220034 	 0.01038364512903459
0.40502199789220034 	 0.010412824920624007
0.40602199789220034 	 0.010441975921080468
0.40702199789220034 	 0.01047109853059875
0.40802199789220034 	 0.010500193142510827
0.40902199789220034 	 0.010529260143427423
0.41002199789220034 	 0.01055829991337609
0.41102199789220034 	 0.01058731282593595
0.41202199789220034 	 0.010616299248369196
0.41302199789220034 	 0.010645259541749422
0.41402199789220034 	 0.010674194061086861
0.41502199789220034 	 0.010703103155450661
0.41602199789220035 	 0.010731987168088247
0.41702199789220035 	 0.010760846436541845
0.41802199789220035 	 0.010789681292762282
0.41902199789220035 	 0.010818492063220081
0.42002199789220035 	 0.010847279069013999
0.42102199789220035 	 0.010876042625976986
0.42202199789220035 	 0.010904783044779728
0.42302199789220035 	 0.010933500631031767
0.42402199789220035 	 0.010962195685380306
0.42502199789220035 	 0.010990868503606728
0.42602199789220035 	 0.011019519376720938
0.42702199789220036 	 0.011048148591053518
0.42802199789220036 	 0.011076756428345817
0.42902199789220036 	 0.011105343165838001
0.43002199789220036 	 0.011133909076355097
0.43102199789220036 	 0.011162454428391134
0.43202199789220036 	 0.01119097948619138
0.43302199789220036 	 0.011219484509832765
0.43402199789220036 	 0.011247969755302482
0.43502199789220036 	 0.011276435474574903
0.43602199789220036 	 0.011304881915686748
0.43702199789220036 	 0.011333309322810625
0.43802199789220037 	 0.011361717936326957
0.43902199789220037 	 0.01139010799289436
0.44002199789220037 	 0.011418479725518417
0.44102199789220037 	 0.011446833363619074
0.44202199789220037 	 0.011475169133096482
0.44302199789220037 	 0.01150348725639546
0.44402199789220037 	 0.011531787952568604
0.44502199789220037 	 0.011560071437337982
0.4460219978922004 	 0.011588337923155573
0.4470219978922004 	 0.011616587619262389
0.4480219978922004 	 0.01164482073174636
0.4490219978922004 	 0.01167303746359899
0.4500219978922004 	 0.011701238014770837
0.4510219978922004 	 0.011729422582225797
0.4520219978922004 	 0.011757591359994303
0.4530219978922004 	 0.011785744539225367
0.4540219978922004 	 0.01181388230823758
0.4550219978922004 	 0.011842004852569034
0.4560219978922004 	 0.011870112355026224
0.4570219978922004 	 0.011898204995731946
0.4580219978922004 	 0.0119262829521722
0.4590219978922004 	 0.011954346399242165
0.4600219978922004 	 0.011982395509291206
0.4610219978922004 	 0.012010430452166976
0.4620219978922004 	 0.012038451395258653
0.4630219978922004 	 0.012066458503539245
0.4640219978922004 	 0.012094451939607133
0.4650219978922004 	 0.01212243186372668
0.4660219978922004 	 0.01215039843386811
0.4670219978922004 	 0.012178351805746552
0.4680219978922004 	 0.012206292132860319
0.4690219978922004 	 0.012234219566528428
0.4700219978922004 	 0.01226213425592738
0.4710219978922004 	 0.01229003634812721
0.4720219978922004 	 0.012317925988126848
0.4730219978922004 	 0.012345803318888772
0.4740219978922004 	 0.012373668481372974
0.4750219978922004 	 0.012401521614570293
0.4760219978922004 	 0.012429362855535102
0.4770219978922004 	 0.01245719233941732
0.4780219978922004 	 0.012485010199493855
0.4790219978922004 	 0.012512816567199431
0.4800219978922004 	 0.012540611572156796
0.4810219978922004 	 0.012568395342206395
0.4820219978922004 	 0.012596168003435451
0.4830219978922004 	 0.012623929680206489
0.4840219978922004 	 0.012651680495185348
0.4850219978922004 	 0.012679420569368634
0.4860219978922004 	 0.01270715002211067
0.4870219978922004 	 0.012734868971149931
0.4880219978922004 	 0.012762577532635017
0.4890219978922004 	 0.012790275821150074
0.4900219978922004 	 0.012817963949739818
0.4910219978922004 	 0.012845642029934027
0.4920219978922004 	 0.012873310171771638
0.4930219978922004 	 0.012900968483824346
0.4940219978922004 	 0.012928617073219828
0.4950219978922004 	 0.01295625604566445
0.4960219978922004 	 0.01298388550546567
0.4970219978922004 	 0.01301150555555394
0.4980219978922004 	 0.01303911629750426
0.4990219978922004 	 0.013066717831557313
0.5000219978922004 	 0.01309431025664024
0.5010219978922004 	 0.013121893670387016
0.5020219978922004 	 0.013149468169158475
0.5030219978922004 	 0.013177033848061976
0.5040219978922004 	 0.013204590800970693
0.5050219978922004 	 0.013232139120542602
0.5060219978922004 	 0.01325967889823908
0.5070219978922004 	 0.013287210224343215
0.5080219978922004 	 0.013314733187977759
0.5090219978922004 	 0.013342247877122803
0.5100219978922004 	 0.013369754378633084
0.5110219978922004 	 0.013397252778255033
0.5120219978922004 	 0.013424743160643514
0.5130219978922004 	 0.013452225609378253
0.5140219978922004 	 0.013479700206979996
0.5150219978922004 	 0.013507167034926385
0.5160219978922004 	 0.013534626173667548
0.5170219978922004 	 0.01356207770264143
0.5180219978922004 	 0.013589521700288843
0.5190219978922004 	 0.013616958244068278
0.5200219978922004 	 0.013644387410470438
0.5210219978922004 	 0.013671809275032545
0.5220219978922004 	 0.013699223912352405
0.5230219978922004 	 0.013726631396102165
0.5240219978922004 	 0.01375403179904196
0.5250219978922004 	 0.013781425193033199
0.5260219978922004 	 0.01380881164905172
0.5270219978922004 	 0.013836191237200672
0.5280219978922004 	 0.0138635640267232
0.5290219978922004 	 0.013890930086014896
0.5300219978922004 	 0.013918289482636082
0.5310219978922004 	 0.01394564228332383
0.5320219978922004 	 0.013972988554003838
0.5330219978922004 	 0.014000328359802071
0.5340219978922004 	 0.014027661765056211
0.5350219978922004 	 0.014054988833326934
0.5360219978922004 	 0.014082309627409013
0.5370219978922004 	 0.014109624209342165
0.5380219978922004 	 0.014136932640421816
0.5390219978922004 	 0.014164234981209623
0.5400219978922004 	 0.014191531291543864
0.5410219978922004 	 0.014218821630549596
0.5420219978922004 	 0.014246106056648734
0.5430219978922004 	 0.014273384627569913
0.5440219978922004 	 0.014300657400358161
0.5450219978922004 	 0.014327924431384509
0.5460219978922004 	 0.014355185776355344
0.5470219978922004 	 0.014382441490321668
0.5480219978922004 	 0.014409691627688221
0.5490219978922004 	 0.014436936242222396
0.5500219978922004 	 0.014464175387063058
0.5510219978922004 	 0.014491409114729235
0.5520219978922004 	 0.014518637477128615
0.5530219978922004 	 0.014545860525565954
0.5540219978922004 	 0.014573078310751348
0.5550219978922004 	 0.014600290882808335
0.5560219978922004 	 0.01462749829128193
0.5570219978922004 	 0.014654700585146466
0.5580219978922004 	 0.014681897812813356
0.5590219978922004 	 0.014709090022138752
0.5600219978922004 	 0.014736277260430997
0.5610219978922004 	 0.01476345957445807
0.5620219978922004 	 0.014790637010454844
0.5630219978922004 	 0.014817809614130237
0.5640219978922004 	 0.014844977430674278
0.5650219978922004 	 0.014872140504765045
0.5660219978922004 	 0.01489929888057552
0.5670219978922004 	 0.01492645260178028
0.5680219978922004 	 0.014953601711562164
0.5690219978922004 	 0.014980746252618766
0.5700219978922004 	 0.01500788626716889
0.5710219978922004 	 0.015035021796958845
0.5720219978922004 	 0.015062152883268705
0.5730219978922004 	 0.015089279566918419
0.5740219978922004 	 0.01511640188827388
0.5750219978922004 	 0.01514351988725284
0.5760219978922004 	 0.015170633603330805
0.5770219978922004 	 0.015197743075546789
0.5780219978922004 	 0.015224848342508998
0.5790219978922004 	 0.015251949442400431
0.5800219978922004 	 0.015279046412984406
0.5810219978922004 	 0.015306139291609977
0.5820219978922004 	 0.015333228115217291
0.5830219978922004 	 0.015360312920342876
0.5840219978922004 	 0.015387393743124799
0.5850219978922004 	 0.015414470619307818
0.5860219978922004 	 0.015441543584248395
0.5870219978922004 	 0.015468612672919694
0.5880219978922004 	 0.015495677919916427
0.5890219978922004 	 0.01552273935945972
0.5900219978922004 	 0.01554979702540184
0.5910219978922004 	 0.015576850951230875
0.5920219978922004 	 0.015603901170075343
0.5930219978922004 	 0.01563094771470876
0.5940219978922004 	 0.015657990617554084
0.5950219978922004 	 0.015685029910688146
0.5960219978922005 	 0.015712065625845997
0.5970219978922005 	 0.015739097794425203
0.5980219978922005 	 0.015766126447490036
0.5990219978922005 	 0.01579315161577568
0.6000219978922005 	 0.01582017332969229
0.6010219978922005 	 0.015847191619329085
0.6020219978922005 	 0.015874206514458283
0.6030219978922005 	 0.015901218044539065
0.6040219978922005 	 0.01592822623872143
0.6050219978922005 	 0.01595523112585003
0.6060219978922005 	 0.015982232734467895
0.6070219978922005 	 0.016009231092820184
0.6080219978922005 	 0.016036226228857836
0.6090219978922005 	 0.016063218170241145
0.6100219978922005 	 0.016090206944343346
0.6110219978922005 	 0.016117192578254093
0.6120219978922005 	 0.016144175098782947
0.6130219978922005 	 0.016171154532462748
0.6140219978922005 	 0.016198130905552985
0.6150219978922005 	 0.016225104244043134
0.6160219978922005 	 0.016252074573655868
0.6170219978922005 	 0.016279041919850322
0.6180219978922005 	 0.01630600630782526
0.6190219978922005 	 0.0163329677625222
0.6200219978922005 	 0.016359926308628488
0.6210219978922005 	 0.01638688197058038
0.6220219978922005 	 0.01641383477256599
0.6230219978922005 	 0.016440784738528304
0.6240219978922005 	 0.01646773189216808
0.6250219978922005 	 0.016494676256946717
0.6260219978922005 	 0.016521617856089115
0.6270219978922005 	 0.01654855671258646
0.6280219978922005 	 0.016575492849199017
0.6290219978922005 	 0.01660242628845881
0.6300219978922005 	 0.016629357052672353
0.6310219978922005 	 0.016656285163923285
0.6320219978922005 	 0.016683210644074995
0.6330219978922005 	 0.016710133514773195
0.6340219978922005 	 0.016737053797448456
0.6350219978922005 	 0.016763971513318748
0.6360219978922005 	 0.016790886683391907
0.6370219978922005 	 0.016817799328468067
0.6380219978922005 	 0.016844709469142086
0.6390219978922005 	 0.016871617125805927
0.6400219978922005 	 0.016898522318651008
0.6410219978922005 	 0.0169254250676705
0.6420219978922005 	 0.016952325392661626
0.6430219978922005 	 0.016979223313227938
0.6440219978922005 	 0.017006118848781508
0.6450219978922005 	 0.017033012018545138
0.6460219978922005 	 0.017059902841554536
0.6470219978922005 	 0.017086791336660447
0.6480219978922005 	 0.017113677522530762
0.6490219978922005 	 0.017140561417652606
0.6500219978922005 	 0.017167443040334397
0.6510219978922005 	 0.017194322408707868
0.6520219978922005 	 0.01722119954073006
0.6530219978922005 	 0.017248074454185327
0.6540219978922005 	 0.017274947166687253
0.6550219978922005 	 0.01730181769568061
0.6560219978922005 	 0.017328686058443232
0.6570219978922005 	 0.0173555522720879
0.6580219978922005 	 0.017382416353564193
0.6590219978922005 	 0.017409278319660323
0.6600219978922005 	 0.017436138187004922
0.6610219978922005 	 0.017462995972068848
0.6620219978922005 	 0.017489851691166902
0.6630219978922005 	 0.017516705360459617
0.6640219978922005 	 0.01754355699595493
0.6650219978922005 	 0.017570406613509882
0.6660219978922005 	 0.0175972542288323
0.6670219978922005 	 0.017624099857482433
0.6680219978922005 	 0.017650943514874586
0.6690219978922005 	 0.017677785216278722
0.6700219978922005 	 0.017704624976822056
0.6710219978922005 	 0.017731462811490607
0.6720219978922005 	 0.01775829873513076
0.6730219978922005 	 0.017785132762450792
0.6740219978922005 	 0.01781196490802237
0.6750219978922005 	 0.017838795186282046
0.6760219978922005 	 0.01786562361153272
0.6770219978922005 	 0.01789245019794511
0.6780219978922005 	 0.017919274959559174
0.6790219978922005 	 0.017946097910285508
0.6800219978922005 	 0.01797291906390679
0.6810219978922005 	 0.01799973843407911
0.6820219978922005 	 0.01802655603433337
0.6830219978922005 	 0.018053371878076614
0.6840219978922005 	 0.018080185978593354
0.6850219978922005 	 0.01810699834904692
0.6860219978922005 	 0.018133809002480697
0.6870219978922005 	 0.018160617951819443
0.6880219978922005 	 0.018187425209870583
0.6890219978922005 	 0.01821423078932539
0.6900219978922005 	 0.018241034702760277
0.6910219978922005 	 0.018267836962637996
0.6920219978922005 	 0.01829463758130883
0.6930219978922005 	 0.018321436571011825
0.6940219978922005 	 0.018348233943875903
0.6950219978922005 	 0.0183750297119211
0.6960219978922005 	 0.018401823887059635
0.6970219978922005 	 0.0184286164810971
0.6980219978922005 	 0.018455407505733563
0.6990219978922005 	 0.01848219697256467
0.7000219978922005 	 0.018508984893082735
0.7010219978922005 	 0.018535771278677834
0.7020219978922005 	 0.01856255614063885
0.7030219978922005 	 0.01858933949015455
0.7040219978922005 	 0.01861612133831462
0.7050219978922005 	 0.01864290169611069
0.7060219978922005 	 0.018669680574437342
0.7070219978922005 	 0.018696457984093133
0.7080219978922005 	 0.01872323393578158
0.7090219978922006 	 0.018750008440112136
0.7100219978922006 	 0.018776781507601162
0.7110219978922006 	 0.018803553148672898
0.7120219978922006 	 0.01883032337366037
0.7130219978922006 	 0.01885709219280639
0.7140219978922006 	 0.018883859616264417
0.7150219978922006 	 0.018910625654099504
0.7160219978922006 	 0.01893739031628919
0.7170219978922006 	 0.018964153612724407
0.7180219978922006 	 0.01899091555321033
0.7190219978922006 	 0.019017676147467296
0.7200219978922006 	 0.01904443540513161
0.7210219978922006 	 0.019071193335756433
0.7220219978922006 	 0.019097949948812625
0.7230219978922006 	 0.01912470525368955
0.7240219978922006 	 0.019151459259695927
0.7250219978922006 	 0.019178211976060608
0.7260219978922006 	 0.019204963411933413
0.7270219978922006 	 0.019231713576385936
0.7280219978922006 	 0.019258462478412255
0.7290219978922006 	 0.019285210126929797
0.7300219978922006 	 0.01931195653078005
0.7310219978922006 	 0.01933870169872934
0.7320219978922006 	 0.01936544563946957
0.7330219978922006 	 0.019392188361618972
0.7340219978922006 	 0.01941892987372284
0.7350219978922006 	 0.01944567018425422
0.7360219978922006 	 0.01947240930161469
0.7370219978922006 	 0.019499147234135004
0.7380219978922006 	 0.019525883990075817
0.7390219978922006 	 0.019552619577628393
0.7400219978922006 	 0.019579354004915245
0.7410219978922006 	 0.01960608727999088
0.7420219978922006 	 0.01963281941084237
0.7430219978922006 	 0.019659550405390108
0.7440219978922006 	 0.019686280271488398
0.7450219978922006 	 0.019713009016926145
0.7460219978922006 	 0.019739736649427447
0.7470219978922006 	 0.01976646317665226
0.7480219978922006 	 0.019793188606197016
0.7490219978922006 	 0.019819912945595246
0.7500219978922006 	 0.01984663620231816
0.7510219978922006 	 0.01987335838377528
0.7520219978922006 	 0.019900079497315055
0.7530219978922006 	 0.019926799550225385
0.7540219978922006 	 0.019953518549734272
0.7550219978922006 	 0.01998023650301036
0.7560219978922006 	 0.02000695341716352
0.7570219978922006 	 0.020033669299245424
0.7580219978922006 	 0.020060384156250066
0.7590219978922006 	 0.02008709799511436
0.7600219978922006 	 0.020113810822718643
0.7610219978922006 	 0.02014052264588727
0.7620219978922006 	 0.020167233471389084
0.7630219978922006 	 0.020193943305937993
0.7640219978922006 	 0.020220652156193474
0.7650219978922006 	 0.020247360028761083
0.7660219978922006 	 0.020274066930192985
0.7670219978922006 	 0.020300772866988438
0.7680219978922006 	 0.02032747784559432
0.7690219978922006 	 0.020354181872405598
0.7700219978922006 	 0.020380884953765825
0.7710219978922006 	 0.020407587095967638
0.7720219978922006 	 0.020434288305253213
0.7730219978922006 	 0.020460988587814765
0.7740219978922006 	 0.020487687949794997
0.7750219978922006 	 0.02051438639728757
0.7760219978922006 	 0.020541083936337554
0.7770219978922006 	 0.0205677805729419
0.7780219978922006 	 0.020594476313049875
0.7790219978922006 	 0.020621171162563512
0.7800219978922006 	 0.020647865127338027
0.7810219978922006 	 0.02067455821318231
0.7820219978922006 	 0.02070125042585928
0.7830219978922006 	 0.020727941771086365
0.7840219978922006 	 0.02075463225453591
0.7850219978922006 	 0.020781321881835582
0.7860219978922006 	 0.02080801065856879
0.7870219978922006 	 0.0208346985902751
0.7880219978922006 	 0.02086138568245062
0.7890219978922006 	 0.0208880719405484
0.7900219978922006 	 0.02091475736997887
0.7910219978922006 	 0.02094144197611016
0.7920219978922006 	 0.020968125764268545
0.7930219978922006 	 0.0209948087397388
0.7940219978922006 	 0.021021490907764583
0.7950219978922006 	 0.02104817227354882
0.7960219978922006 	 0.021074852842254046
0.7970219978922006 	 0.021101532619002817
0.7980219978922006 	 0.02112821160887803
0.7990219978922006 	 0.021154889816923313
0.8000219978922006 	 0.02118156724814336
0.8010219978922006 	 0.021208243907504292
0.8020219978922006 	 0.021234919799934006
0.8030219978922006 	 0.021261594930322522
0.8040219978922006 	 0.021288269303522307
0.8050219978922006 	 0.021314942924348632
0.8060219978922006 	 0.021341615797579903
0.8070219978922006 	 0.021368287927957978
0.8080219978922006 	 0.021394959320188506
0.8090219978922006 	 0.021421629978941252
0.8100219978922006 	 0.021448299908850416
0.8110219978922006 	 0.021474969114514936
0.8120219978922006 	 0.021501637600498825
0.8130219978922006 	 0.02152830537133146
0.8140219978922006 	 0.021554972431507908
0.8150219978922006 	 0.02158163878548922
0.8160219978922006 	 0.02160830443770273
0.8170219978922006 	 0.021634969392542367
0.8180219978922006 	 0.02166163365436893
0.8190219978922006 	 0.021688297227510398
0.8200219978922006 	 0.021714960116262214
0.8210219978922007 	 0.021741622324887556
0.8220219978922007 	 0.02176828385761765
0.8230219978922007 	 0.021794944718652034
0.8240219978922007 	 0.02182160491215882
0.8250219978922007 	 0.021848264442275004
0.8260219978922007 	 0.02187492331310671
0.8270219978922007 	 0.021901581528729473
0.8280219978922007 	 0.021928239093188508
0.8290219978922007 	 0.02195489601049894
0.8300219978922007 	 0.021981552284646138
0.8310219978922007 	 0.022008207919585885
0.8320219978922007 	 0.022034862919244703
0.8330219978922007 	 0.02206151728752009
0.8340219978922007 	 0.022088171028280743
0.8350219978922007 	 0.02211482414536684
0.8360219978922007 	 0.022141476642590266
0.8370219978922007 	 0.02216812852373487
0.8380219978922007 	 0.0221947797925567
0.8390219978922007 	 0.02222143045278424
0.8400219978922007 	 0.022248080508118655
0.8410219978922007 	 0.022274729962234015
0.8420219978922007 	 0.02230137881877754
0.8430219978922007 	 0.022328027081369804
0.8440219978922007 	 0.022354674753605
0.8450219978922007 	 0.022381321839051137
0.8460219978922007 	 0.022407968341250268
0.8470219978922007 	 0.02243461426371872
0.8480219978922007 	 0.022461259609947305
0.8490219978922007 	 0.022487904383401546
0.8500219978922007 	 0.022514548587521874
0.8510219978922007 	 0.022541192225723844
0.8520219978922007 	 0.022567835301398383
0.8530219978922007 	 0.022594477817911927
0.8540219978922007 	 0.022621119778606712
0.8550219978922007 	 0.02264776118680089
0.8560219978922007 	 0.022674402045788803
0.8570219978922007 	 0.02270104235884115
0.8580219978922007 	 0.022727682129205184
0.8590219978922007 	 0.022754321360104926
0.8600219978922007 	 0.022780960054741343
0.8610219978922007 	 0.02280759821629254
0.8620219978922007 	 0.022834235847913987
0.8630219978922007 	 0.022860872952738646
0.8640219978922007 	 0.022887509533877203
0.8650219978922007 	 0.022914145594418258
0.8660219978922007 	 0.022940781137428458
0.8670219978922007 	 0.022967416165952746
0.8680219978922007 	 0.0229940506830145
0.8690219978922007 	 0.02302068469161571
0.8700219978922007 	 0.02304731819473718
0.8710219978922007 	 0.023073951195338664
0.8720219978922007 	 0.0231005836963591
0.8730219978922007 	 0.023127215700716727
0.8740219978922007 	 0.023153847211309267
0.8750219978922007 	 0.023180478231014115
0.8760219978922007 	 0.02320710876268847
0.8770219978922007 	 0.02323373880916955
0.8780219978922007 	 0.023260368373274713
0.8790219978922007 	 0.023286997457801637
0.8800219978922007 	 0.023313626065528486
0.8810219978922007 	 0.02334025419921404
0.8820219978922007 	 0.023366881861597893
0.8830219978922007 	 0.02339350905540059
0.8840219978922007 	 0.023420135783323776
0.8850219978922007 	 0.02344676204805037
0.8860219978922007 	 0.023473387852244686
0.8870219978922007 	 0.02350001319855261
0.8880219978922007 	 0.023526638089601728
0.8890219978922007 	 0.02355326252800152
0.8900219978922007 	 0.023579886516343428
0.8910219978922007 	 0.02360651005720109
0.8920219978922007 	 0.023633133153130398
0.8930219978922007 	 0.023659755806669708
0.8940219978922007 	 0.02368637802033995
0.8950219978922007 	 0.02371299979664478
0.8960219978922007 	 0.023739621138070682
0.8970219978922007 	 0.023766242047087178
0.8980219978922007 	 0.02379286252614689
0.8990219978922007 	 0.02381948257768571
0.9000219978922007 	 0.023846102204122952
0.9010219978922007 	 0.023872721407861428
0.9020219978922007 	 0.02389934019128762
0.9030219978922007 	 0.02392595855677184
0.9040219978922007 	 0.02395257650666827
0.9050219978922007 	 0.023979194043315166
0.9060219978922007 	 0.024005811169034965
0.9070219978922007 	 0.024032427886134387
0.9080219978922007 	 0.024059044196904602
0.9090219978922007 	 0.024085660103621287
0.9100219978922007 	 0.024112275608544835
0.9110219978922007 	 0.024138890713920398
0.9120219978922007 	 0.02416550542197805
0.9130219978922007 	 0.024192119734932887
0.9140219978922007 	 0.024218733654985163
0.9150219978922007 	 0.024245347184320382
0.9160219978922007 	 0.024271960325109435
0.9170219978922007 	 0.0242985730795087
0.9180219978922007 	 0.024325185449660166
0.9190219978922007 	 0.024351797437691534
0.9200219978922007 	 0.024378409045716334
0.9210219978922007 	 0.02440502027583405
0.9220219978922007 	 0.024431631130130194
0.9230219978922007 	 0.024458241610676456
0.9240219978922007 	 0.024484851719530777
0.9250219978922007 	 0.024511461458737484
0.9260219978922007 	 0.02453807083032736
0.9270219978922007 	 0.02456467983631778
0.9280219978922007 	 0.02459128847871283
0.9290219978922007 	 0.024617896759503335
0.9300219978922007 	 0.024644504680667048
0.9310219978922007 	 0.0246711122441687
0.9320219978922007 	 0.024697719451960115
0.9330219978922007 	 0.02472432630598031
0.9340219978922008 	 0.024750932808155574
0.9350219978922008 	 0.024777538960399605
0.9360219978922008 	 0.024804144764613578
0.9370219978922008 	 0.02483075022268623
0.9380219978922008 	 0.024857355336494
0.9390219978922008 	 0.024883960107901063
0.9400219978922008 	 0.024910564538759474
0.9410219978922008 	 0.024937168630909248
0.9420219978922008 	 0.024963772386178407
0.9430219978922008 	 0.024990375806383164
0.9440219978922008 	 0.02501697889332791
0.9450219978922008 	 0.025043581648805376
0.9460219978922008 	 0.025070184074596685
0.9470219978922008 	 0.02509678617247146
0.9480219978922008 	 0.0251233879441879
0.9490219978922008 	 0.02514998939149285
0.9500219978922008 	 0.02517659051612194
0.9510219978922008 	 0.02520319131979959
0.9520219978922008 	 0.025229791804239184
0.9530219978922008 	 0.025256391971143075
0.9540219978922008 	 0.02528299182220272
0.9550219978922008 	 0.025309591359098722
0.9560219978922008 	 0.025336190583500947
0.9570219978922008 	 0.02536278949706858
0.9580219978922008 	 0.025389388101450222
0.9590219978922008 	 0.025415986398283956
0.9600219978922008 	 0.025442584389197415
0.9610219978922008 	 0.025469182075807905
0.9620219978922008 	 0.02549577945972242
0.9630219978922008 	 0.025522376542537775
0.9640219978922008 	 0.025548973325840635
0.9650219978922008 	 0.02557556981120763
0.9660219978922008 	 0.02560216600020541
0.9670219978922008 	 0.025628761894390697
0.9680219978922008 	 0.02565535749531041
0.9690219978922008 	 0.0256819528045017
0.9700219978922008 	 0.025708547823492012
0.9710219978922008 	 0.025735142553799207
0.9720219978922008 	 0.025761736996931572
0.9730219978922008 	 0.025788331154387934
0.9740219978922008 	 0.025814925027657722
0.9750219978922008 	 0.025841518618221006
0.9760219978922008 	 0.02586811192754861
0.9770219978922008 	 0.025894704957102145
0.9780219978922008 	 0.025921297708334092
0.9790219978922008 	 0.025947890182687873
0.9800219978922008 	 0.0259744823815979
0.9810219978922008 	 0.026001074306489652
0.9820219978922008 	 0.02602766595877975
0.9830219978922008 	 0.026054257339875996
0.9840219978922008 	 0.02608084845117744
0.9850219978922008 	 0.026107439294074507
0.9860219978922008 	 0.026134029869948942
0.9870219978922008 	 0.02616062018017399
0.9880219978922008 	 0.026187210226114366
0.9890219978922008 	 0.02621380000912638
0.9900219978922008 	 0.026240389530557965
0.9910219978922008 	 0.026266978791748767
0.9920219978922008 	 0.026293567794030144
0.9930219978922008 	 0.026320156538725294
0.9940219978922008 	 0.02634674502714928
0.9950219978922008 	 0.026373333260609092
0.9960219978922008 	 0.026399921240403718
0.9970219978922008 	 0.026426508967824173
0.9980219978922008 	 0.026453096444153577
0.9990219978922008 	 0.026479683670667206
1.0000219978922007 	 0.029108043804746745
1.0010219978922006 	 0.029137065989448246
1.0020219978922005 	 0.029166081683267196
1.0030219978922004 	 0.029195090934649524
1.0040219978922003 	 0.02922409379159183
1.0050219978922001 	 0.02925309030164629
1.0060219978922 	 0.02928208051192553
1.0070219978922 	 0.029311064469107306
1.0080219978921998 	 0.029340042219439335
1.0090219978921997 	 0.0293690138087439
1.0100219978921996 	 0.029397979282422413
1.0110219978921995 	 0.029426938685460056
1.0120219978921994 	 0.02945589206243018
1.0130219978921993 	 0.029484839457498763
1.0140219978921992 	 0.029513780914428838
1.015021997892199 	 0.029542716476584747
1.016021997892199 	 0.02957164618693645
1.0170219978921988 	 0.029600570088063726
1.0180219978921987 	 0.029629488222160338
1.0190219978921986 	 0.02965840063103822
1.0200219978921985 	 0.029687307356131405
1.0210219978921984 	 0.02971620843850016
1.0220219978921983 	 0.029745103918834906
1.0230219978921982 	 0.029773993837460135
1.024021997892198 	 0.02980287823433829
1.025021997892198 	 0.029831757149073577
1.0260219978921978 	 0.029860630620915783
1.0270219978921977 	 0.029889498688763942
1.0280219978921976 	 0.029918361391170066
1.0290219978921975 	 0.0299472187663428
1.0300219978921974 	 0.02997607085215097
1.0310219978921973 	 0.030004917686127196
1.0320219978921972 	 0.03003375930547136
1.033021997892197 	 0.03006259574705409
1.034021997892197 	 0.030091427047420204
1.0350219978921968 	 0.030120253242792085
1.0360219978921967 	 0.030149074369073037
1.0370219978921966 	 0.030177890461850577
1.0380219978921965 	 0.03020670155639972
1.0390219978921964 	 0.03023550768768621
1.0400219978921963 	 0.030264308890369677
1.0410219978921962 	 0.030293105198806847
1.042021997892196 	 0.030321896647054633
1.043021997892196 	 0.0303506832688732
1.0440219978921959 	 0.030379465097729003
1.0450219978921957 	 0.030408242166797852
1.0460219978921956 	 0.03043701450896781
1.0470219978921955 	 0.03046578215684218
1.0480219978921954 	 0.030494545142742396
1.0490219978921953 	 0.0305233034987109
1.0500219978921952 	 0.030552057256513925
1.051021997892195 	 0.030580806447644375
1.052021997892195 	 0.030609551103324573
1.0530219978921949 	 0.030638291254508926
1.0540219978921948 	 0.03066702693188678
1.0550219978921946 	 0.030695758165884924
1.0560219978921945 	 0.030724484986670367
1.0570219978921944 	 0.030753207424152863
1.0580219978921943 	 0.03078192550798756
1.0590219978921942 	 0.030810639267577482
1.060021997892194 	 0.030839348732076166
1.061021997892194 	 0.030868053930390025
1.0620219978921939 	 0.030896754891180885
1.0630219978921938 	 0.030925451642868435
1.0640219978921936 	 0.030954144213632604
1.0650219978921935 	 0.030982832631415942
1.0660219978921934 	 0.031011516923925994
1.0670219978921933 	 0.031040197118637643
1.0680219978921932 	 0.03106887324279537
1.069021997892193 	 0.031097545323415562
1.070021997892193 	 0.031126213387288746
1.0710219978921929 	 0.03115487746098185
1.0720219978921928 	 0.0311835375708403
1.0730219978921927 	 0.031212193742990363
1.0740219978921925 	 0.03124084600334112
1.0750219978921924 	 0.03126949437758673
1.0760219978921923 	 0.03129813889120846
1.0770219978921922 	 0.031326779569476756
1.078021997892192 	 0.03135541643745336
1.079021997892192 	 0.03138404951999328
1.0800219978921919 	 0.031412678841746824
1.0810219978921918 	 0.03144130442716163
1.0820219978921917 	 0.03146992630048451
1.0830219978921916 	 0.03149854448576355
1.0840219978921914 	 0.031527159006849895
1.0850219978921913 	 0.03155576988739976
1.0860219978921912 	 0.031584377150876225
1.0870219978921911 	 0.031612980820551105
1.088021997892191 	 0.03164158091950689
1.089021997892191 	 0.03167017747063837
1.0900219978921908 	 0.031698770496654635
1.0910219978921907 	 0.03172736002008072
1.0920219978921906 	 0.031755946063259405
1.0930219978921905 	 0.03178452864835299
1.0940219978921903 	 0.03181310779734491
1.0950219978921902 	 0.03184168353204158
1.0960219978921901 	 0.03187025587407399
1.09702199789219 	 0.0318988248448993
1.09802199789219 	 0.03192739046580269
1.0990219978921898 	 0.03195595275789879
1.1000219978921897 	 0.03198451174213339
1.1010219978921896 	 0.032013067439285
1.1020219978921895 	 0.032041619869966474
1.1030219978921894 	 0.03207016905462646
1.1040219978921892 	 0.03209871501355108
1.1050219978921891 	 0.032127257766865376
1.106021997892189 	 0.032155797334534775
1.107021997892189 	 0.03218433373636674
1.1080219978921888 	 0.03221286699201205
1.1090219978921887 	 0.03224139712096641
1.1100219978921886 	 0.03226992414257181
1.1110219978921885 	 0.03229844807601801
1.1120219978921884 	 0.032326968940343946
1.1130219978921883 	 0.03235548675443907
1.1140219978921881 	 0.0323840015370448
1.115021997892188 	 0.032412513306755875
1.116021997892188 	 0.0324410220820217
1.1170219978921878 	 0.03246952788114768
1.1180219978921877 	 0.03249803072229659
1.1190219978921876 	 0.03252653062348981
1.1200219978921875 	 0.03255502760260869
1.1210219978921874 	 0.032583521677395845
1.1220219978921873 	 0.03261201286545631
1.1230219978921872 	 0.032640501184258965
1.124021997892187 	 0.03266898665113769
1.125021997892187 	 0.03269746928329255
1.1260219978921868 	 0.03272594909779112
1.1270219978921867 	 0.03275442611156962
1.1280219978921866 	 0.032782900341434135
1.1290219978921865 	 0.03281137180406178
1.1300219978921864 	 0.03283984051600188
1.1310219978921863 	 0.03286830649367714
1.1320219978921862 	 0.03289676975338476
1.133021997892186 	 0.03292523031129757
1.134021997892186 	 0.03295368818346519
1.1350219978921858 	 0.03298214338581511
1.1360219978921857 	 0.03301059593415376
1.1370219978921856 	 0.033039045844167655
1.1380219978921855 	 0.03306749313142444
1.1390219978921854 	 0.033095937811373946
1.1400219978921853 	 0.03312437989934926
1.1410219978921852 	 0.033152819410567747
1.142021997892185 	 0.03318125636013214
1.143021997892185 	 0.03320969076303145
1.1440219978921848 	 0.03323812263414211
1.1450219978921847 	 0.03326655198822885
1.1460219978921846 	 0.03329497883994581
1.1470219978921845 	 0.03332340320383739
1.1480219978921844 	 0.03335182509433935
1.1490219978921843 	 0.03338024452577967
1.1500219978921842 	 0.033408661512379534
1.151021997892184 	 0.0334370760682543
1.152021997892184 	 0.03346548820741439
1.1530219978921838 	 0.03349389794376624
1.1540219978921837 	 0.03352230529111318
1.1550219978921836 	 0.033550710263156404
1.1560219978921835 	 0.033579112873495756
1.1570219978921834 	 0.03360751313563071
1.1580219978921833 	 0.03363591106296123
1.1590219978921832 	 0.03366430666878862
1.160021997892183 	 0.03369269996631637
1.161021997892183 	 0.033721090968651
1.1620219978921829 	 0.03374947968880299
1.1630219978921827 	 0.03377786613968751
1.1640219978921826 	 0.033806250334125244
1.1650219978921825 	 0.033834632284843305
1.1660219978921824 	 0.033863012004476
1.1670219978921823 	 0.033891389505565535
1.1680219978921822 	 0.03391976480056296
1.169021997892182 	 0.033948137901828844
1.170021997892182 	 0.03397650882163412
1.1710219978921819 	 0.03400487757216082
1.1720219978921818 	 0.03403324416550282
1.1730219978921816 	 0.034061608613666625
1.1740219978921815 	 0.034089970928572126
1.1750219978921814 	 0.03411833112205334
1.1760219978921813 	 0.03414668920585907
1.1770219978921812 	 0.0341750451916537
1.178021997892181 	 0.034203399091017946
1.179021997892181 	 0.03423175091544946
1.1800219978921809 	 0.034260100676363654
1.1810219978921808 	 0.034288448385094275
1.1820219978921807 	 0.03431679405289419
1.1830219978921805 	 0.03434513769093604
1.1840219978921804 	 0.03437347931031292
1.1850219978921803 	 0.034401818922039036
1.1860219978921802 	 0.03443015653705036
1.18702199789218 	 0.034458492166205335
1.18802199789218 	 0.03448682582028551
1.1890219978921799 	 0.0345151575099961
1.1900219978921798 	 0.034543487245966786
1.1910219978921797 	 0.03457181503875221
1.1920219978921796 	 0.03460014089883266
1.1930219978921794 	 0.03462846483661467
1.1940219978921793 	 0.03465678686243169
1.1950219978921792 	 0.03468510698654458
1.1960219978921791 	 0.03471342521914236
1.197021997892179 	 0.034741741570342675
1.198021997892179 	 0.034770056050192455
1.1990219978921788 	 0.03479836866866852
1.2000219978921787 	 0.03482667943567806
1.2010219978921786 	 0.03485498836105939
1.2020219978921785 	 0.03488329545458228
1.2030219978921783 	 0.03491160072594874
1.2040219978921782 	 0.03493990418479344
1.2050219978921781 	 0.034968205840684316
1.206021997892178 	 0.03499650570312314
1.207021997892178 	 0.035024803781545995
1.2080219978921778 	 0.03505310008532386
1.2090219978921777 	 0.03508139462376314
1.2100219978921776 	 0.0351096874061062
1.2110219978921775 	 0.03513797844153185
1.2120219978921773 	 0.03516626773915591
1.2130219978921772 	 0.035194555308031686
1.2140219978921771 	 0.03522284115715051
1.215021997892177 	 0.0352511252954422
1.216021997892177 	 0.03527940773177561
1.2170219978921768 	 0.035307688474959104
1.2180219978921767 	 0.035335967533741
1.2190219978921766 	 0.03536424491681015
1.2200219978921765 	 0.035392520632796326
1.2210219978921764 	 0.035420794690270756
1.2220219978921762 	 0.03544906709774656
1.2230219978921761 	 0.03547733786367926
1.224021997892176 	 0.03550560699646718
1.225021997892176 	 0.035533874504451966
1.2260219978921758 	 0.035562140395919026
1.2270219978921757 	 0.03559040467909793
1.2280219978921756 	 0.03561866736216291
1.2290219978921755 	 0.03564692845323329
1.2300219978921754 	 0.03567518796037395
1.2310219978921753 	 0.035703445891595686
1.2320219978921751 	 0.0357317022548557
1.233021997892175 	 0.035759957058058005
1.234021997892175 	 0.03578821030905386
1.2350219978921748 	 0.035816462015642196
1.2360219978921747 	 0.03584471218556998
1.2370219978921746 	 0.035872960826532685
1.2380219978921745 	 0.03590120794617466
1.2390219978921744 	 0.03592945355208955
1.2400219978921743 	 0.035957697651820685
1.2410219978921742 	 0.035985940252861504
1.242021997892174 	 0.0360141813626559
1.243021997892174 	 0.03604242098859864
1.2440219978921738 	 0.03607065913803576
1.2450219978921737 	 0.036098895818264906
1.2460219978921736 	 0.03612713103653575
1.2470219978921735 	 0.03615536480005034
1.2480219978921734 	 0.03618359711596352
1.2490219978921733 	 0.036211827991383214
1.2500219978921732 	 0.03624005743337088
1.251021997892173 	 0.0362682854489418
1.252021997892173 	 0.03629651204506547
1.2530219978921728 	 0.036324737228665985
1.2540219978921727 	 0.036352961006622345
1.2550219978921726 	 0.03638118338576879
1.2560219978921725 	 0.036409404372895214
1.2570219978921724 	 0.03643762397474744
1.2580219978921723 	 0.03646584219802761
1.2590219978921722 	 0.036494059049394505
1.260021997892172 	 0.03652227453546384
1.261021997892172 	 0.03655048866280867
1.2620219978921718 	 0.03657870143795961
1.2630219978921717 	 0.03660691286740533
1.2640219978921716 	 0.03663512295759267
1.2650219978921715 	 0.03666333171492714
1.2660219978921714 	 0.03669153914577309
1.2670219978921713 	 0.036719745256454134
1.2680219978921712 	 0.03674795005325343
1.269021997892171 	 0.03677615354241396
1.270021997892171 	 0.0369243879380223
1.2710219978921709 	 0.03695295620344417
1.2720219978921707 	 0.03698152246951897
1.2730219978921706 	 0.03701008674530852
1.2740219978921705 	 0.03703864903981961
1.2750219978921704 	 0.037067209362004444
1.2760219978921703 	 0.037095767720760946
1.2770219978921702 	 0.03712432412493326
1.27802199789217 	 0.0371528785833121
1.27902199789217 	 0.03718143110463511
1.2800219978921699 	 0.03720998169758726
1.2810219978921698 	 0.0372385303708013
1.2820219978921696 	 0.037267077132858005
1.2830219978921695 	 0.037295621992286705
1.2840219978921694 	 0.03732416495756551
1.2850219978921693 	 0.03735270603712179
1.2860219978921692 	 0.037381245239332506
1.287021997892169 	 0.037409782572524516
1.288021997892169 	 0.03743831804497503
1.2890219978921689 	 0.03746685166491193
1.2900219978921688 	 0.037495383440514084
1.2910219978921686 	 0.03752391337991175
1.2920219978921685 	 0.03755244149118691
1.2930219978921684 	 0.03758096778237359
1.2940219978921683 	 0.03760949226145825
1.2950219978921682 	 0.03763801493638007
1.296021997892168 	 0.03766653581503134
1.297021997892168 	 0.037695054905257736
1.2980219978921679 	 0.03772357221485871
1.2990219978921678 	 0.03775208775158779
1.3000219978921677 	 0.03778060152315288
1.3010219978921675 	 0.037809113537216665
1.3020219978921674 	 0.037837623801396825
1.3030219978921673 	 0.03786613232326641
1.3040219978921672 	 0.03789463911035419
1.305021997892167 	 0.037923144170144904
1.306021997892167 	 0.037951647510079595
1.3070219978921669 	 0.037980149137555895
1.3080219978921668 	 0.038008649059928394
1.3090219978921667 	 0.03803714728450889
1.3100219978921666 	 0.03806564381856668
1.3110219978921664 	 0.03809413866932889
1.3120219978921663 	 0.038122631843980764
1.3130219978921662 	 0.03815112334966595
1.3140219978921661 	 0.03817961319348679
1.315021997892166 	 0.0382081013825046
1.316021997892166 	 0.03823658792373997
1.3170219978921658 	 0.03826507282417305
1.3180219978921657 	 0.03829355609074386
1.3190219978921656 	 0.03832203773035243
1.3200219978921655 	 0.03835051774985929
1.3210219978921653 	 0.03837899615608558
1.3220219978921652 	 0.038407472955813406
1.3230219978921651 	 0.03843594815578602
1.324021997892165 	 0.03846442176270822
1.325021997892165 	 0.03849289378324652
1.3260219978921648 	 0.038521364224029436
1.3270219978921647 	 0.03854983309164774
1.3280219978921646 	 0.038578300392654724
1.3290219978921645 	 0.038606766133566506
1.3300219978921644 	 0.0386352303208622
1.3310219978921642 	 0.038663692960984215
1.3320219978921641 	 0.03869215406033853
1.333021997892164 	 0.038720613625294914
1.334021997892164 	 0.0387490716621871
1.3350219978921638 	 0.03877752817731322
1.3360219978921637 	 0.03880598317693586
1.3370219978921636 	 0.03883443666728238
1.3380219978921635 	 0.03886288865454518
1.3390219978921634 	 0.03889133914488189
1.3400219978921633 	 0.038919788144415615
1.3410219978921631 	 0.038948235659235185
1.342021997892163 	 0.03897668169539538
1.343021997892163 	 0.039005126258917146
1.3440219978921628 	 0.03903356935578785
1.3450219978921627 	 0.03906201099196149
1.3460219978921626 	 0.039090451173358916
1.3470219978921625 	 0.03911888990586806
1.3480219978921624 	 0.03914732719534419
1.3490219978921623 	 0.03917576304761001
1.3500219978921622 	 0.03920419746845606
1.351021997892162 	 0.0392326304636408
1.352021997892162 	 0.039261062038890855
1.3530219978921618 	 0.03928949219990124
1.3540219978921617 	 0.03931792095233556
1.3550219978921616 	 0.03934634830182621
1.3560219978921615 	 0.039374774253974655
1.3570219978921614 	 0.03940319881435154
1.3580219978921613 	 0.03943162198849689
1.3590219978921612 	 0.03946004378192045
1.360021997892161 	 0.039488464200101735
1.361021997892161 	 0.03951688324849029
1.3620219978921608 	 0.0395453009325059
1.3630219978921607 	 0.03957371725753877
1.3640219978921606 	 0.039602132228949746
1.3650219978921605 	 0.03963054585207045
1.3660219978921604 	 0.03965895813220355
1.3670219978921603 	 0.03968736907462285
1.3680219978921602 	 0.03971577868457362
1.36902199789216 	 0.03974418696727266
1.37002199789216 	 0.03977259392790851
1.3710219978921598 	 0.03980099957164172
1.3720219978921597 	 0.0398294039036049
1.3730219978921596 	 0.03985780692890304
1.3740219978921595 	 0.03988620865261354
1.3750219978921594 	 0.039914609079786584
1.3760219978921593 	 0.03994300821544511
1.3770219978921592 	 0.03997140606458514
1.378021997892159 	 0.03999980263217585
1.379021997892159 	 0.04002819792315986
1.3800219978921588 	 0.04005659194245332
1.3810219978921587 	 0.040084984694946056
1.3820219978921586 	 0.040113376185501835
1.3830219978921585 	 0.040141766418958474
1.3840219978921584 	 0.040170155400128034
1.3850219978921583 	 0.040198543133796935
1.3860219978921582 	 0.04022692962472619
1.387021997892158 	 0.04025531487765154
1.388021997892158 	 0.04028369889728362
1.3890219978921579 	 0.04031208168830807
1.3900219978921577 	 0.04034046325538579
1.3910219978921576 	 0.04036884360315301
1.3920219978921575 	 0.040397222736221546
1.3930219978921574 	 0.04042560065917882
1.3940219978921573 	 0.040453977376588166
1.3950219978921572 	 0.04048235289298887
1.396021997892157 	 0.0405107272128964
1.397021997892157 	 0.040539100340802464
1.3980219978921569 	 0.0405674722811753
1.3990219978921568 	 0.04059584303845968
1.4000219978921566 	 0.040624212617077174
1.4010219978921565 	 0.0406525810214262
1.4020219978921564 	 0.04068094825588228
1.4030219978921563 	 0.04070931432479808
1.4040219978921562 	 0.040737679232503626
1.405021997892156 	 0.040766042983306404
1.406021997892156 	 0.040794405581491534
1.4070219978921559 	 0.040822767031321865
1.4080219978921558 	 0.040851127337038225
1.4090219978921557 	 0.0408794865028594
1.4100219978921555 	 0.040907844532982365
1.4110219978921554 	 0.04093620143158247
1.4120219978921553 	 0.04096455720281349
1.4130219978921552 	 0.04099291185080772
1.414021997892155 	 0.041021265379676305
1.415021997892155 	 0.04104961779350912
1.4160219978921549 	 0.04107796909637512
1.4170219978921548 	 0.041106319292322314
1.4180219978921547 	 0.04113466838537802
1.4190219978921546 	 0.041163016379548875
1.4200219978921544 	 0.041191363278821065
1.4210219978921543 	 0.04121970908716038
1.4220219978921542 	 0.04124805380851241
1.4230219978921541 	 0.04127639744680258
1.424021997892154 	 0.04130474000593638
1.425021997892154 	 0.04133308148979941
1.4260219978921538 	 0.04136142190225751
1.4270219978921537 	 0.041389761247156924
1.4280219978921536 	 0.0414180995283244
1.4290219978921535 	 0.04144643674956731
1.4300219978921533 	 0.04147477291467373
1.4310219978921532 	 0.041503108027412666
1.4320219978921531 	 0.041531442091534025
1.433021997892153 	 0.04155977511076886
1.434021997892153 	 0.0415881070888294
1.4350219978921528 	 0.04161643802940926
1.4360219978921527 	 0.04164476793618341
1.4370219978921526 	 0.04167309681280847
1.4380219978921525 	 0.04170142466292261
1.4390219978921523 	 0.04172975149014591
1.4400219978921522 	 0.04175807729808024
1.4410219978921521 	 0.04178640209030952
1.442021997892152 	 0.04181472587039975
1.443021997892152 	 0.04184304864189919
1.4440219978921518 	 0.04187137040833838
1.4450219978921517 	 0.041899691173230336
1.4460219978921516 	 0.041928010940070586
1.4470219978921515 	 0.041956329712337315
1.4480219978921514 	 0.04198464749349149
1.4490219978921512 	 0.042012964286976866
1.4500219978921511 	 0.04204128009622021
1.451021997892151 	 0.04206959492463135
1.452021997892151 	 0.04209790877560327
1.4530219978921508 	 0.04212622165251218
1.4540219978921507 	 0.042154533558717754
1.4550219978921506 	 0.042182844497563016
1.4560219978921505 	 0.04221115447237467
1.4570219978921504 	 0.042239463486462986
1.4580219978921503 	 0.04226777154312207
1.4590219978921501 	 0.04229607864562982
1.46002199789215 	 0.04232438479724818
1.46102199789215 	 0.042352690001223055
1.4620219978921498 	 0.04238099426078455
1.4630219978921497 	 0.042409297579147014
1.4640219978921496 	 0.042437599959509104
1.4650219978921495 	 0.04246590140505392
1.4660219978921494 	 0.04249420191894909
1.4670219978921493 	 0.04252250150434685
1.4680219978921492 	 0.04255080016438415
1.469021997892149 	 0.042579097902182714
1.470021997892149 	 0.04260739472084916
1.4710219978921488 	 0.0426356906234751
1.4720219978921487 	 0.04266398561313721
1.4730219978921486 	 0.042692279692897274
1.4740219978921485 	 0.042720572865802366
1.4750219978921484 	 0.042748865134884864
1.4760219978921483 	 0.04277715650316258
1.4770219978921482 	 0.04280544697363878
1.478021997892148 	 0.04283373654930236
1.479021997892148 	 0.042862025233127855
1.4800219978921478 	 0.04289031302807559
1.4810219978921477 	 0.042918599937091705
1.4820219978921476 	 0.04294688596310821
1.4830219978921475 	 0.042975171109043205
1.4840219978921474 	 0.043003455377800835
1.4850219978921473 	 0.04303173877227137
1.4860219978921472 	 0.043060021295331416
1.487021997892147 	 0.0430883029498438
1.488021997892147 	 0.043116583738657836
1.4890219978921468 	 0.04314486366460929
1.4900219978921467 	 0.04317314273052047
1.4910219978921466 	 0.04320142093920037
1.4920219978921465 	 0.04322969829344466
1.4930219978921464 	 0.04325797479603584
1.4940219978921463 	 0.04328625044974327
1.4950219978921462 	 0.043314525257323225
1.496021997892146 	 0.04334279922151904
1.497021997892146 	 0.04337107234506114
1.4980219978921459 	 0.043399344630667136
1.4990219978921457 	 0.04342761608104183
1.5000219978921456 	 0.04345588669887743
1.5010219978921455 	 0.04348415648685343
1.5020219978921454 	 0.043512425447636886
1.5030219978921453 	 0.04354069358388233
1.5040219978921452 	 0.04356896089823193
1.505021997892145 	 0.043597227393315514
1.506021997892145 	 0.04362549307175067
1.5070219978921449 	 0.04365375793614282
1.5080219978921447 	 0.04368202198908523
1.5090219978921446 	 0.043710285233159146
1.5100219978921445 	 0.04373854767093388
1.5110219978921444 	 0.0437668093049668
1.5120219978921443 	 0.043795070137803406
1.5130219978921442 	 0.04382333017197747
1.514021997892144 	 0.04385158941001106
1.515021997892144 	 0.0438798478544146
1.5160219978921439 	 0.04390810550768694
1.5170219978921438 	 0.04393636237231539
1.5180219978921436 	 0.04396461845077591
1.5190219978921435 	 0.04399287374553297
1.5200219978921434 	 0.044021128259039824
1.5210219978921433 	 0.0440493819937384
1.5220219978921432 	 0.044077634952059505
1.523021997892143 	 0.04410588713642278
1.524021997892143 	 0.04413413854923681
1.5250219978921429 	 0.04416238919289923
1.5260219978921428 	 0.04419063906979667
1.5270219978921427 	 0.04421888818230493
1.5280219978921425 	 0.044247136532789
1.5290219978921424 	 0.044275384123603066
1.5300219978921423 	 0.04430363095709068
1.5310219978921422 	 0.04433187703558475
1.532021997892142 	 0.04436012236140754
1.533021997892142 	 0.04438836693687091
1.5340219978921419 	 0.0444166107642762
1.5350219978921418 	 0.044444853845914345
1.5360219978921417 	 0.04447309618406595
1.5370219978921416 	 0.04450133778100135
1.5380219978921414 	 0.04452957863898065
1.5390219978921413 	 0.04455781876025377
1.5400219978921412 	 0.04458605814706053
1.5410219978921411 	 0.04461429680163069
1.542021997892141 	 0.04464253472618399
1.543021997892141 	 0.04467077192293028
1.5440219978921408 	 0.04469900839406944
1.5450219978921407 	 0.04472724414179158
1.5460219978921406 	 0.04475547916827697
1.5470219978921405 	 0.0447837134756962
1.5480219978921403 	 0.04481194706621016
1.5490219978921402 	 0.04484017994197013
1.5500219978921401 	 0.0448684121051178
1.55102199789214 	 0.04489664355778535
1.55202199789214 	 0.044924874302095505
1.5530219978921398 	 0.044953104340161566
1.5540219978921397 	 0.0449813336740875
1.5550219978921396 	 0.0450095623059679
1.5560219978921395 	 0.04503779023788817
1.5570219978921394 	 0.04506601747192445
1.5580219978921392 	 0.04509424401014377
1.5590219978921391 	 0.045122469854604
1.560021997892139 	 0.04515069500735397
1.561021997892139 	 0.045178919470433516
1.5620219978921388 	 0.045207143245873514
1.5630219978921387 	 0.045235366335695894
1.5640219978921386 	 0.045263588741913705
1.5650219978921385 	 0.04529181046653124
1.5660219978921384 	 0.045320031511544005
1.5670219978921383 	 0.045348251878938775
1.5680219978921381 	 0.04537647157069362
1.569021997892138 	 0.045404690588778
1.570021997892138 	 0.045432908935152845
1.5710219978921378 	 0.04546112661177049
1.5720219978921377 	 0.04548934362057475
1.5730219978921376 	 0.045517559963501104
1.5740219978921375 	 0.045545775642476534
1.5750219978921374 	 0.0455739906594197
1.5760219978921373 	 0.04560220501624095
1.5770219978921372 	 0.04563041871484243
1.578021997892137 	 0.04565863175711794
1.579021997892137 	 0.04568684414495319
1.5800219978921368 	 0.04571505588022575
1.5810219978921367 	 0.04574326696480506
1.5820219978921366 	 0.04577147740055258
1.5830219978921365 	 0.045799687189321724
1.5840219978921364 	 0.045827896332957904
1.5850219978921363 	 0.04585610483329869
1.5860219978921362 	 0.04588431269217374
1.587021997892136 	 0.04591251991140487
1.588021997892136 	 0.04594072649280612
1.5890219978921358 	 0.04596893243818376
1.5900219978921357 	 0.04599713774933636
1.5910219978921356 	 0.0460253424280548
1.5920219978921355 	 0.046053546476122365
1.5930219978921354 	 0.04608174989531473
1.5940219978921353 	 0.046109952687400015
1.5950219978921352 	 0.04613815485413882
1.596021997892135 	 0.04616635639728431
1.597021997892135 	 0.0461945573185822
1.5980219978921348 	 0.04622275761977079
1.5990219978921347 	 0.04625095730258105
1.6000219978921346 	 0.046279156368736654
1.6010219978921345 	 0.04630735481995393
1.6020219978921344 	 0.046335552657942064
1.6030219978921343 	 0.046363749884402936
1.6040219978921342 	 0.046391946501031366
1.605021997892134 	 0.046420142509514976
1.606021997892134 	 0.04644833791153432
1.6070219978921338 	 0.04647653270876288
1.6080219978921337 	 0.04650472690286718
1.6090219978921336 	 0.04653292049550671
1.6100219978921335 	 0.04656111348833403
1.6110219978921334 	 0.04658930588299481
1.6120219978921333 	 0.04661749768112784
1.6130219978921332 	 0.04664568888436505
1.614021997892133 	 0.04667387949433162
1.615021997892133 	 0.04670206951264592
1.6160219978921329 	 0.046730258940919624
1.6170219978921327 	 0.04675844778075768
1.6180219978921326 	 0.046786636033758405
1.6190219978921325 	 0.04681482370151344
1.6200219978921324 	 0.046843010785607916
1.6210219978921323 	 0.04687119728762033
1.6220219978921322 	 0.0468993832091227
1.623021997892132 	 0.04692756855168051
1.624021997892132 	 0.04695575331685284
1.6250219978921319 	 0.046983937506192314
1.6260219978921318 	 0.047012121121245136
1.6270219978921316 	 0.04704030416355124
1.6280219978921315 	 0.04706848663464412
1.6290219978921314 	 0.047096668536051045
1.6300219978921313 	 0.047124849869293044
1.6310219978921312 	 0.047153030635884836
1.632021997892131 	 0.047181210837335
1.633021997892131 	 0.04720939047514595
1.6340219978921309 	 0.047237569550813936
1.6350219978921308 	 0.047265748065829116
1.6360219978921307 	 0.04729392602167556
1.6370219978921305 	 0.04732210341983133
1.6380219978921304 	 0.04735028026176845
1.6390219978921303 	 0.047378456548952966
1.6400219978921302 	 0.04740663228284496
1.64102199789213 	 0.04743480746489864
1.64202199789213 	 0.04746298209656226
1.6430219978921299 	 0.04749115617927826
1.6440219978921298 	 0.04751932971448321
1.6450219978921297 	 0.047547502703607906
1.6460219978921296 	 0.04757567514807736
1.6470219978921294 	 0.04760384704931085
1.6480219978921293 	 0.047632018408721936
1.6490219978921292 	 0.04766018922771845
1.650021997892129 	 0.04768835950770261
1.651021997892129 	 0.047716529250071006
1.652021997892129 	 0.04774469845621461
1.6530219978921288 	 0.047772867127518805
1.6540219978921287 	 0.04780103526536347
1.6550219978921286 	 0.047829202871122925
1.6560219978921285 	 0.04785736994616601
1.6570219978921283 	 0.04788553649185612
1.6580219978921282 	 0.047913702509551195
1.6590219978921281 	 0.047941868000603766
1.660021997892128 	 0.047970032966360994
1.661021997892128 	 0.04799819740816467
1.6620219978921278 	 0.04802636132735124
1.6630219978921277 	 0.0480545247252519
1.6640219978921276 	 0.04808268760319254
1.6650219978921275 	 0.048110849962493756
1.6660219978921273 	 0.048139011804471006
1.6670219978921272 	 0.048167173130434476
1.6680219978921271 	 0.04819533394168921
1.669021997892127 	 0.048223494239535133
1.670021997892127 	 0.04825165402526698
1.6710219978921268 	 0.048279813300174425
1.6720219978921267 	 0.04830797206554209
1.6730219978921266 	 0.04833613032264953
1.6740219978921265 	 0.04836428807277126
1.6750219978921264 	 0.04839244531717683
1.6760219978921262 	 0.0484206020571308
1.6770219978921261 	 0.04844875829389277
1.678021997892126 	 0.04847691402871746
1.679021997892126 	 0.048505069262854646
1.6800219978921258 	 0.04853322399754924
1.6810219978921257 	 0.048561378234041275
1.6820219978921256 	 0.04858953197356601
1.6830219978921255 	 0.04861768521735385
1.6840219978921254 	 0.048645837966630495
1.6850219978921253 	 0.04867399022261676
1.6860219978921251 	 0.048702141986528835
1.687021997892125 	 0.04873029325957812
1.688021997892125 	 0.04875844404297139
1.6890219978921248 	 0.04878659433791072
1.6900219978921247 	 0.04881474414559354
1.6910219978921246 	 0.04884289346721267
1.6920219978921245 	 0.04887104230395629
1.6930219978921244 	 0.04889919065700809
1.6940219978921243 	 0.04892733852754711
1.6950219978921242 	 0.04895548591674791
1.696021997892124 	 0.0489836328257805
1.697021997892124 	 0.04901177925581047
1.6980219978921238 	 0.049039925207998845
1.6990219978921237 	 0.04906807068350231
1.7000219978921236 	 0.04909621568347304
1.7010219978921235 	 0.04912436020905883
1.7020219978921234 	 0.04915250426140309
1.7030219978921233 	 0.04918064784164491
1.7040219978921232 	 0.04920879095091897
1.705021997892123 	 0.04923693359035567
1.706021997892123 	 0.04926507576108112
1.7070219978921228 	 0.04929321746421712
1.7080219978921227 	 0.04932135870088122
1.7090219978921226 	 0.049349499472186746
1.7100219978921225 	 0.0493776397792428
1.7110219978921224 	 0.04940577962315429
1.7120219978921223 	 0.04943391900502191
1.7130219978921222 	 0.049462057925942236
1.714021997892122 	 0.049490196387007704
1.715021997892122 	 0.0495183343893066
1.7160219978921218 	 0.04954647193392315
1.7170219978921217 	 0.049574609021937444
1.7180219978921216 	 0.04960274565442559
1.7190219978921215 	 0.0496308818324596
1.7200219978921214 	 0.04965901755710744
1.7210219978921213 	 0.049687152829433145
1.7220219978921212 	 0.0497152876504967
1.723021997892121 	 0.049743422021354185
1.724021997892121 	 0.049771555943057676
1.7250219978921209 	 0.04979968941665532
1.7260219978921207 	 0.049827822443191415
1.7270219978921206 	 0.049855955023706294
1.7280219978921205 	 0.049884087159236486
1.7290219978921204 	 0.04991221885081459
1.7300219978921203 	 0.049940350099469434
1.7310219978921202 	 0.04996848090622599
1.73202199789212 	 0.04999661127210543
1.73302199789212 	 0.05002474119812516
1.7340219978921199 	 0.05005287068529881
1.7350219978921197 	 0.05008099973463625
1.7360219978921196 	 0.05010912834714361
1.7370219978921195 	 0.050137256523823386
1.7380219978921194 	 0.050165384265674254
1.7390219978921193 	 0.05019351157369128
1.7400219978921192 	 0.05022163844886589
1.741021997892119 	 0.050249764892185814
1.742021997892119 	 0.050277890904635185
1.7430219978921189 	 0.0503060164871945
1.7440219978921188 	 0.05033414164084068
1.7450219978921186 	 0.050362266366547066
1.7460219978921185 	 0.05039039066528344
1.7470219978921184 	 0.050418514538016004
1.7480219978921183 	 0.05044663798570752
1.7490219978921182 	 0.05047476100931709
1.750021997892118 	 0.05050288360980048
1.751021997892118 	 0.05053100578810986
1.7520219978921179 	 0.050559127545193996
1.7530219978921178 	 0.050587248881998184
1.7540219978921177 	 0.050615369799464294
1.7550219978921175 	 0.050643490298530755
1.7560219978921174 	 0.05067161038013263
1.7570219978921173 	 0.05069973004520157
1.7580219978921172 	 0.050727849294665894
1.759021997892117 	 0.05075596812945052
1.760021997892117 	 0.05078408655047703
1.7610219978921169 	 0.05081220455866372
1.7620219978921168 	 0.050840322154925566
1.7630219978921167 	 0.05086843934017419
1.7640219978921166 	 0.05089655611531803
1.7650219978921164 	 0.0509246724812622
1.7660219978921163 	 0.050952788438908575
1.7670219978921162 	 0.050980903989155786
1.7680219978921161 	 0.05100901913289928
1.769021997892116 	 0.05103713387103125
1.770021997892116 	 0.05106524820444075
1.7710219978921158 	 0.05109336213401361
1.7720219978921157 	 0.05112147566063254
1.7730219978921156 	 0.051149588785177086
1.7740219978921155 	 0.05117770150852362
1.7750219978921153 	 0.05120581383154544
1.7760219978921152 	 0.05123392575511274
1.7770219978921151 	 0.05126203728009265
1.778021997892115 	 0.05129014840734913
1.779021997892115 	 0.05131825913774317
1.7800219978921148 	 0.05134636947213265
1.7810219978921147 	 0.051374479411372444
1.7820219978921146 	 0.05140258895631439
1.7830219978921145 	 0.05143069810780733
1.7840219978921144 	 0.05145880686669711
1.7850219978921142 	 0.0514869152338266
1.7860219978921141 	 0.05151502321003566
1.787021997892114 	 0.05154313079616124
1.788021997892114 	 0.05157123799303733
1.7890219978921138 	 0.051599344801495015
1.7900219978921137 	 0.051627451222362404
1.7910219978921136 	 0.051655557256464764
1.7920219978921135 	 0.051683662904624436
1.7930219978921134 	 0.051711768167660946
1.7940219978921133 	 0.05173987304639084
1.7950219978921131 	 0.05176797754162793
1.796021997892113 	 0.0517960816541831
1.797021997892113 	 0.05182418538486447
1.7980219978921128 	 0.05185228873447732
1.7990219978921127 	 0.05188039170382414
1.8000219978921126 	 0.05190849429370461
1.8010219978921125 	 0.051936596504915646
1.8020219978921124 	 0.05196469833825138
1.8030219978921123 	 0.05199279979450325
1.8040219978921122 	 0.05202090087445988
1.805021997892112 	 0.05204900157890724
1.806021997892112 	 0.052077101908628506
1.8070219978921118 	 0.05210520186440418
1.8080219978921117 	 0.052133301447012136
1.8090219978921116 	 0.05216140065722745
1.8100219978921115 	 0.05218949949582264
1.8110219978921114 	 0.05221759796356749
1.8120219978921113 	 0.05224569606122917
1.8130219978921112 	 0.05227379378957224
1.814021997892111 	 0.05230189114935855
1.815021997892111 	 0.05232998814134747
1.8160219978921108 	 0.05235808476629564
1.8170219978921107 	 0.05238618102495722
1.8180219978921106 	 0.05241427691808373
1.8190219978921105 	 0.05244237244642411
1.8200219978921104 	 0.05247046761072483
1.8210219978921103 	 0.05249856241172973
1.8220219978921102 	 0.05252665685018015
1.82302199789211 	 0.052554750926814935
1.82402199789211 	 0.05258284464237035
1.8250219978921098 	 0.05261093799758026
1.8260219978921097 	 0.05263903099317593
1.8270219978921096 	 0.052667123629886244
1.8280219978921095 	 0.05269521590843757
1.8290219978921094 	 0.052723307829553805
1.8300219978921093 	 0.05275139939395644
1.8310219978921092 	 0.052779490602364545
1.832021997892109 	 0.05280758145549469
1.833021997892109 	 0.05283567195406107
1.8340219978921088 	 0.05286376209877552
1.8350219978921087 	 0.05289185189034741
1.8360219978921086 	 0.05291994132948379
1.8370219978921085 	 0.052948030416889294
1.8380219978921084 	 0.05297611915326619
1.8390219978921083 	 0.0530042075393144
1.8400219978921082 	 0.05303229557573157
1.841021997892108 	 0.053060383263212885
1.842021997892108 	 0.05308847060245133
1.8430219978921079 	 0.053116557594137484
1.8440219978921077 	 0.053144644238959704
1.8450219978921076 	 0.05317273053760398
1.8460219978921075 	 0.05320081649075408
1.8470219978921074 	 0.053228902099091466
1.8480219978921073 	 0.053256987363295295
1.8490219978921072 	 0.0532850722840426
1.850021997892107 	 0.05331315686200802
1.851021997892107 	 0.05334124109786405
1.8520219978921069 	 0.05336932499228095
1.8530219978921068 	 0.05339740854592669
1.8540219978921066 	 0.05342549175946715
1.8550219978921065 	 0.053453574633565926
1.8560219978921064 	 0.05348165716888446
1.8570219978921063 	 0.05350973936608202
1.8580219978921062 	 0.05353782122581568
1.859021997892106 	 0.05356590274874036
1.860021997892106 	 0.053593983935508856
1.8610219978921059 	 0.053622064786771784
1.8620219978921058 	 0.05365014530317764
1.8630219978921057 	 0.053678225485372814
1.8640219978921055 	 0.05370630533400155
1.8650219978921054 	 0.053734384849706024
1.8660219978921053 	 0.05376246403312626
1.8670219978921052 	 0.053790542884900254
1.868021997892105 	 0.05381862140566388
1.869021997892105 	 0.05384669959605095
1.8700219978921049 	 0.053874777456693196
1.8710219978921048 	 0.053902854988220374
1.8720219978921047 	 0.053930932191260085
1.8730219978921046 	 0.05395900906643795
1.8740219978921044 	 0.053987085614377574
1.8750219978921043 	 0.05401516183570053
1.8760219978921042 	 0.054043237731026345
1.877021997892104 	 0.0540713133009726
1.878021997892104 	 0.05409938854615482
1.879021997892104 	 0.0541274634671866
1.8800219978921038 	 0.05415553806467952
1.8810219978921037 	 0.054183612339243216
1.8820219978921036 	 0.05421168629148533
1.8830219978921034 	 0.054239759922011584
1.8840219978921033 	 0.05426783323142572
1.8850219978921032 	 0.05429590622032958
1.8860219978921031 	 0.05432397888932304
1.887021997892103 	 0.054352051239004086
1.888021997892103 	 0.054380123269968744
1.8890219978921028 	 0.054408194982811214
1.8900219978921027 	 0.05443626637812372
1.8910219978921026 	 0.0544643374564966
1.8920219978921025 	 0.05449240821851839
1.8930219978921023 	 0.054520478664775655
1.8940219978921022 	 0.05454854879585314
1.8950219978921021 	 0.05457661861233374
1.896021997892102 	 0.05460468811479846
1.897021997892102 	 0.054632757303826496
1.8980219978921018 	 0.054660826179995195
1.8990219978921017 	 0.05468889474388007
1.9000219978921016 	 0.05471696299605482
1.9010219978921015 	 0.05474503093709131
1.9020219978921014 	 0.05477309856755963
1.9030219978921012 	 0.05480116588802807
1.9040219978921011 	 0.05482923289906307
1.905021997892101 	 0.05485729960122934
1.906021997892101 	 0.054885365995089856
1.9070219978921008 	 0.0549134320812057
1.9080219978921007 	 0.05494149786013628
1.9090219978921006 	 0.05496956333243925
1.9100219978921005 	 0.05499762849867048
1.9110219978921004 	 0.05502569335938408
1.9120219978921003 	 0.05505375791513251
1.9130219978921001 	 0.055081822166466385
1.9140219978921 	 0.05510988611393472
1.9150219978921 	 0.05513794975808473
1.9160219978920998 	 0.05516601309946196
1.9170219978920997 	 0.055194076138610236
1.9180219978920996 	 0.055222138876071726
1.9190219978920995 	 0.05525020131238686
1.9200219978920994 	 0.05527826344809445
1.9210219978920993 	 0.05530632528373155
1.9220219978920992 	 0.05533438681983366
1.923021997892099 	 0.055362448056934514
1.924021997892099 	 0.055390508995566266
1.9250219978920988 	 0.05541856963625939
1.9260219978920987 	 0.05544662997954274
1.9270219978920986 	 0.055474690025943504
1.9280219978920985 	 0.055502749775987265
1.9290219978920984 	 0.055530809230198014
1.9300219978920983 	 0.05555886838909809
1.9310219978920982 	 0.05558692725320823
1.932021997892098 	 0.05561498582304757
1.933021997892098 	 0.05564304409913369
1.9340219978920978 	 0.05567110208198251
1.9350219978920977 	 0.05569915977210845
1.9360219978920976 	 0.0557272171700243
1.9370219978920975 	 0.05575527427624128
1.9380219978920974 	 0.05578333109126908
1.9390219978920973 	 0.05581138761561583
1.9400219978920972 	 0.05583944384978806
1.941021997892097 	 0.05586749979429083
1.942021997892097 	 0.05589555544962761
1.9430219978920968 	 0.055923610816300366
1.9440219978920967 	 0.05595166589480948
1.9450219978920966 	 0.05597972068565391
1.9460219978920965 	 0.05600777518933104
1.9470219978920964 	 0.056035829406336744
1.9480219978920963 	 0.056063883337165415
1.9490219978920962 	 0.05609193698230992
1.950021997892096 	 0.05611999034226171
1.951021997892096 	 0.05614804341751066
1.9520219978920959 	 0.05617609620854517
1.9530219978920957 	 0.05620414871585227
1.9540219978920956 	 0.05623220093991744
1.9550219978920955 	 0.05626025288122468
1.9560219978920954 	 0.056288304540256615
1.9570219978920953 	 0.05631635591749434
1.9580219978920952 	 0.05634440701341754
1.959021997892095 	 0.056372457828504516
1.960021997892095 	 0.05640050836323203
1.9610219978920949 	 0.0564285586180755
1.9620219978920947 	 0.05645660859350887
1.9630219978920946 	 0.056484658290004694
1.9640219978920945 	 0.05651270770803414
1.9650219978920944 	 0.05654075684806689
1.9660219978920943 	 0.05656880571057135
1.9670219978920942 	 0.056596854296014416
1.968021997892094 	 0.05662490260486163
1.969021997892094 	 0.05665295063757722
1.9700219978920939 	 0.05668099839462391
1.9710219978920938 	 0.05670904587646317
1.9720219978920936 	 0.05673709308355503
1.9730219978920935 	 0.056765140016358184
1.9740219978920934 	 0.05679318667532997
1.9750219978920933 	 0.056821233060926346
1.9760219978920932 	 0.056849279173601996
1.977021997892093 	 0.0568773250138102
1.978021997892093 	 0.056905370582002866
1.9790219978920929 	 0.056933415878630676
1.9800219978920928 	 0.056961460904142946
1.9810219978920927 	 0.056989505658987576
1.9820219978920925 	 0.05701755014361134
1.9830219978920924 	 0.05704559435845953
1.9840219978920923 	 0.05707363830397623
1.9850219978920922 	 0.05710168198060415
1.986021997892092 	 0.05712972538878477
1.987021997892092 	 0.05715776852895827
1.9880219978920919 	 0.057185811401563494
1.9890219978920918 	 0.05721385400703808
1.9900219978920917 	 0.05724189634581833
1.9910219978920916 	 0.0572699384183393
1.9920219978920914 	 0.05729798022503478
1.9930219978920913 	 0.05732602176633729
1.9940219978920912 	 0.05735406304267812
1.9950219978920911 	 0.05738210405448726
1.996021997892091 	 0.05741014480219348
1.997021997892091 	 0.05743818528622436
1.9980219978920908 	 0.05746622550700614
1.9990219978920907 	 0.05749426546496389
