0.0010219978922 	 0.0
0.0020219978922 	 0.0
0.0030219978922 	 0.0
0.0040219978922 	 0.0
0.0050219978922 	 0.0
0.0060219978922 	 0.0
0.0070219978922 	 0.0
0.0080219978922 	 0.0
0.009021997892200002 	 0.0
0.010021997892200003 	 0.0
0.011021997892200004 	 0.0
0.012021997892200004 	 0.0
0.013021997892200005 	 0.0
0.014021997892200006 	 0.0
0.015021997892200007 	 0.0
0.016021997892200008 	 0.0
0.01702199789220001 	 0.0
0.01802199789220001 	 0.0
0.01902199789220001 	 0.0
0.02002199789220001 	 0.0
0.021021997892200012 	 0.0
0.022021997892200013 	 0.0
0.023021997892200014 	 0.0
0.024021997892200015 	 0.0
0.025021997892200016 	 0.0
0.026021997892200017 	 0.0
0.027021997892200018 	 0.0
0.02802199789220002 	 0.0
0.02902199789220002 	 0.0
0.03002199789220002 	 0.0
0.03102199789220002 	 0.0
0.03202199789220002 	 0.0
0.03302199789220002 	 0.0
0.03402199789220002 	 0.0
0.03502199789220002 	 0.0
0.03602199789220002 	 0.0
0.03702199789220002 	 0.0
0.038021997892200024 	 0.0
0.039021997892200025 	 0.0
0.040021997892200026 	 0.0
0.04102199789220003 	 0.0
0.04202199789220003 	 0.0
0.04302199789220003 	 0.0
0.04402199789220003 	 0.0
0.04502199789220003 	 0.0
0.04602199789220003 	 0.0
0.04702199789220003 	 0.0
0.04802199789220003 	 0.0
0.049021997892200034 	 0.0
0.050021997892200035 	 0.0
0.051021997892200036 	 0.0
0.052021997892200036 	 0.0
0.05302199789220004 	 0.0
0.05402199789220004 	 0.0
0.05502199789220004 	 0.0
0.05602199789220004 	 0.0
0.05702199789220004 	 0.0
0.05802199789220004 	 0.0
0.05902199789220004 	 0.0
0.060021997892200044 	 0.0
0.061021997892200044 	 0.0
0.062021997892200045 	 0.0
0.06302199789220005 	 0.0
0.06402199789220005 	 0.0
0.06502199789220005 	 0.0
0.06602199789220005 	 0.0
0.06702199789220005 	 0.0
0.06802199789220005 	 0.0
0.06902199789220005 	 0.0
0.07002199789220005 	 0.0
0.07102199789220005 	 0.0
0.07202199789220005 	 0.0
0.07302199789220006 	 0.0
0.07402199789220006 	 0.0
0.07502199789220006 	 0.0
0.07602199789220006 	 0.0
0.07702199789220006 	 0.0
0.07802199789220006 	 0.0
0.07902199789220006 	 0.0
0.08002199789220006 	 0.0
0.08102199789220006 	 0.0
0.08202199789220006 	 0.0
0.08302199789220006 	 0.0
0.08402199789220006 	 0.0
0.08502199789220007 	 0.0
0.08602199789220007 	 0.0
0.08702199789220007 	 0.0
0.08802199789220007 	 0.0
0.08902199789220007 	 0.0
0.09002199789220007 	 0.0
0.09102199789220007 	 0.0
0.09202199789220007 	 0.0
0.09302199789220007 	 0.0
0.09402199789220007 	 0.0
0.09502199789220007 	 0.0
0.09602199789220008 	 0.0
0.09702199789220008 	 0.0
0.09802199789220008 	 0.0
0.09902199789220008 	 0.0
0.10002199789220008 	 0.0
0.10102199789220008 	 0.0
0.10202199789220008 	 0.0
0.10302199789220008 	 0.0
0.10402199789220008 	 0.0
0.10502199789220008 	 0.0
0.10602199789220008 	 0.0
0.10702199789220009 	 0.0
0.10802199789220009 	 0.0
0.10902199789220009 	 0.0
0.11002199789220009 	 0.0
0.11102199789220009 	 0.0
0.11202199789220009 	 0.0
0.11302199789220009 	 0.0
0.11402199789220009 	 0.0
0.11502199789220009 	 0.0
0.1160219978922001 	 0.0
0.1170219978922001 	 0.0
0.1180219978922001 	 0.0
0.1190219978922001 	 0.0
0.1200219978922001 	 0.0
0.1210219978922001 	 0.0
0.1220219978922001 	 0.0
0.1230219978922001 	 0.0
0.1240219978922001 	 0.0
0.1250219978922001 	 0.0
0.1260219978922001 	 0.0
0.1270219978922001 	 0.0
0.1280219978922001 	 0.0
0.1290219978922001 	 0.0
0.1300219978922001 	 0.0
0.1310219978922001 	 0.0
0.1320219978922001 	 0.0
0.1330219978922001 	 0.0
0.1340219978922001 	 0.0
0.1350219978922001 	 0.0
0.1360219978922001 	 0.0
0.1370219978922001 	 0.0
0.1380219978922001 	 0.0
0.1390219978922001 	 0.0
0.1400219978922001 	 0.0
0.1410219978922001 	 0.0
0.1420219978922001 	 0.0
0.1430219978922001 	 0.0
0.1440219978922001 	 0.0
0.1450219978922001 	 0.0
0.1460219978922001 	 0.0
0.1470219978922001 	 0.0
0.1480219978922001 	 0.0
0.1490219978922001 	 0.0
0.1500219978922001 	 0.0
0.1510219978922001 	 0.0
0.1520219978922001 	 0.0
0.1530219978922001 	 0.0
0.1540219978922001 	 0.0
0.15502199789220011 	 0.0
0.15602199789220011 	 0.0
0.15702199789220012 	 0.0
0.15802199789220012 	 0.0
0.15902199789220012 	 0.0
0.16002199789220012 	 0.0
0.16102199789220012 	 0.0
0.16202199789220012 	 0.0
0.16302199789220012 	 0.0
0.16402199789220012 	 0.0
0.16502199789220012 	 0.0
0.16602199789220012 	 0.0
0.16702199789220012 	 0.0
0.16802199789220013 	 0.0
0.16902199789220013 	 0.0
0.17002199789220013 	 0.0
0.17102199789220013 	 0.0
0.17202199789220013 	 0.0
0.17302199789220013 	 0.0
0.17402199789220013 	 0.0
0.17502199789220013 	 0.0
0.17602199789220013 	 0.0
0.17702199789220013 	 0.0
0.17802199789220013 	 0.0
0.17902199789220014 	 0.0
0.18002199789220014 	 0.0
0.18102199789220014 	 0.0
0.18202199789220014 	 0.0
0.18302199789220014 	 0.0
0.18402199789220014 	 0.0
0.18502199789220014 	 0.0
0.18602199789220014 	 0.0
0.18702199789220014 	 0.0
0.18802199789220014 	 0.0
0.18902199789220014 	 0.0
0.19002199789220015 	 0.0
0.19102199789220015 	 0.0
0.19202199789220015 	 0.0
0.19302199789220015 	 0.0
0.19402199789220015 	 0.0
0.19502199789220015 	 0.0
0.19602199789220015 	 0.0
0.19702199789220015 	 0.0
0.19802199789220015 	 0.0
0.19902199789220015 	 0.0
0.20002199789220015 	 0.0
0.20102199789220015 	 0.0
0.20202199789220016 	 0.0
0.20302199789220016 	 0.0
0.20402199789220016 	 0.0
0.20502199789220016 	 0.0
0.20602199789220016 	 0.0
0.20702199789220016 	 0.0
0.20802199789220016 	 0.0
0.20902199789220016 	 0.0
0.21002199789220016 	 0.0
0.21102199789220016 	 0.0
0.21202199789220016 	 0.0
0.21302199789220017 	 0.0
0.21402199789220017 	 0.0
0.21502199789220017 	 0.0
0.21602199789220017 	 0.0
0.21702199789220017 	 0.0
0.21802199789220017 	 0.0
0.21902199789220017 	 0.0
0.22002199789220017 	 0.0
0.22102199789220017 	 0.0
0.22202199789220017 	 0.0
0.22302199789220017 	 0.0
0.22402199789220018 	 0.0
0.22502199789220018 	 0.0
0.22602199789220018 	 0.0
0.22702199789220018 	 0.0
0.22802199789220018 	 0.0
0.22902199789220018 	 0.0
0.23002199789220018 	 0.0
0.23102199789220018 	 0.0
0.23202199789220018 	 0.0
0.23302199789220018 	 0.0
0.23402199789220018 	 0.0
0.23502199789220019 	 0.0
0.23602199789220019 	 0.0
0.2370219978922002 	 0.0
0.2380219978922002 	 0.0
0.2390219978922002 	 0.0
0.2400219978922002 	 0.0
0.2410219978922002 	 0.0
0.2420219978922002 	 0.0
0.2430219978922002 	 0.0
0.2440219978922002 	 0.0
0.2450219978922002 	 0.0
0.2460219978922002 	 0.0
0.2470219978922002 	 0.0
0.2480219978922002 	 0.0
0.2490219978922002 	 0.0
0.2500219978922002 	 0.0
0.2510219978922002 	 0.0
0.2520219978922002 	 0.0
0.2530219978922002 	 0.0
0.2540219978922002 	 0.0
0.2550219978922002 	 0.0
0.2560219978922002 	 0.0
0.2570219978922002 	 0.0
0.2580219978922002 	 0.0
0.2590219978922002 	 0.0
0.2600219978922002 	 0.0
0.2610219978922002 	 0.0
0.2620219978922002 	 0.0
0.2630219978922002 	 0.0
0.2640219978922002 	 0.0
0.2650219978922002 	 0.0
0.2660219978922002 	 0.0
0.2670219978922002 	 0.0
0.2680219978922002 	 0.0
0.2690219978922002 	 0.0
0.2700219978922002 	 0.0
0.2710219978922002 	 0.0
0.2720219978922002 	 0.0
0.2730219978922002 	 0.0
0.2740219978922002 	 0.0
0.2750219978922002 	 0.0
0.2760219978922002 	 0.0
0.2770219978922002 	 0.0
0.2780219978922002 	 0.0
0.2790219978922002 	 0.0
0.2800219978922002 	 0.0
0.2810219978922002 	 0.0
0.2820219978922002 	 0.0
0.2830219978922002 	 0.0
0.28402199789220023 	 0.0
0.28502199789220023 	 0.0
0.28602199789220023 	 0.0
0.28702199789220023 	 0.0
0.28802199789220023 	 0.0
0.28902199789220023 	 0.0
0.29002199789220023 	 0.0
0.29102199789220023 	 0.0
0.29202199789220024 	 0.0
0.29302199789220024 	 0.0
0.29402199789220024 	 0.0
0.29502199789220024 	 0.0
0.29602199789220024 	 0.0
0.29702199789220024 	 0.0
0.29802199789220024 	 0.0
0.29902199789220024 	 0.0
0.30002199789220024 	 0.0
0.30102199789220024 	 0.0
0.30202199789220024 	 0.0
0.30302199789220025 	 0.0
0.30402199789220025 	 0.0
0.30502199789220025 	 0.0
0.30602199789220025 	 0.0
0.30702199789220025 	 0.0
0.30802199789220025 	 0.0
0.30902199789220025 	 0.0
0.31002199789220025 	 0.0
0.31102199789220025 	 0.0
0.31202199789220025 	 0.0
0.31302199789220025 	 0.0
0.31402199789220026 	 0.0
0.31502199789220026 	 0.0
0.31602199789220026 	 0.0
0.31702199789220026 	 0.0
0.31802199789220026 	 0.0
0.31902199789220026 	 0.0
0.32002199789220026 	 0.0
0.32102199789220026 	 0.0
0.32202199789220026 	 0.0
0.32302199789220026 	 0.0
0.32402199789220026 	 0.0
0.32502199789220027 	 0.0
0.32602199789220027 	 0.0
0.32702199789220027 	 0.0
0.32802199789220027 	 0.0
0.32902199789220027 	 0.0
0.33002199789220027 	 0.0
0.33102199789220027 	 0.0
0.33202199789220027 	 0.0
0.33302199789220027 	 0.0
0.3340219978922003 	 0.0
0.3350219978922003 	 0.0
0.3360219978922003 	 0.0
0.3370219978922003 	 0.0
0.3380219978922003 	 0.0
0.3390219978922003 	 0.0
0.3400219978922003 	 0.0
0.3410219978922003 	 0.0
0.3420219978922003 	 0.0
0.3430219978922003 	 0.0
0.3440219978922003 	 0.0
0.3450219978922003 	 0.0
0.3460219978922003 	 0.0
0.3470219978922003 	 0.0
0.3480219978922003 	 0.0
0.3490219978922003 	 0.0
0.3500219978922003 	 0.0
0.3510219978922003 	 0.0
0.3520219978922003 	 0.0
0.3530219978922003 	 0.0
0.3540219978922003 	 0.0
0.3550219978922003 	 0.0
0.3560219978922003 	 0.0
0.3570219978922003 	 0.0
0.3580219978922003 	 0.0
0.3590219978922003 	 0.0
0.3600219978922003 	 0.0
0.3610219978922003 	 0.0
0.3620219978922003 	 0.0
0.3630219978922003 	 0.0
0.3640219978922003 	 0.0
0.3650219978922003 	 0.0
0.3660219978922003 	 0.0
0.3670219978922003 	 0.0
0.3680219978922003 	 0.0
0.3690219978922003 	 0.0
0.3700219978922003 	 0.0
0.3710219978922003 	 0.0
0.3720219978922003 	 0.0
0.3730219978922003 	 0.0
0.3740219978922003 	 0.0
0.3750219978922003 	 0.0
0.3760219978922003 	 0.0
0.3770219978922003 	 0.0
0.3780219978922003 	 0.0
0.3790219978922003 	 0.0
0.3800219978922003 	 0.0
0.3810219978922003 	 0.0
0.3820219978922003 	 0.0
0.3830219978922003 	 0.0
0.3840219978922003 	 0.0
0.3850219978922003 	 0.0
0.3860219978922003 	 0.0
0.3870219978922003 	 0.0
0.3880219978922003 	 0.0
0.3890219978922003 	 0.0
0.3900219978922003 	 0.0
0.3910219978922003 	 0.0
0.3920219978922003 	 0.0
0.3930219978922003 	 0.0
0.3940219978922003 	 0.0
0.3950219978922003 	 0.0
0.39602199789220033 	 0.0
0.39702199789220033 	 0.0
0.39802199789220033 	 0.0
0.39902199789220033 	 0.0
0.40002199789220033 	 0.0
0.40102199789220033 	 0.0
0.40202199789220033 	 0.0
0.40302199789220033 	 0.0
0.40402199789220034 	 0.0
0.40502199789220034 	 0.0
0.40602199789220034 	 0.0
0.40702199789220034 	 0.0
0.40802199789220034 	 0.0
0.40902199789220034 	 0.0
0.41002199789220034 	 0.0
0.41102199789220034 	 0.0
0.41202199789220034 	 0.0
0.41302199789220034 	 0.0
0.41402199789220034 	 0.0
0.41502199789220034 	 0.0
0.41602199789220035 	 0.0
0.41702199789220035 	 0.0
0.41802199789220035 	 0.0
0.41902199789220035 	 0.0
0.42002199789220035 	 0.0
0.42102199789220035 	 0.0
0.42202199789220035 	 0.0
0.42302199789220035 	 0.0
0.42402199789220035 	 0.0
0.42502199789220035 	 0.0
0.42602199789220035 	 0.0
0.42702199789220036 	 0.0
0.42802199789220036 	 0.0
0.42902199789220036 	 0.0
0.43002199789220036 	 0.0
0.43102199789220036 	 0.0
0.43202199789220036 	 0.0
0.43302199789220036 	 0.0
0.43402199789220036 	 0.0
0.43502199789220036 	 0.0
0.43602199789220036 	 0.0
0.43702199789220036 	 0.0
0.43802199789220037 	 0.0
0.43902199789220037 	 0.0
0.44002199789220037 	 0.0
0.44102199789220037 	 0.0
0.44202199789220037 	 0.0
0.44302199789220037 	 0.0
0.44402199789220037 	 0.0
0.44502199789220037 	 0.0
0.4460219978922004 	 0.0
0.4470219978922004 	 0.0
0.4480219978922004 	 0.0
0.4490219978922004 	 0.0
0.4500219978922004 	 0.0
0.4510219978922004 	 0.0
0.4520219978922004 	 0.0
0.4530219978922004 	 0.0
0.4540219978922004 	 0.0
0.4550219978922004 	 0.0
0.4560219978922004 	 0.0
0.4570219978922004 	 0.0
0.4580219978922004 	 0.0
0.4590219978922004 	 0.0
0.4600219978922004 	 0.0
0.4610219978922004 	 0.0
0.4620219978922004 	 0.0
0.4630219978922004 	 0.0
0.4640219978922004 	 0.0
0.4650219978922004 	 0.0
0.4660219978922004 	 0.0
0.4670219978922004 	 0.0
0.4680219978922004 	 0.0
0.4690219978922004 	 0.0
0.4700219978922004 	 0.0
0.4710219978922004 	 0.0
0.4720219978922004 	 0.0
0.4730219978922004 	 0.0
0.4740219978922004 	 0.0
0.4750219978922004 	 0.0
0.4760219978922004 	 0.0
0.4770219978922004 	 0.0
0.4780219978922004 	 0.0
0.4790219978922004 	 0.0
0.4800219978922004 	 0.0
0.4810219978922004 	 0.0
0.4820219978922004 	 0.0
0.4830219978922004 	 0.0
0.4840219978922004 	 0.0
0.4850219978922004 	 0.0
0.4860219978922004 	 0.0
0.4870219978922004 	 0.0
0.4880219978922004 	 0.0
0.4890219978922004 	 0.0
0.4900219978922004 	 0.0
0.4910219978922004 	 0.0
0.4920219978922004 	 0.0
0.4930219978922004 	 0.0
0.4940219978922004 	 0.0
0.4950219978922004 	 0.0
0.4960219978922004 	 0.0
0.4970219978922004 	 0.0
0.4980219978922004 	 0.0
0.4990219978922004 	 0.0
0.5000219978922004 	 0.0
0.5010219978922004 	 0.0
0.5020219978922004 	 0.0
0.5030219978922004 	 0.0
0.5040219978922004 	 0.0
0.5050219978922004 	 0.0
0.5060219978922004 	 0.0
0.5070219978922004 	 0.0
0.5080219978922004 	 0.0
0.5090219978922004 	 0.0
0.5100219978922004 	 0.0
0.5110219978922004 	 0.0
0.5120219978922004 	 0.0
0.5130219978922004 	 0.0
0.5140219978922004 	 0.0
0.5150219978922004 	 0.0
0.5160219978922004 	 0.0
0.5170219978922004 	 0.0
0.5180219978922004 	 0.0
0.5190219978922004 	 0.0
0.5200219978922004 	 0.0
0.5210219978922004 	 0.0
0.5220219978922004 	 0.0
0.5230219978922004 	 0.0
0.5240219978922004 	 0.0
0.5250219978922004 	 0.0
0.5260219978922004 	 0.0
0.5270219978922004 	 0.0
0.5280219978922004 	 0.0
0.5290219978922004 	 0.0
0.5300219978922004 	 0.0
0.5310219978922004 	 0.0
0.5320219978922004 	 0.0
0.5330219978922004 	 0.0
0.5340219978922004 	 0.0
0.5350219978922004 	 0.0
0.5360219978922004 	 0.0
0.5370219978922004 	 0.0
0.5380219978922004 	 0.0
0.5390219978922004 	 0.0
0.5400219978922004 	 0.0
0.5410219978922004 	 0.0
0.5420219978922004 	 0.0
0.5430219978922004 	 0.0
0.5440219978922004 	 0.0
0.5450219978922004 	 0.0
0.5460219978922004 	 0.0
0.5470219978922004 	 0.0
0.5480219978922004 	 0.0
0.5490219978922004 	 0.0
0.5500219978922004 	 0.0
0.5510219978922004 	 0.0
0.5520219978922004 	 0.0
0.5530219978922004 	 0.0
0.5540219978922004 	 0.0
0.5550219978922004 	 0.0
0.5560219978922004 	 0.0
0.5570219978922004 	 0.0
0.5580219978922004 	 0.0
0.5590219978922004 	 0.0
0.5600219978922004 	 0.0
0.5610219978922004 	 0.0
0.5620219978922004 	 0.0
0.5630219978922004 	 0.0
0.5640219978922004 	 0.0
0.5650219978922004 	 0.0
0.5660219978922004 	 0.0
0.5670219978922004 	 0.0
0.5680219978922004 	 0.0
0.5690219978922004 	 0.0
0.5700219978922004 	 0.0
0.5710219978922004 	 0.0
0.5720219978922004 	 0.0
0.5730219978922004 	 0.0
0.5740219978922004 	 0.0
0.5750219978922004 	 0.0
0.5760219978922004 	 0.0
0.5770219978922004 	 0.0
0.5780219978922004 	 0.0
0.5790219978922004 	 0.0
0.5800219978922004 	 0.0
0.5810219978922004 	 0.0
0.5820219978922004 	 0.0
0.5830219978922004 	 0.0
0.5840219978922004 	 0.0
0.5850219978922004 	 0.0
0.5860219978922004 	 0.0
0.5870219978922004 	 0.0
0.5880219978922004 	 0.0
0.5890219978922004 	 0.0
0.5900219978922004 	 0.0
0.5910219978922004 	 0.0
0.5920219978922004 	 0.0
0.5930219978922004 	 0.0
0.5940219978922004 	 0.0
0.5950219978922004 	 0.0
0.5960219978922005 	 0.0
0.5970219978922005 	 0.0
0.5980219978922005 	 0.0
0.5990219978922005 	 0.0
0.6000219978922005 	 0.0
0.6010219978922005 	 0.0
0.6020219978922005 	 0.0
0.6030219978922005 	 0.0
0.6040219978922005 	 0.0
0.6050219978922005 	 0.0
0.6060219978922005 	 0.0
0.6070219978922005 	 0.0
0.6080219978922005 	 0.0
0.6090219978922005 	 0.0
0.6100219978922005 	 0.0
0.6110219978922005 	 0.0
0.6120219978922005 	 0.0
0.6130219978922005 	 0.0
0.6140219978922005 	 0.0
0.6150219978922005 	 0.0
0.6160219978922005 	 0.0
0.6170219978922005 	 0.0
0.6180219978922005 	 0.0
0.6190219978922005 	 0.0
0.6200219978922005 	 0.0
0.6210219978922005 	 0.0
0.6220219978922005 	 0.0
0.6230219978922005 	 0.0
0.6240219978922005 	 0.0
0.6250219978922005 	 0.0
0.6260219978922005 	 0.0
0.6270219978922005 	 0.0
0.6280219978922005 	 0.0
0.6290219978922005 	 0.0
0.6300219978922005 	 0.0
0.6310219978922005 	 0.0
0.6320219978922005 	 0.0
0.6330219978922005 	 0.0
0.6340219978922005 	 0.0
0.6350219978922005 	 0.0
0.6360219978922005 	 0.0
0.6370219978922005 	 0.0
0.6380219978922005 	 0.0
0.6390219978922005 	 0.0
0.6400219978922005 	 0.0
0.6410219978922005 	 0.0
0.6420219978922005 	 0.0
0.6430219978922005 	 0.0
0.6440219978922005 	 0.0
0.6450219978922005 	 0.0
0.6460219978922005 	 0.0
0.6470219978922005 	 0.0
0.6480219978922005 	 0.0
0.6490219978922005 	 0.0
0.6500219978922005 	 0.0
0.6510219978922005 	 0.0
0.6520219978922005 	 0.0
0.6530219978922005 	 0.0
0.6540219978922005 	 0.0
0.6550219978922005 	 0.0
0.6560219978922005 	 0.0
0.6570219978922005 	 0.0
0.6580219978922005 	 0.0
0.6590219978922005 	 0.0
0.6600219978922005 	 0.0
0.6610219978922005 	 0.0
0.6620219978922005 	 0.0
0.6630219978922005 	 0.0
0.6640219978922005 	 0.0
0.6650219978922005 	 0.0
0.6660219978922005 	 0.0
0.6670219978922005 	 0.0
0.6680219978922005 	 0.0
0.6690219978922005 	 0.0
0.6700219978922005 	 0.0
0.6710219978922005 	 0.0
0.6720219978922005 	 0.0
0.6730219978922005 	 0.0
0.6740219978922005 	 0.0
0.6750219978922005 	 0.0
0.6760219978922005 	 0.0
0.6770219978922005 	 0.0
0.6780219978922005 	 0.0
0.6790219978922005 	 0.0
0.6800219978922005 	 0.0
0.6810219978922005 	 0.0
0.6820219978922005 	 0.0
0.6830219978922005 	 0.0
0.6840219978922005 	 0.0
0.6850219978922005 	 0.0
0.6860219978922005 	 0.0
0.6870219978922005 	 0.0
0.6880219978922005 	 0.0
0.6890219978922005 	 0.0
0.6900219978922005 	 0.0
0.6910219978922005 	 0.0
0.6920219978922005 	 0.0
0.6930219978922005 	 0.0
0.6940219978922005 	 0.0
0.6950219978922005 	 0.0
0.6960219978922005 	 0.0
0.6970219978922005 	 0.0
0.6980219978922005 	 0.0
0.6990219978922005 	 0.0
0.7000219978922005 	 0.0
0.7010219978922005 	 0.0
0.7020219978922005 	 0.0
0.7030219978922005 	 0.0
0.7040219978922005 	 0.0
0.7050219978922005 	 0.0
0.7060219978922005 	 0.0
0.7070219978922005 	 0.0
0.7080219978922005 	 0.0
0.7090219978922006 	 0.0
0.7100219978922006 	 0.0
0.7110219978922006 	 0.0
0.7120219978922006 	 0.0
0.7130219978922006 	 0.0
0.7140219978922006 	 0.0
0.7150219978922006 	 0.0
0.7160219978922006 	 0.0
0.7170219978922006 	 0.0
0.7180219978922006 	 0.0
0.7190219978922006 	 0.0
0.7200219978922006 	 0.0
0.7210219978922006 	 0.0
0.7220219978922006 	 0.0
0.7230219978922006 	 0.0
0.7240219978922006 	 0.0
0.7250219978922006 	 0.0
0.7260219978922006 	 0.0
0.7270219978922006 	 0.0
0.7280219978922006 	 0.0
0.7290219978922006 	 0.0
0.7300219978922006 	 0.0
0.7310219978922006 	 0.0
0.7320219978922006 	 0.0
0.7330219978922006 	 0.0
0.7340219978922006 	 0.0
0.7350219978922006 	 0.0
0.7360219978922006 	 0.0
0.7370219978922006 	 0.0
0.7380219978922006 	 0.0
0.7390219978922006 	 0.0
0.7400219978922006 	 0.0
0.7410219978922006 	 0.0
0.7420219978922006 	 0.0
0.7430219978922006 	 0.0
0.7440219978922006 	 0.0
0.7450219978922006 	 0.0
0.7460219978922006 	 0.0
0.7470219978922006 	 0.0
0.7480219978922006 	 0.0
0.7490219978922006 	 0.0
0.7500219978922006 	 0.0
0.7510219978922006 	 0.0
0.7520219978922006 	 0.0
0.7530219978922006 	 0.0
0.7540219978922006 	 0.0
0.7550219978922006 	 0.0
0.7560219978922006 	 0.0
0.7570219978922006 	 0.0
0.7580219978922006 	 0.0
0.7590219978922006 	 0.0
0.7600219978922006 	 0.0
0.7610219978922006 	 0.0
0.7620219978922006 	 0.0
0.7630219978922006 	 0.0
0.7640219978922006 	 0.0
0.7650219978922006 	 0.0
0.7660219978922006 	 0.0
0.7670219978922006 	 0.0
0.7680219978922006 	 0.0
0.7690219978922006 	 0.0
0.7700219978922006 	 0.0
0.7710219978922006 	 0.0
0.7720219978922006 	 0.0
0.7730219978922006 	 0.0
0.7740219978922006 	 0.0
0.7750219978922006 	 0.0
0.7760219978922006 	 0.0
0.7770219978922006 	 0.0
0.7780219978922006 	 0.0
0.7790219978922006 	 0.0
0.7800219978922006 	 0.0
0.7810219978922006 	 0.0
0.7820219978922006 	 0.0
0.7830219978922006 	 0.0
0.7840219978922006 	 0.0
0.7850219978922006 	 0.0
0.7860219978922006 	 0.0
0.7870219978922006 	 0.0
0.7880219978922006 	 0.0
0.7890219978922006 	 0.0
0.7900219978922006 	 0.0
0.7910219978922006 	 0.0
0.7920219978922006 	 0.0
0.7930219978922006 	 0.0
0.7940219978922006 	 0.0
0.7950219978922006 	 0.0
0.7960219978922006 	 0.0
0.7970219978922006 	 0.0
0.7980219978922006 	 0.0
0.7990219978922006 	 0.0
0.8000219978922006 	 0.0
0.8010219978922006 	 0.0
0.8020219978922006 	 0.0
0.8030219978922006 	 0.0
0.8040219978922006 	 0.0
0.8050219978922006 	 0.0
0.8060219978922006 	 0.0
0.8070219978922006 	 0.0
0.8080219978922006 	 0.0
0.8090219978922006 	 0.0
0.8100219978922006 	 0.0
0.8110219978922006 	 0.0
0.8120219978922006 	 0.0
0.8130219978922006 	 0.0
0.8140219978922006 	 0.0
0.8150219978922006 	 0.0
0.8160219978922006 	 0.0
0.8170219978922006 	 0.0
0.8180219978922006 	 0.0
0.8190219978922006 	 0.0
0.8200219978922006 	 0.0
0.8210219978922007 	 0.0
0.8220219978922007 	 0.0
0.8230219978922007 	 0.0
0.8240219978922007 	 0.0
0.8250219978922007 	 0.0
0.8260219978922007 	 0.0
0.8270219978922007 	 0.0
0.8280219978922007 	 0.0
0.8290219978922007 	 0.0
0.8300219978922007 	 0.0
0.8310219978922007 	 0.0
0.8320219978922007 	 0.0
0.8330219978922007 	 0.0
0.8340219978922007 	 0.0
0.8350219978922007 	 0.0
0.8360219978922007 	 0.0
0.8370219978922007 	 0.0
0.8380219978922007 	 0.0
0.8390219978922007 	 0.0
0.8400219978922007 	 0.0
0.8410219978922007 	 0.0
0.8420219978922007 	 0.0
0.8430219978922007 	 0.0
0.8440219978922007 	 0.0
0.8450219978922007 	 0.0
0.8460219978922007 	 0.0
0.8470219978922007 	 0.0
0.8480219978922007 	 0.0
0.8490219978922007 	 0.0
0.8500219978922007 	 0.0
0.8510219978922007 	 0.0
0.8520219978922007 	 0.0
0.8530219978922007 	 0.0
0.8540219978922007 	 0.0
0.8550219978922007 	 0.0
0.8560219978922007 	 0.0
0.8570219978922007 	 0.0
0.8580219978922007 	 0.0
0.8590219978922007 	 0.0
0.8600219978922007 	 0.0
0.8610219978922007 	 0.0
0.8620219978922007 	 0.0
0.8630219978922007 	 0.0
0.8640219978922007 	 0.0
0.8650219978922007 	 0.0
0.8660219978922007 	 0.0
0.8670219978922007 	 0.0
0.8680219978922007 	 0.0
0.8690219978922007 	 0.0
0.8700219978922007 	 0.0
0.8710219978922007 	 0.0
0.8720219978922007 	 0.0
0.8730219978922007 	 0.0
0.8740219978922007 	 0.0
0.8750219978922007 	 0.0
0.8760219978922007 	 0.0
0.8770219978922007 	 0.0
0.8780219978922007 	 0.0
0.8790219978922007 	 0.0
0.8800219978922007 	 0.0
0.8810219978922007 	 0.0
0.8820219978922007 	 0.0
0.8830219978922007 	 0.0
0.8840219978922007 	 0.0
0.8850219978922007 	 0.0
0.8860219978922007 	 0.0
0.8870219978922007 	 0.0
0.8880219978922007 	 0.0
0.8890219978922007 	 0.0
0.8900219978922007 	 0.0
0.8910219978922007 	 0.0
0.8920219978922007 	 0.0
0.8930219978922007 	 0.0
0.8940219978922007 	 0.0
0.8950219978922007 	 0.0
0.8960219978922007 	 0.0
0.8970219978922007 	 0.0
0.8980219978922007 	 0.0
0.8990219978922007 	 0.0
0.9000219978922007 	 0.0
0.9010219978922007 	 0.0
0.9020219978922007 	 0.0
0.9030219978922007 	 0.0
0.9040219978922007 	 0.0
0.9050219978922007 	 0.0
0.9060219978922007 	 0.0
0.9070219978922007 	 0.0
0.9080219978922007 	 0.0
0.9090219978922007 	 0.0
0.9100219978922007 	 0.0
0.9110219978922007 	 0.0
0.9120219978922007 	 0.0
0.9130219978922007 	 0.0
0.9140219978922007 	 0.0
0.9150219978922007 	 0.0
0.9160219978922007 	 0.0
0.9170219978922007 	 0.0
0.9180219978922007 	 0.0
0.9190219978922007 	 0.0
0.9200219978922007 	 0.0
0.9210219978922007 	 0.0
0.9220219978922007 	 0.0
0.9230219978922007 	 0.0
0.9240219978922007 	 0.0
0.9250219978922007 	 0.0
0.9260219978922007 	 0.0
0.9270219978922007 	 0.0
0.9280219978922007 	 0.0
0.9290219978922007 	 0.0
0.9300219978922007 	 0.0
0.9310219978922007 	 0.0
0.9320219978922007 	 0.0
0.9330219978922007 	 0.0
0.9340219978922008 	 0.0
0.9350219978922008 	 0.0
0.9360219978922008 	 0.0
0.9370219978922008 	 0.0
0.9380219978922008 	 0.0
0.9390219978922008 	 0.0
0.9400219978922008 	 0.0
0.9410219978922008 	 0.0
0.9420219978922008 	 0.0
0.9430219978922008 	 0.0
0.9440219978922008 	 0.0
0.9450219978922008 	 0.0
0.9460219978922008 	 0.0
0.9470219978922008 	 0.0
0.9480219978922008 	 0.0
0.9490219978922008 	 0.0
0.9500219978922008 	 0.0
0.9510219978922008 	 0.0
0.9520219978922008 	 0.0
0.9530219978922008 	 0.0
0.9540219978922008 	 0.0
0.9550219978922008 	 0.0
0.9560219978922008 	 0.0
0.9570219978922008 	 0.0
0.9580219978922008 	 0.0
0.9590219978922008 	 0.0
0.9600219978922008 	 0.0
0.9610219978922008 	 0.0
0.9620219978922008 	 0.0
0.9630219978922008 	 0.0
0.9640219978922008 	 0.0
0.9650219978922008 	 0.0
0.9660219978922008 	 0.0
0.9670219978922008 	 0.0
0.9680219978922008 	 0.0
0.9690219978922008 	 0.0
0.9700219978922008 	 0.0
0.9710219978922008 	 0.0
0.9720219978922008 	 0.0
0.9730219978922008 	 0.0
0.9740219978922008 	 0.0
0.9750219978922008 	 0.0
0.9760219978922008 	 0.0
0.9770219978922008 	 0.0
0.9780219978922008 	 0.0
0.9790219978922008 	 0.0
0.9800219978922008 	 0.0
0.9810219978922008 	 0.0
0.9820219978922008 	 0.0
0.9830219978922008 	 0.0
0.9840219978922008 	 0.0
0.9850219978922008 	 0.0
0.9860219978922008 	 0.0
0.9870219978922008 	 0.0
0.9880219978922008 	 0.0
0.9890219978922008 	 0.0
0.9900219978922008 	 0.0
0.9910219978922008 	 0.0
0.9920219978922008 	 0.0
0.9930219978922008 	 0.0
0.9940219978922008 	 0.0
0.9950219978922008 	 0.0
0.9960219978922008 	 0.0
0.9970219978922008 	 0.0
0.9980219978922008 	 0.0
0.9990219978922008 	 0.0
1.0000219978922007 	 0.0
1.0010219978922006 	 0.0
1.0020219978922005 	 0.0
1.0030219978922004 	 0.0
1.0040219978922003 	 0.0
1.0050219978922001 	 0.0
1.0060219978922 	 0.0
1.0070219978922 	 0.0
1.0080219978921998 	 0.0
1.0090219978921997 	 0.0
1.0100219978921996 	 0.0
1.0110219978921995 	 0.0
1.0120219978921994 	 0.0
1.0130219978921993 	 0.0
1.0140219978921992 	 0.0
1.015021997892199 	 0.0
1.016021997892199 	 0.0
1.0170219978921988 	 0.0
1.0180219978921987 	 0.0
1.0190219978921986 	 0.0
1.0200219978921985 	 0.0
1.0210219978921984 	 0.0
1.0220219978921983 	 0.0
1.0230219978921982 	 0.0
1.024021997892198 	 0.0
1.025021997892198 	 0.0
1.0260219978921978 	 0.0
1.0270219978921977 	 0.0
1.0280219978921976 	 0.0
1.0290219978921975 	 0.0
1.0300219978921974 	 0.0
1.0310219978921973 	 0.0
1.0320219978921972 	 0.0
1.033021997892197 	 0.0
1.034021997892197 	 0.0
1.0350219978921968 	 0.0
1.0360219978921967 	 0.0
1.0370219978921966 	 0.0
1.0380219978921965 	 0.0
1.0390219978921964 	 0.0
1.0400219978921963 	 0.0
1.0410219978921962 	 0.0
1.042021997892196 	 0.0
1.043021997892196 	 0.0
1.0440219978921959 	 0.0
1.0450219978921957 	 0.0
1.0460219978921956 	 0.0
1.0470219978921955 	 0.0
1.0480219978921954 	 0.0
1.0490219978921953 	 0.0
1.0500219978921952 	 0.0
1.051021997892195 	 0.0
1.052021997892195 	 0.0
1.0530219978921949 	 0.0
1.0540219978921948 	 0.0
1.0550219978921946 	 0.0
1.0560219978921945 	 0.0
1.0570219978921944 	 0.0
1.0580219978921943 	 0.0
1.0590219978921942 	 0.0
1.060021997892194 	 0.0
1.061021997892194 	 0.0
1.0620219978921939 	 2.2854134927761913e-09
1.0630219978921938 	 3.4314958803978216e-08
1.0640219978921936 	 9.366192102343671e-08
1.0650219978921935 	 1.774569370180371e-07
1.0660219978921934 	 2.8463726436660434e-07
1.0670219978921933 	 4.1466740177347517e-07
1.0680219978921932 	 5.672464203994426e-07
1.069021997892193 	 7.422104508950492e-07
1.070021997892193 	 9.394636673997992e-07
1.0710219978921929 	 1.1589738888564036e-06
1.0720219978921928 	 1.4007357381585062e-06
1.0730219978921927 	 1.6647726141095617e-06
1.0740219978921925 	 1.9511272944931917e-06
1.0750219978921924 	 2.2598574964138088e-06
1.0760219978921923 	 2.591034239242772e-06
1.0770219978921922 	 2.9447335507602856e-06
1.078021997892192 	 3.321043879781318e-06
1.079021997892192 	 3.7200587203592766e-06
1.0800219978921919 	 4.1418786842071075e-06
1.0810219978921918 	 4.586604617238188e-06
1.0820219978921917 	 5.054346262850966e-06
1.0830219978921916 	 5.545217082418009e-06
1.0840219978921914 	 6.059329227344298e-06
1.0850219978921913 	 6.596805834736159e-06
1.0860219978921912 	 7.1577631093078755e-06
1.0870219978921911 	 7.742324886563292e-06
1.088021997892191 	 8.350620446070629e-06
1.089021997892191 	 8.982778158660453e-06
1.0900219978921908 	 9.638925203894988e-06
1.0910219978921907 	 1.0319194103938154e-05
1.0920219978921906 	 1.1023720980426273e-05
1.0930219978921905 	 1.17526469037907e-05
1.0940219978921903 	 1.2506100237289841e-05
1.0950219978921902 	 1.3284227331234393e-05
1.0960219978921901 	 1.4087169720486401e-05
1.09702199789219 	 1.4915067249887481e-05
1.09802199789219 	 1.5768064806081293e-05
1.0990219978921898 	 1.6646315309698083e-05
1.1000219978921897 	 1.7549956876723555e-05
1.1010219978921896 	 1.8479148998775337e-05
1.1020219978921895 	 1.9434032715991727e-05
1.1030219978921894 	 2.041476734996875e-05
1.1040219978921892 	 2.142150705403796e-05
1.1050219978921891 	 2.2454404043326085e-05
1.106021997892189 	 2.3513618963580023e-05
1.107021997892189 	 2.4599306905985895e-05
1.1080219978921888 	 2.571162989701975e-05
1.1090219978921887 	 2.685075117434779e-05
1.1100219978921886 	 2.8016830563628955e-05
1.1110219978921885 	 2.921003612455425e-05
1.1120219978921884 	 3.0430530578995807e-05
1.1130219978921883 	 3.167848511918929e-05
1.1140219978921881 	 3.2954065388541366e-05
1.115021997892188 	 3.425744739887854e-05
1.116021997892188 	 3.558879472051982e-05
1.1170219978921878 	 3.694828808693757e-05
1.1180219978921877 	 3.8336102784648374e-05
1.1190219978921876 	 3.9752412289174e-05
1.1200219978921875 	 4.119740020649945e-05
1.1210219978921874 	 4.267123798430358e-05
1.1220219978921873 	 4.417411751802787e-05
1.1230219978921872 	 4.5706211729279074e-05
1.124021997892187 	 4.726771569154007e-05
1.125021997892187 	 4.885880726290118e-05
1.1260219978921868 	 5.0479679644510256e-05
1.1270219978921867 	 5.213051904989851e-05
1.1280219978921866 	 5.381152204225888e-05
1.1290219978921865 	 5.5522872916503574e-05
1.1300219978921864 	 5.726477677735667e-05
1.1310219978921863 	 5.9037419586657246e-05
1.1320219978921862 	 6.0841009790242783e-05
1.133021997892186 	 6.267573853546476e-05
1.134021997892186 	 6.454181252988112e-05
1.1350219978921858 	 6.643943155660477e-05
1.1360219978921857 	 6.836880587680787e-05
1.1370219978921856 	 7.033013709456546e-05
1.1380219978921855 	 7.232363367119128e-05
1.1390219978921854 	 7.434951142443858e-05
1.1400219978921853 	 7.640797364501375e-05
1.1410219978921852 	 7.849924504456974e-05
1.142021997892185 	 8.062353266490932e-05
1.143021997892185 	 8.278105960710506e-05
1.1440219978921848 	 8.497204196770257e-05
1.1450219978921847 	 8.71967066612442e-05
1.1460219978921846 	 8.945526828354222e-05
1.1470219978921845 	 9.174796289035907e-05
1.1480219978921844 	 9.40750126067746e-05
1.1490219978921843 	 9.64366413069989e-05
1.1500219978921842 	 9.883309113285053e-05
1.151021997892184 	 0.00010126458643908891
1.152021997892184 	 0.00010373136799202935
1.1530219978921838 	 0.00010623366958487565
1.1540219978921837 	 0.00010877173609779016
1.1550219978921836 	 0.00011134580372840436
1.1560219978921835 	 0.00011395611600366627
1.1570219978921834 	 0.00011660292424113907
1.1580219978921833 	 0.00011928646723849908
1.1590219978921832 	 0.00012200700592076278
1.160021997892183 	 0.00012476478349647665
1.161021997892183 	 0.0001275600598359779
1.1620219978921829 	 0.00013039309159317187
1.1630219978921827 	 0.00013326413216229165
1.1640219978921826 	 0.00013617345005910195
1.1650219978921825 	 0.0001391212995224064
1.1660219978921824 	 0.00014210795724872285
1.1670219978921823 	 0.00014513368585676839
1.1680219978921822 	 0.00014819875013501857
1.169021997892182 	 0.00015130343391225035
1.170021997892182 	 0.0001544480031052199
1.1710219978921819 	 0.00015763274081389192
1.1720219978921818 	 0.000160857923269293
1.1730219978921816 	 0.00016412383843730362
1.1740219978921815 	 0.00016743076757807354
1.1750219978921814 	 0.00017077899245828153
1.1760219978921813 	 0.0001741688141195863
1.1770219978921812 	 0.00017760051576463449
1.178021997892181 	 0.00018107439795398317
1.179021997892181 	 0.0001845907583021717
1.1800219978921809 	 0.00018814989142392548
1.1810219978921808 	 0.00019175210766809986
1.1820219978921807 	 0.00019539770696449518
1.1830219978921805 	 0.00019908699740292198
1.1840219978921804 	 0.0002028202956392757
1.1850219978921803 	 0.000206597907761063
1.1860219978921802 	 0.00021042015580807852
1.18702199789218 	 0.0002142873590079939
1.18802199789218 	 0.0002181998336524557
1.1890219978921799 	 0.00022215791031365384
1.1900219978921798 	 0.00022616191284824784
1.1910219978921797 	 0.0002302121775542761
1.1920219978921796 	 0.00023430903419455575
1.1930219978921794 	 0.0002384528134556513
1.1940219978921793 	 0.0002426438661839751
1.1950219978921792 	 0.0002468825291329957
1.1960219978921791 	 0.00025116914384644125
1.197021997892179 	 0.00025550406461435676
1.198021997892179 	 0.0002598876391345192
1.1990219978921788 	 0.00026432022785393165
1.2000219978921787 	 0.00026880218287838643
1.2010219978921786 	 0.0002733338650773913
1.2020219978921785 	 0.00027791564447974713
1.2030219978921783 	 0.0002825478846455314
1.2040219978921782 	 0.00028723095035524743
1.2050219978921781 	 0.00029196522717351577
1.206021997892178 	 0.0002967510826628903
1.207021997892178 	 0.0003015889051530081
1.2080219978921778 	 0.00030647907281374117
1.2090219978921777 	 0.0003114219729139873
1.2100219978921776 	 0.000316418002146986
1.2110219978921775 	 0.00032146755088995315
1.2120219978921773 	 0.00032657101096109857
1.2130219978921772 	 0.0003317287954042858
1.2140219978921771 	 0.0003369413032182323
1.215021997892177 	 0.0003422089388225323
1.216021997892177 	 0.00034753212025033227
1.2170219978921768 	 0.0003529112591995991
1.2180219978921767 	 0.00035834678101320734
1.2190219978921766 	 0.00036383910489999215
1.2200219978921765 	 0.00036938865175022617
1.2210219978921764 	 0.00037499586411030494
1.2220219978921762 	 0.00038066117057548475
1.2230219978921761 	 0.00038638500545762084
1.224021997892176 	 0.000392167817016998
1.225021997892176 	 0.0003980100514025279
1.2260219978921758 	 0.0004039121527161642
1.2270219978921757 	 0.0004098745831570506
1.2280219978921756 	 0.0004158977968848083
1.2290219978921755 	 0.0004219822520369927
1.2300219978921754 	 0.0004281284230803423
1.2310219978921753 	 0.0004343367724007213
1.2320219978921751 	 0.00044060778272020216
1.233021997892175 	 0.00044694192891403365
1.234021997892175 	 0.0004533396941114656
1.2350219978921748 	 0.00045980156573256596
1.2360219978921747 	 0.0004663280355260397
1.2370219978921746 	 0.00047291959960734097
1.2380219978921745 	 0.00047957675849705087
1.2390219978921744 	 0.00048630001715953383
1.2400219978921743 	 0.0004930898850418696
1.2410219978921742 	 0.0004999468761130568
1.242021997892174 	 0.0005068715089034982
1.243021997892174 	 0.0005138643065447581
1.2440219978921738 	 0.0005209257968095885
1.2450219978921737 	 0.0005280565121522367
1.2460219978921736 	 0.0005352569897490252
1.2470219978921735 	 0.0005425277715391951
1.2480219978921734 	 0.0005498694042660371
1.2490219978921733 	 0.0005572824395182783
1.2500219978921732 	 0.0005647674337717456
1.251021997892173 	 0.0005723249484312959
1.252021997892173 	 0.0005799555498730198
1.2530219978921728 	 0.0005876598123866887
1.2540219978921727 	 0.0005954383066541872
1.2550219978921726 	 0.0006032916170857877
1.2560219978921725 	 0.0006112203303697886
1.2570219978921724 	 0.0006192250383806761
1.2580219978921723 	 0.0006273063382228877
1.2590219978921722 	 0.000635464832274848
1.260021997892172 	 0.0006437011282332371
1.261021997892172 	 0.0006520158391575317
1.2620219978921718 	 0.0006604095835147729
1.2630219978921717 	 0.0006688829852245987
1.2640219978921716 	 0.0006774366737045022
1.2650219978921715 	 0.0006860712839153449
1.2660219978921714 	 0.00069478745640709
1.2670219978921713 	 0.0007035858373647854
1.2680219978921712 	 0.0007124670786547596
1.269021997892171 	 0.0007214318378710564
1.270021997892171 	 0.000730480778382079
1.2710219978921709 	 0.0007396145693774625
1.2720219978921707 	 0.0007488338859151528
1.2730219978921706 	 0.0007581394089686929
1.2740219978921705 	 0.0007675318254747134
1.2750219978921704 	 0.0007770118283806282
1.2760219978921703 	 0.0007865801166925092
1.2770219978921702 	 0.0007962373955231615
1.27802199789217 	 0.0008059843761403721
1.27902199789217 	 0.000815821776015337
1.2800219978921699 	 0.0008257503188712578
1.2810219978921698 	 0.0008357707347321018
1.2820219978921696 	 0.0008458837520416882
1.2830219978921695 	 0.0008560901293299322
1.2840219978921694 	 0.0008663906079884173
1.2850219978921693 	 0.0008767859437347514
1.2860219978921692 	 0.0008872768988332873
1.287021997892169 	 0.000897864242144707
1.288021997892169 	 0.0009085487491757015
1.2890219978921689 	 0.0009193312021287731
1.2900219978921688 	 0.0009302123899521018
1.2910219978921686 	 0.0009411931083895044
1.2920219978921685 	 0.000952274160030469
1.2930219978921684 	 0.000963456354360237
1.2940219978921683 	 0.0009747405078099428
1.2950219978921682 	 0.0009861274438067898
1.296021997892168 	 0.0009976179928242435
1.297021997892168 	 0.0010092129924322573
1.2980219978921679 	 0.0010209132873474755
1.2990219978921678 	 0.0010327197294834527
1.3000219978921677 	 0.001044633178000819
1.3010219978921675 	 0.0010566544993574297
1.3020219978921674 	 0.0010687845673584492
1.3030219978921673 	 0.0010810242632063722
1.3040219978921672 	 0.0010933744755509656
1.305021997892167 	 0.0011058361005390975
1.306021997892167 	 0.001118410041864469
1.3070219978921669 	 0.0011310972108171985
1.3080219978921668 	 0.0011438985263332692
1.3090219978921667 	 0.0011568149150438035
1.3100219978921666 	 0.0011698473113241445
1.3110219978921664 	 0.0011829966573427483
1.3120219978921663 	 0.0011962639031098377
1.3130219978921662 	 0.0012096500065258153
1.3140219978921661 	 0.0012231559334294165
1.315021997892166 	 0.001236782657645561
1.316021997892166 	 0.0012505311610329075
1.3170219978921658 	 0.0012644024335310726
1.3180219978921657 	 0.0012783974732074829
1.3190219978921656 	 0.0012925172863038567
1.3200219978921655 	 0.0013067628872822806
1.3210219978921653 	 0.0013211352988708393
1.3220219978921652 	 0.0013356355521088037
1.3230219978921651 	 0.0013502646863913213
1.324021997892165 	 0.001365023749513592
1.325021997892165 	 0.0013799137977145127
1.3260219978921648 	 0.001394935895719727
1.3270219978921647 	 0.0014100911167840868
1.3280219978921646 	 0.001425380549673999
1.3290219978921645 	 0.0014408052710161287
1.3300219978921644 	 0.0014563663867725827
1.3310219978921642 	 0.0014720650047263851
1.3320219978921641 	 0.001487902241391823
1.333021997892164 	 0.0015038792220525943
1.334021997892164 	 0.0015199970807990755
1.3350219978921638 	 0.0015362569460919207
1.3360219978921637 	 0.0015526599985222933
1.3370219978921636 	 0.0015692073845072836
1.3380219978921635 	 0.001585900273718491
1.3390219978921634 	 0.0016027398448065274
1.3400219978921633 	 0.001619727285432365
1.3410219978921631 	 0.0016368637922975493
1.342021997892163 	 0.001654150571173229
1.343021997892163 	 0.0016715888369279544
1.3440219978921628 	 0.0016891798135541824
1.3450219978921627 	 0.0017069247341934676
1.3460219978921626 	 0.0017248248411602506
1.3470219978921625 	 0.001742881385964222
1.3480219978921624 	 0.001761095629331182
1.3490219978921623 	 0.0017794688412223723
1.3500219978921622 	 0.0017980023008521758
1.351021997892162 	 0.0018166972967041915
1.352021997892162 	 0.0018355551265455438
1.3530219978921618 	 0.0018545770974394465
1.3540219978921617 	 0.001873764525755897
1.3550219978921616 	 0.0018931187371804604
1.3560219978921615 	 0.0019126410667210903
1.3570219978921614 	 0.0019323328587128826
1.3580219978921613 	 0.0019521954668207336
1.3590219978921612 	 0.0019722302540398093
1.360021997892161 	 0.0019924385926937396
1.361021997892161 	 0.002012821864430497
1.3620219978921608 	 0.00203338146021586
1.3630219978921607 	 0.0020541187803243847
1.3640219978921606 	 0.002075035234327815
1.3650219978921605 	 0.0020961322410808364
1.3660219978921604 	 0.0021174112287041034
1.3670219978921603 	 0.002138873634564443
1.3680219978921602 	 0.002160520905252146
1.36902199789216 	 0.0021823544965552813
1.37002199789216 	 0.0022043758734308925
1.3710219978921598 	 0.002226586509973049
1.3720219978921597 	 0.0022489878893775816
1.3730219978921596 	 0.0022715815039034697
1.3740219978921595 	 0.0022943688548307476
1.3750219978921594 	 0.002317351452414811
1.3760219978921593 	 0.0023405308158370797
1.3770219978921592 	 0.0023639084731518463
1.378021997892159 	 0.0023874859612292177
1.379021997892159 	 0.0024112648256940715
1.3800219978921588 	 0.0024352466208608812
1.3810219978921587 	 0.002459432909664282
1.3820219978921586 	 0.002483825263585317
1.3830219978921585 	 0.002508425262573173
1.3840219978921584 	 0.002533234471036345
1.3850219978921583 	 0.002558254533202784
1.3860219978921582 	 0.002583487030237731
1.387021997892158 	 0.002608933575086462
1.388021997892158 	 0.002634595788699551
1.3890219978921579 	 0.002660475299925068
1.3900219978921577 	 0.002686573745395393
1.3910219978921576 	 0.0027128927694084785
1.3920219978921575 	 0.002739434023803439
1.3930219978921574 	 0.002766199167830319
1.3940219978921573 	 0.002793189868013879
1.3950219978921572 	 0.002820407798011266
1.396021997892157 	 0.0028478546384633863
1.397021997892157 	 0.0028755320768398566
1.3980219978921569 	 0.0029034418072773427
1.3990219978921568 	 0.002931585530411141
1.4000219978921566 	 0.002959964953199848
1.4010219978921565 	 0.002988581788742901
1.4020219978921564 	 0.0030174377560908934
1.4030219978921563 	 0.0030465345800484217
1.4040219978921562 	 0.0030758739909693238
1.405021997892156 	 0.003105457724544119
1.406021997892156 	 0.003135287521579479
1.4070219978921559 	 0.0031653651277695335
1.4080219978921558 	 0.00319569229345881
1.4090219978921557 	 0.0032262707733966573
1.4100219978921555 	 0.0032571023264829206
1.4110219978921554 	 0.0032881887313801848
1.4120219978921553 	 0.003319531722880094
1.4130219978921552 	 0.0033511330864536386
1.414021997892155 	 0.0033829945948778495
1.415021997892155 	 0.003415118023670705
1.4160219978921549 	 0.0034475051507802
1.4170219978921548 	 0.003480157756263264
1.4180219978921547 	 0.003513077621954316
1.4190219978921546 	 0.0035462665311232116
1.4200219978921544 	 0.003579726268122416
1.4210219978921543 	 0.0036134586180231105
1.4220219978921542 	 0.0036474653662400924
1.4230219978921541 	 0.0036817482981451825
1.424021997892154 	 0.0037163091986689273
1.425021997892154 	 0.003751149851890397
1.4260219978921538 	 0.0037862720406147713
1.4270219978921537 	 0.003821677545938629
1.4280219978921536 	 0.0038573681468025197
1.4290219978921535 	 0.003893345619530739
1.4300219978921533 	 0.003929611737357966
1.4310219978921532 	 0.0039661682699425865
1.4320219978921531 	 0.004003016944969564
1.433021997892153 	 0.004040159598840807
1.434021997892153 	 0.0040775979499118094
1.4350219978921528 	 0.0041153337483940435
1.4360219978921527 	 0.004153368738280981
1.4370219978921526 	 0.004191704656776341
1.4380219978921525 	 0.004230343233707394
1.4390219978921523 	 0.004269286190922941
1.4400219978921522 	 0.004308535241675891
1.4410219978921521 	 0.004348092089989977
1.442021997892152 	 0.004387958430010579
1.443021997892152 	 0.0044281359453393065
1.4440219978921518 	 0.004468626308352107
1.4450219978921517 	 0.004509431179500714
1.4460219978921516 	 0.004550552206597136
1.4470219978921515 	 0.004591991024081023
1.4480219978921514 	 0.00463374925226962
1.4490219978921512 	 0.004675828496590125
1.4500219978921511 	 0.0047182303467942265
1.451021997892151 	 0.004760956376154543
1.452021997892151 	 0.004804008140642836
1.4530219978921508 	 0.004847387178089751
1.4540219978921507 	 0.00489109500732579
1.4550219978921506 	 0.004935133127303528
1.4560219978921505 	 0.004979503016200626
1.4570219978921504 	 0.005024206130503636
1.4580219978921503 	 0.005069243904072333
1.4590219978921501 	 0.0051146177471844065
1.46002199789215 	 0.005160329045560359
1.46102199789215 	 0.0052063791593684496
1.4620219978921498 	 0.0052527694222094705
1.4630219978921497 	 0.005299501140081344
1.4640219978921496 	 0.005346575590323241
1.4650219978921495 	 0.00539399402053925
1.4660219978921494 	 0.005441757647501334
1.4670219978921493 	 0.005489867656031647
1.4680219978921492 	 0.00553832519786392
1.469021997892149 	 0.005587131390484017
1.470021997892149 	 0.0056362873159494856
1.4710219978921488 	 0.005685794019688108
1.4720219978921487 	 0.005735652509275309
1.4730219978921486 	 0.005785863753190637
1.4740219978921485 	 0.005836428679553014
1.4750219978921484 	 0.005887348174834947
1.4760219978921483 	 0.005938623082555761
1.4770219978921482 	 0.005990254201953715
1.478021997892148 	 0.006042242286637298
1.479021997892148 	 0.006094587985404186
1.4800219978921478 	 0.006147292071548238
1.4810219978921477 	 0.006200355096220484
1.4820219978921476 	 0.006253777616607217
1.4830219978921475 	 0.006307560137210816
1.4840219978921474 	 0.006361703108377836
1.4850219978921473 	 0.006416206924807318
1.4860219978921472 	 0.006471071924039458
1.487021997892147 	 0.0065262983849248505
1.488021997892147 	 0.006581886526074712
1.4890219978921468 	 0.0066378365042924665
1.4900219978921467 	 0.006694148412986759
1.4910219978921466 	 0.006750822280566723
1.4920219978921465 	 0.006807858068819511
1.4930219978921464 	 0.006865255671270843
1.4940219978921463 	 0.006923014911528837
1.4950219978921462 	 0.006981135541611831
1.496021997892146 	 0.007039617240260615
1.497021997892146 	 0.007098459611235717
1.4980219978921459 	 0.007157662181600368
1.4990219978921457 	 0.007217224399989838
1.5000219978921456 	 0.007277145634867745
1.5010219978921455 	 0.007337425172770298
1.5020219978921454 	 0.007398062216538916
1.5030219978921453 	 0.007459055883542464
1.5040219978921452 	 0.007520405239981864
1.505021997892145 	 0.007582109154999721
1.506021997892145 	 0.007644166514605852
1.5070219978921449 	 0.007706576076319502
1.5080219978921447 	 0.007769336503170963
1.5090219978921446 	 0.007832446361879948
1.5100219978921445 	 0.00789590412103031
1.5110219978921444 	 0.007959708149242455
1.5120219978921443 	 0.008023856713344425
1.5130219978921442 	 0.008088347976543337
1.514021997892144 	 0.008153179996598045
1.515021997892144 	 0.008218350723994752
1.5160219978921439 	 0.008283858000126895
1.5170219978921438 	 0.008349699555480717
1.5180219978921436 	 0.008415873007828121
1.5190219978921435 	 0.008482375860428468
1.5200219978921434 	 0.00854920550024077
1.5210219978921433 	 0.008616359196148105
1.5220219978921432 	 0.008683834097195971
1.523021997892143 	 0.008751627230846326
1.524021997892143 	 0.008819735501249147
1.5250219978921429 	 0.008888155603103319
1.5260219978921428 	 0.008956884356966625
1.5270219978921427 	 0.009025918203175505
1.5280219978921425 	 0.009095253535765976
1.5290219978921424 	 0.009164886617151055
1.5300219978921423 	 0.0092348135765389
1.5310219978921422 	 0.009305030408382957
1.532021997892142 	 0.009375532970866064
1.533021997892142 	 0.009446316984420697
1.5340219978921419 	 0.009517378030288043
1.5350219978921418 	 0.009588711549117944
1.5360219978921417 	 0.009660312839612138
1.5370219978921416 	 0.009732177057213463
1.5380219978921414 	 0.009804299212843117
1.5390219978921413 	 0.009876674171688929
1.5400219978921412 	 0.009949296652046719
1.5410219978921411 	 0.01002216122421768
1.542021997892141 	 0.010095262309464233
1.543021997892141 	 0.010168594179026914
1.5440219978921408 	 0.01024215095320507
1.5450219978921407 	 0.010315926600503945
1.5460219978921406 	 0.010389914936850899
1.5470219978921405 	 0.010464109624883335
1.5480219978921403 	 0.010538504173311187
1.5490219978921402 	 0.010613091936356634
1.5500219978921401 	 0.0106878661132737
1.55102199789214 	 0.010762819747950398
1.55202199789214 	 0.010837945728596482
1.5530219978921398 	 0.010913236787518921
1.5540219978921397 	 0.010988685500988336
1.5550219978921396 	 0.011064284289198714
1.5560219978921395 	 0.011140025416323257
1.5570219978921394 	 0.011215900990668763
1.5580219978921392 	 0.011291902964931324
1.5590219978921391 	 0.011368023136555886
1.560021997892139 	 0.011444253148201982
1.561021997892139 	 0.011520584488318204
1.5620219978921388 	 0.011597008491828022
1.5630219978921387 	 0.011673516340928876
1.5640219978921386 	 0.011750099066007156
1.5650219978921385 	 0.011826747546671169
1.5660219978921384 	 0.01190345251290427
1.5670219978921383 	 0.011980204546340044
1.5680219978921381 	 0.012056994081661764
1.569021997892138 	 0.012133811408127696
1.570021997892138 	 0.012210646555145033
1.5710219978921378 	 0.012287489757543887
1.5720219978921377 	 0.012364330763491783
1.5730219978921376 	 0.012441159298381386
1.5740219978921375 	 0.012517964951755743
1.5750219978921374 	 0.012594737179623058
1.5760219978921373 	 0.01267146530690734
1.5770219978921372 	 0.012748138530035978
1.578021997892137 	 0.012824745919665028
1.579021997892137 	 0.012901276423542562
1.5800219978921368 	 0.01297771886951083
1.5810219978921367 	 0.013054061968647352
1.5820219978921366 	 0.013130294318545083
1.5830219978921365 	 0.013206404406731528
1.5840219978921364 	 0.013282380614226716
1.5850219978921363 	 0.01335821121923949
1.5860219978921362 	 0.013433884401001493
1.587021997892136 	 0.013509388243738072
1.588021997892136 	 0.01358471074077525
1.5890219978921358 	 0.013659839798781168
1.5900219978921357 	 0.013734763242141077
1.5910219978921356 	 0.01380946881746393
1.5920219978921355 	 0.013883944198218857
1.5930219978921354 	 0.013958176989499561
1.5940219978921353 	 0.014032154732914255
1.5950219978921352 	 0.014105864911598818
1.596021997892135 	 0.01417929495535047
1.597021997892135 	 0.014252432245878912
1.5980219978921348 	 0.014325264122172183
1.5990219978921347 	 0.014397777885973427
1.6000219978921346 	 0.014469960807365586
1.6010219978921345 	 0.014541800130459808
1.6020219978921344 	 0.01461328307918389
1.6030219978921343 	 0.014684396863166398
1.6040219978921342 	 0.014755128683712307
1.605021997892134 	 0.014825465739865392
1.606021997892134 	 0.01489539523455263
1.6070219978921338 	 0.01496490438080576
1.6080219978921337 	 0.015033980479866416
1.6090219978921336 	 0.015102610640589341
1.6100219978921335 	 0.015170782215860521
1.6110219978921334 	 0.015238482522702275
1.6120219978921333 	 0.015305698920317967
1.6130219978921332 	 0.015372418816661189
1.614021997892133 	 0.015438629675042125
1.615021997892133 	 0.015504319020764807
1.6160219978921329 	 0.015569474299532706
1.6170219978921327 	 0.01563408347641665
1.6180219978921326 	 0.015698134155221793
1.6190219978921325 	 0.015761614175990167
1.6200219978921324 	 0.01582451147417745
1.6210219978921323 	 0.015886814087336172
1.6220219978921322 	 0.015948510161782208
1.623021997892132 	 0.016009587959237598
1.624021997892132 	 0.016070035863442664
1.6250219978921319 	 0.016129842386729938
1.6260219978921318 	 0.016188996176552947
1.6270219978921316 	 0.016247486021962416
1.6280219978921315 	 0.016305300860022826
1.6290219978921314 	 0.016362429782161996
1.6300219978921313 	 0.016418862040446593
1.6310219978921312 	 0.016474587053776198
1.632021997892131 	 0.016529594413989324
1.633021997892131 	 0.016583873891873633
1.6340219978921309 	 0.01663741544307417
1.6350219978921308 	 0.01669020921389215
1.6360219978921307 	 0.016742245546968012
1.6370219978921305 	 0.016793514986841708
1.6380219978921304 	 0.016844008285384106
1.6390219978921303 	 0.0168937164070929
1.6400219978921302 	 0.016942630534246973
1.64102199789213 	 0.016990742071913128
1.64202199789213 	 0.017038042652799436
1.6430219978921299 	 0.017084524141949373
1.6440219978921298 	 0.017130178641271625
1.6450219978921297 	 0.01717499849389997
1.6460219978921296 	 0.01721897628837852
1.6470219978921294 	 0.017262104862667507
1.6480219978921293 	 0.017304377307964813
1.6490219978921292 	 0.017345786972339534
1.650021997892129 	 0.017386327464173013
1.651021997892129 	 0.017425992655403937
1.652021997892129 	 0.0174647766845739
1.6530219978921288 	 0.017502673959670402
1.6540219978921287 	 0.017539679160764127
1.6550219978921286 	 0.01757578724243817
1.6560219978921285 	 0.017610993436006875
1.6570219978921283 	 0.017645293251521924
1.6580219978921282 	 0.017678682479564653
1.6590219978921281 	 0.017711157192822485
1.660021997892128 	 0.01774271374744896
1.661021997892128 	 0.01777334861481896
1.6620219978921278 	 0.017803059059582405
1.6630219978921277 	 0.017831842125315446
1.6640219978921276 	 0.017859695311281888
1.6650219978921275 	 0.017886616403745306
1.6660219978921273 	 0.017912603476023692
1.6670219978921272 	 0.017937654888328398
1.6680219978921271 	 0.017961769287388796
1.669021997892127 	 0.017984945605864326
1.670021997892127 	 0.018007183061545782
1.6710219978921268 	 0.018028481156348176
1.6720219978921267 	 0.01804883967509746
1.6730219978921266 	 0.018068258684114047
1.6740219978921265 	 0.018086738529596053
1.6750219978921264 	 0.018104279835805467
1.6760219978921262 	 0.018120883503060837
1.6770219978921261 	 0.018136550705540173
1.678021997892126 	 0.018151282888898054
1.679021997892126 	 0.018165081767701038
1.6800219978921258 	 0.018177949322685828
1.6810219978921257 	 0.018189887797844796
1.6820219978921256 	 0.018200899697343502
1.6830219978921255 	 0.01821098778227532
1.6840219978921254 	 0.01822015506725812
1.6850219978921253 	 0.018228404816878326
1.6860219978921251 	 0.018235740541987705
1.687021997892125 	 0.018242165995858567
1.688021997892125 	 0.018247685170202643
1.6890219978921248 	 0.018252302291059893
1.6900219978921247 	 0.018256021814562613
1.6910219978921246 	 0.018258848422581058
1.6920219978921245 	 0.018260787018256418
1.6930219978921244 	 0.01826184272142735
1.6940219978921243 	 0.018262020863955924
1.6950219978921242 	 0.01826132698495947
1.696021997892124 	 0.018259766825953982
1.697021997892124 	 0.018257346325915826
1.6980219978921238 	 0.018254071616267502
1.6990219978921237 	 0.018249949015793777
1.7000219978921236 	 0.0182449850254944
1.7010219978921235 	 0.01823918632337936
1.7020219978921234 	 0.018232559759212973
1.7030219978921233 	 0.018225112349212674
1.7040219978921232 	 0.01821685127070854
1.705021997892123 	 0.0182077838567695
1.706021997892123 	 0.0181979174172257
1.7070219978921228 	 0.018187259927514094
1.7080219978921227 	 0.01817581898189907
1.7090219978921226 	 0.018163602482202838
1.7100219978921225 	 0.018150618458818768
1.7110219978921224 	 0.01813687506525721
1.7120219978921223 	 0.018122380572696665
1.7130219978921222 	 0.0181071433645459
1.714021997892122 	 0.018091171931021513
1.715021997892122 	 0.018074474863746283
1.7160219978921218 	 0.01805706085037259
1.7170219978921217 	 0.01803893866923589
1.7180219978921216 	 0.018020117184042214
1.7190219978921215 	 0.018000605338594586
1.7200219978921214 	 0.017980412151561848
1.7210219978921213 	 0.0179595467968085
1.7220219978921212 	 0.017938018256061103
1.723021997892121 	 0.017915835827340174
1.724021997892121 	 0.017893008777458058
1.7250219978921209 	 0.017869546422712324
1.7260219978921207 	 0.017845458123989206
1.7270219978921206 	 0.017820753281934207
1.7280219978921205 	 0.0177954413321929
1.7290219978921204 	 0.017769531740724518
1.7300219978921203 	 0.017743033999190905
1.7310219978921202 	 0.017715957620423398
1.73202199789212 	 0.017688312133969444
1.73302199789212 	 0.017660107081721544
1.7340219978921199 	 0.017631352013629947
1.7350219978921197 	 0.017602056483501282
1.7360219978921196 	 0.01757223004488438
1.7370219978921195 	 0.017541882247044997
1.7380219978921194 	 0.017511022631030614
1.7390219978921193 	 0.01747966072582664
1.7400219978921192 	 0.01744780604460473
1.741021997892119 	 0.01741546808106452
1.742021997892119 	 0.017382656305869253
1.7430219978921189 	 0.017349380163176043
1.7440219978921188 	 0.01731564906726117
1.7450219978921186 	 0.017281472399240928
1.7460219978921185 	 0.017246859503888247
1.7470219978921184 	 0.017211819686545025
1.7480219978921183 	 0.017176362210130552
1.7490219978921182 	 0.017140496292245608
1.750021997892118 	 0.01710423110237229
1.751021997892118 	 0.017067575596253073
1.7520219978921179 	 0.017030539165170326
1.7530219978921178 	 0.01699313065526284
1.7540219978921177 	 0.016955359017436188
1.7550219978921175 	 0.016917233141897126
1.7560219978921174 	 0.016878761855917947
1.7570219978921173 	 0.016839953921692366
1.7580219978921172 	 0.01680081803428239
1.759021997892117 	 0.016761362819654835
1.760021997892117 	 0.016721596832806943
1.7610219978921169 	 0.01668152855597964
1.7620219978921168 	 0.01664116639695743
1.7630219978921167 	 0.016600518687453738
1.7640219978921166 	 0.01655959368158056
1.7650219978921164 	 0.016518399554400796
1.7660219978921163 	 0.016476944400562448
1.7670219978921162 	 0.016435236233012768
1.7680219978921161 	 0.016393282981791386
1.769021997892116 	 0.016351092492900662
1.770021997892116 	 0.016308672527252044
1.7710219978921158 	 0.016266030759686717
1.7720219978921157 	 0.01622317477806913
1.7730219978921156 	 0.01618011208245191
1.7740219978921155 	 0.01613685008431047
1.7750219978921153 	 0.016093396105845762
1.7760219978921152 	 0.016049757379353748
1.7770219978921151 	 0.01600594104665973
1.778021997892115 	 0.015961954158616145
1.779021997892115 	 0.01591780367466207
1.7800219978921148 	 0.015873496462442942
1.7810219978921147 	 0.01582903929748878
1.7820219978921146 	 0.015784438862949307
1.7830219978921145 	 0.015739701749384438
1.7840219978921144 	 0.015694834454608408
1.7850219978921142 	 0.01564984338358601
1.7860219978921141 	 0.015604734848379391
1.787021997892114 	 0.015559515068143683
1.788021997892114 	 0.015514190169170092
1.7890219978921138 	 0.015468766184974617
1.7900219978921137 	 0.015423249056431231
1.7910219978921136 	 0.01537764463194759
1.7920219978921135 	 0.015331958667682088
1.7930219978921134 	 0.015286196827800504
1.7940219978921133 	 0.015240364684771024
1.7950219978921131 	 0.01519446771969592
1.796021997892113 	 0.015148511177988105
1.797021997892113 	 0.015102500648861601
1.7980219978921128 	 0.015056441196641412
1.7990219978921127 	 0.015010337940969667
1.8000219978921126 	 0.014964195912283682
1.8010219978921125 	 0.01491802005233905
1.8020219978921124 	 0.014871815214760081
1.8030219978921123 	 0.014825586165615991
1.8040219978921122 	 0.014779337584021987
1.805021997892112 	 0.01473307406276372
1.806021997892112 	 0.014686800108944123
1.8070219978921118 	 0.014640520144651312
1.8080219978921117 	 0.01459423850764651
1.8090219978921116 	 0.014547959452070852
1.8100219978921115 	 0.01450168714916994
1.8110219978921114 	 0.01445542568803521
1.8120219978921113 	 0.014409179076360887
1.8130219978921112 	 0.014362951241215728
1.814021997892111 	 0.014316746029828388
1.815021997892111 	 0.014270567210385589
1.8160219978921108 	 0.014224418472842112
1.8170219978921107 	 0.014178303429741693
1.8180219978921106 	 0.014132225617047932
1.8190219978921105 	 0.014086188494984497
1.8200219978921104 	 0.014040195448883602
1.8210219978921103 	 0.013994249790042072
1.8220219978921102 	 0.01394835475658427
1.82302199789211 	 0.013902513514330968
1.82402199789211 	 0.01385672915767366
1.8250219978921098 	 0.01381100471045334
1.8260219978921097 	 0.013765343126843419
1.8270219978921096 	 0.013719747292235712
1.8280219978921095 	 0.013674220024129246
1.8290219978921094 	 0.01362876407302106
1.8300219978921093 	 0.013583382123298442
1.8310219978921092 	 0.013538076794132107
1.832021997892109 	 0.013492850640369668
1.833021997892109 	 0.013447706153428995
1.8340219978921088 	 0.013402645762190909
1.8350219978921087 	 0.013357671833890626
1.8360219978921086 	 0.013312786675007742
1.8370219978921085 	 0.013267992532153968
1.8380219978921084 	 0.013223291592958611
1.8390219978921083 	 0.013178685986950916
1.8400219978921082 	 0.013134177786439433
1.841021997892108 	 0.013089768882297743
1.842021997892108 	 0.013045461485522231
1.8430219978921079 	 0.013001257376578616
1.8440219978921077 	 0.012957158469119639
1.8450219978921076 	 0.012913166439135423
1.8460219978921075 	 0.012869283095595676
1.8470219978921074 	 0.012825510134532828
1.8480219978921073 	 0.012781849201633541
1.8490219978921072 	 0.012738301893073754
1.850021997892107 	 0.01269486975634759
1.851021997892107 	 0.01265155429108972
1.8520219978921069 	 0.012608356949891085
1.8530219978921068 	 0.012565279139107809
1.8540219978921066 	 0.012522322219662992
1.8550219978921065 	 0.01247948750784139
1.8560219978921064 	 0.012436776276076653
1.8570219978921063 	 0.012394189753731149
1.8580219978921062 	 0.012351729127868085
1.859021997892106 	 0.012309395544015885
1.860021997892106 	 0.012267190106924706
1.8610219978921059 	 0.012225113881314992
1.8620219978921058 	 0.012183167892617915
1.8630219978921057 	 0.012141353127707713
1.8640219978921055 	 0.012099670535625738
1.8650219978921054 	 0.012058121028296266
1.8660219978921053 	 0.012016705481233897
1.8670219978921052 	 0.011975424734242535
1.868021997892105 	 0.011934279592105985
1.869021997892105 	 0.011893270825269975
1.8700219978921049 	 0.011852399170515657
1.8710219978921048 	 0.011811665331624612
1.8720219978921047 	 0.011771069980035194
1.8730219978921046 	 0.011730613755490428
1.8740219978921044 	 0.011690297266677155
1.8750219978921043 	 0.011650121091856702
1.8760219978921042 	 0.011610085779486946
1.877021997892104 	 0.011570191848835759
1.878021997892104 	 0.011530439790585928
1.879021997892104 	 0.011490830067431559
1.8800219978921038 	 0.011451363114665866
1.8810219978921037 	 0.011412039340760596
1.8820219978921036 	 0.011372859127936877
1.8830219978921034 	 0.011333822832727741
1.8840219978921033 	 0.01129493078653215
1.8850219978921032 	 0.011256183296160814
1.8860219978921031 	 0.011217580537136625
1.887021997892103 	 0.011179122983458158
1.888021997892103 	 0.011140810763838745
1.8890219978921028 	 0.011102644092028172
1.8900219978921027 	 0.011064623159793245
1.8910219978921026 	 0.011026748137414479
1.8920219978921025 	 0.010989019174174929
1.8930219978921023 	 0.010951436398841033
1.8940219978921022 	 0.01091399992013565
1.8950219978921021 	 0.010876709827203353
1.896021997892102 	 0.01083956619006797
1.897021997892102 	 0.010802569060082557
1.8980219978921018 	 0.010765718470371721
1.8990219978921017 	 0.010729014436266593
1.9000219978921016 	 0.010692456955732264
1.9010219978921015 	 0.010656046009787956
1.9020219978921014 	 0.010619781562919909
1.9030219978921012 	 0.010583663563487134
1.9040219978921011 	 0.010547691944119985
1.905021997892101 	 0.010511866622111805
1.906021997892101 	 0.010476187499803554
1.9070219978921008 	 0.010440654464961627
1.9080219978921007 	 0.010405267391148871
1.9090219978921006 	 0.010370026138088918
1.9100219978921005 	 0.010334930552023891
1.9110219978921004 	 0.010299980466065565
1.9120219978921003 	 0.010265175700540155
1.9130219978921001 	 0.010230516063326615
1.9140219978921 	 0.01019600135018877
1.9150219978921 	 0.010161631345101172
1.9160219978920998 	 0.010127405820568858
1.9170219978920997 	 0.010093324537941106
1.9180219978920996 	 0.01005938724771916
1.9190219978920995 	 0.010025593689858213
1.9200219978920994 	 0.009991943594063428
1.9210219978920993 	 0.009958436680080443
1.9220219978920992 	 0.009925072657980089
1.923021997892099 	 0.009891851228437684
1.924021997892099 	 0.009858772083006777
1.9250219978920988 	 0.009825834904387605
1.9260219978920987 	 0.00979303936669014
1.9270219978920986 	 0.009760385135692004
1.9280219978920985 	 0.009727871869091208
1.9290219978920984 	 0.009695499216753816
1.9300219978920983 	 0.009663266820956681
1.9310219978920982 	 0.009631174316625147
1.932021997892098 	 0.009599221239713735
1.933021997892098 	 0.009567407395079556
1.9340219978920978 	 0.009535732304883344
1.9350219978920977 	 0.009504195576927074
1.9360219978920976 	 0.009472796812779245
1.9370219978920975 	 0.009441535607984847
1.9380219978920974 	 0.009410411552270922
1.9390219978920973 	 0.009379424229747775
1.9400219978920972 	 0.009348573219106033
1.941021997892097 	 0.009317858093809445
1.942021997892097 	 0.009287278422283659
1.9430219978920968 	 0.009256833768100917
1.9440219978920967 	 0.009226523690160814
1.9450219978920966 	 0.009196347742867187
1.9460219978920965 	 0.009166305476301113
1.9470219978920964 	 0.009136396436390252
1.9480219978920963 	 0.009106620165074379
1.9490219978920962 	 0.009076976200467369
1.950021997892096 	 0.00904746407701563
1.951021997892096 	 0.00901808332565293
1.9520219978920959 	 0.008988833473951898
1.9530219978920957 	 0.008959714046272096
1.9540219978920956 	 0.008930724563904778
1.9550219978920955 	 0.008901864545214383
1.9560219978920954 	 0.00887313350577686
1.9570219978920953 	 0.008844530958514809
1.9580219978920952 	 0.0088160564138296
1.959021997892095 	 0.008787709379730368
1.960021997892095 	 0.008759489361960145
1.9610219978920949 	 0.008731395864119047
1.9620219978920947 	 0.008703428387784505
1.9630219978920946 	 0.008675586432628836
1.9640219978920945 	 0.008647869496533966
1.9650219978920944 	 0.00862027707570345
1.9660219978920943 	 0.008592808664771887
1.9670219978920942 	 0.008565463756911702
1.968021997892094 	 0.008538241843937363
1.969021997892094 	 0.008511142416407139
1.9700219978920939 	 0.00848416496372235
1.9710219978920938 	 0.008457308974224234
1.9720219978920936 	 0.008430573935288484
1.9730219978920935 	 0.008403959333417393
1.9740219978920934 	 0.008377464654329802
1.9750219978920933 	 0.008351089422596342
1.9760219978920932 	 0.008324833043393647
1.977021997892093 	 0.008298694960887809
1.978021997892093 	 0.008272674817527782
1.9790219978920929 	 0.008246772016787127
1.9800219978920928 	 0.008220986041450521
1.9810219978920927 	 0.008195316374088678
1.9820219978920925 	 0.008169762497131616
1.9830219978920924 	 0.008144323892940043
1.9840219978920923 	 0.00811900004387494
1.9850219978920922 	 0.00809379043236521
1.986021997892092 	 0.00806869454097366
1.987021997892092 	 0.00804371185246116
1.9880219978920919 	 0.00801884184984912
1.9890219978920918 	 0.007994084016480277
1.9900219978920917 	 0.007969437836077859
1.9910219978920916 	 0.007944902792803146
1.9920219978920914 	 0.007920478371311376
1.9930219978920913 	 0.007896164056806234
1.9940219978920912 	 0.007871959335092745
1.9950219978920911 	 0.007847863692628689
1.996021997892091 	 0.00782387661657464
1.997021997892091 	 0.007799997594842478
1.9980219978920908 	 0.007776226116142601
1.9990219978920907 	 0.007752561670029752
