0.0010219978922 	 0
0.0020219978922 	 0
0.0030219978922 	 0
0.0040219978922 	 0
0.0050219978922 	 0
0.0060219978922 	 0
0.0070219978922 	 0
0.0080219978922 	 0
0.009021997892200002 	 0
0.010021997892200003 	 0
0.011021997892200004 	 0
0.012021997892200004 	 0
0.013021997892200005 	 0
0.014021997892200006 	 0
0.015021997892200007 	 0
0.016021997892200008 	 0
0.01702199789220001 	 0
0.01802199789220001 	 0
0.01902199789220001 	 0
0.02002199789220001 	 0
0.021021997892200012 	 0
0.022021997892200013 	 0
0.023021997892200014 	 0
0.024021997892200015 	 0
0.025021997892200016 	 0
0.026021997892200017 	 0
0.027021997892200018 	 0
0.02802199789220002 	 0
0.02902199789220002 	 0
0.03002199789220002 	 0
0.03102199789220002 	 0
0.03202199789220002 	 0
0.03302199789220002 	 0
0.03402199789220002 	 0
0.03502199789220002 	 0
0.03602199789220002 	 0
0.03702199789220002 	 0
0.038021997892200024 	 0
0.039021997892200025 	 0
0.040021997892200026 	 0
0.04102199789220003 	 0
0.04202199789220003 	 0
0.04302199789220003 	 0
0.04402199789220003 	 0
0.04502199789220003 	 0
0.04602199789220003 	 0
0.04702199789220003 	 0
0.04802199789220003 	 0
0.049021997892200034 	 0
0.050021997892200035 	 0
0.051021997892200036 	 0
0.052021997892200036 	 0
0.05302199789220004 	 0
0.05402199789220004 	 0
0.05502199789220004 	 0
0.05602199789220004 	 0
0.05702199789220004 	 0
0.05802199789220004 	 0
0.05902199789220004 	 0
0.060021997892200044 	 0
0.061021997892200044 	 0
0.062021997892200045 	 0
0.06302199789220005 	 0
0.06402199789220005 	 0
0.06502199789220005 	 0
0.06602199789220005 	 0
0.06702199789220005 	 0
0.06802199789220005 	 0
0.06902199789220005 	 0
0.07002199789220005 	 0
0.07102199789220005 	 0
0.07202199789220005 	 0
0.07302199789220006 	 0
0.07402199789220006 	 0
0.07502199789220006 	 0
0.07602199789220006 	 0
0.07702199789220006 	 0
0.07802199789220006 	 0
0.07902199789220006 	 0
0.08002199789220006 	 0
0.08102199789220006 	 0
0.08202199789220006 	 0
0.08302199789220006 	 0
0.08402199789220006 	 0
0.08502199789220007 	 0
0.08602199789220007 	 0
0.08702199789220007 	 0
0.08802199789220007 	 0
0.08902199789220007 	 0
0.09002199789220007 	 0
0.09102199789220007 	 0
0.09202199789220007 	 0
0.09302199789220007 	 0
0.09402199789220007 	 0
0.09502199789220007 	 0
0.09602199789220008 	 0
0.09702199789220008 	 0
0.09802199789220008 	 0
0.09902199789220008 	 0
0.10002199789220008 	 0
0.10102199789220008 	 0
0.10202199789220008 	 0
0.10302199789220008 	 0
0.10402199789220008 	 0
0.10502199789220008 	 0
0.10602199789220008 	 0
0.10702199789220009 	 0
0.10802199789220009 	 0
0.10902199789220009 	 0
0.11002199789220009 	 0
0.11102199789220009 	 0
0.11202199789220009 	 0
0.11302199789220009 	 0
0.11402199789220009 	 0
0.11502199789220009 	 0
0.1160219978922001 	 0
0.1170219978922001 	 0
0.1180219978922001 	 0
0.1190219978922001 	 0
0.1200219978922001 	 0
0.1210219978922001 	 0
0.1220219978922001 	 0
0.1230219978922001 	 0
0.1240219978922001 	 0
0.1250219978922001 	 0
0.1260219978922001 	 0
0.1270219978922001 	 0
0.1280219978922001 	 0
0.1290219978922001 	 0
0.1300219978922001 	 0
0.1310219978922001 	 0
0.1320219978922001 	 0
0.1330219978922001 	 0
0.1340219978922001 	 0
0.1350219978922001 	 0
0.1360219978922001 	 0
0.1370219978922001 	 0
0.1380219978922001 	 0
0.1390219978922001 	 0
0.1400219978922001 	 0
0.1410219978922001 	 0
0.1420219978922001 	 0
0.1430219978922001 	 0
0.1440219978922001 	 0
0.1450219978922001 	 0
0.1460219978922001 	 0
0.1470219978922001 	 0
0.1480219978922001 	 0
0.1490219978922001 	 0
0.1500219978922001 	 0
0.1510219978922001 	 0
0.1520219978922001 	 0
0.1530219978922001 	 0
0.1540219978922001 	 0
0.15502199789220011 	 0
0.15602199789220011 	 0
0.15702199789220012 	 0
0.15802199789220012 	 0
0.15902199789220012 	 0
0.16002199789220012 	 0
0.16102199789220012 	 0
0.16202199789220012 	 0
0.16302199789220012 	 0
0.16402199789220012 	 0
0.16502199789220012 	 0
0.16602199789220012 	 0
0.16702199789220012 	 0
0.16802199789220013 	 0
0.16902199789220013 	 0
0.17002199789220013 	 0
0.17102199789220013 	 0
0.17202199789220013 	 0
0.17302199789220013 	 0
0.17402199789220013 	 0
0.17502199789220013 	 0
0.17602199789220013 	 0
0.17702199789220013 	 0
0.17802199789220013 	 0
0.17902199789220014 	 0
0.18002199789220014 	 0
0.18102199789220014 	 0
0.18202199789220014 	 0
0.18302199789220014 	 0
0.18402199789220014 	 0
0.18502199789220014 	 0
0.18602199789220014 	 0
0.18702199789220014 	 0
0.18802199789220014 	 0
0.18902199789220014 	 0
0.19002199789220015 	 0
0.19102199789220015 	 0
0.19202199789220015 	 0
0.19302199789220015 	 0
0.19402199789220015 	 0
0.19502199789220015 	 0
0.19602199789220015 	 0
0.19702199789220015 	 0
0.19802199789220015 	 0
0.19902199789220015 	 0
0.20002199789220015 	 0
0.20102199789220015 	 0
0.20202199789220016 	 0
0.20302199789220016 	 0
0.20402199789220016 	 0
0.20502199789220016 	 0
0.20602199789220016 	 0
0.20702199789220016 	 0
0.20802199789220016 	 0
0.20902199789220016 	 0
0.21002199789220016 	 0
0.21102199789220016 	 0
0.21202199789220016 	 2.3132526454744475e-10
0.21302199789220017 	 3.590095778708648e-10
0.21402199789220017 	 4.513252324941231e-10
0.21502199789220017 	 5.27207908976201e-10
0.21602199789220017 	 5.930139668105175e-10
0.21702199789220017 	 6.518149244377641e-10
0.21802199789220017 	 7.053759200912975e-10
0.21902199789220017 	 7.548233029721025e-10
0.22002199789220017 	 8.009285449703876e-10
0.22102199789220017 	 8.442478726564815e-10
0.22202199789220017 	 8.85198262626582e-10
0.22302199789220017 	 9.241020320411095e-10
0.22402199789220018 	 9.612145712444702e-10
0.22502199789220018 	 9.967424136024508e-10
0.22602199789220018 	 1.0308554667150002e-09
0.22702199789220018 	 1.0636955591553758e-09
0.22802199789220018 	 1.0953825759116918e-09
0.22902199789220018 	 1.1260189660886324e-09
0.23002199789220018 	 1.155693122056135e-09
0.23102199789220018 	 1.1844819577140379e-09
0.23202199789220018 	 1.2124529066477855e-09
0.23302199789220018 	 1.2396654923930359e-09
0.23402199789220018 	 1.26617257792842e-09
0.23502199789220019 	 1.2920213711715747e-09
0.23602199789220019 	 1.3172542424195395e-09
0.2370219978922002 	 1.341909395106669e-09
0.2380219978922002 	 1.366021420897016e-09
0.2390219978922002 	 1.3896217626541182e-09
0.2400219978922002 	 1.4127391033624347e-09
0.2410219978922002 	 1.435399695022237e-09
0.2420219978922002 	 1.4576276385015697e-09
0.2430219978922002 	 1.479445123026451e-09
0.2440219978922002 	 1.5008726322279882e-09
0.2450219978922002 	 1.5219291223033801e-09
0.2460219978922002 	 1.542632176786505e-09
0.2470219978922002 	 1.5629981415899384e-09
0.2480219978922002 	 1.5830422433201123e-09
0.2490219978922002 	 1.6027786933409145e-09
0.2500219978922002 	 1.6222207796385136e-09
0.2510219978922002 	 1.6413809481988056e-09
0.2520219978922002 	 1.6602708753315182e-09
0.2530219978922002 	 1.6789015321482578e-09
0.2540219978922002 	 1.6972832422155277e-09
0.2550219978922002 	 1.7154257332498972e-09
0.2560219978922002 	 1.7333381835948532e-09
0.2570219978922002 	 1.7510292641124381e-09
0.2580219978922002 	 1.7685071760336805e-09
0.2590219978922002 	 1.7857796852369086e-09
0.2600219978922002 	 1.802854153359806e-09
0.2610219978922002 	 1.8197375660974753e-09
0.2620219978922002 	 1.8364365589932235e-09
0.2630219978922002 	 1.8529574409898882e-09
0.2640219978922002 	 1.8693062159762367e-09
0.2650219978922002 	 1.885488602534371e-09
0.2660219978922002 	 1.9015100520694355e-09
0.2670219978922002 	 1.917375765481625e-09
0.2680219978922002 	 1.9330907085220595e-09
0.2690219978922002 	 1.948659625958034e-09
0.2700219978922002 	 1.964087054659211e-09
0.2710219978922002 	 1.9793773357041e-09
0.2720219978922002 	 1.994534625595507e-09
0.2730219978922002 	 2.0095629066642488e-09
0.2740219978922002 	 2.0244659967321846e-09
0.2750219978922002 	 2.039247558098354e-09
0.2760219978922002 	 2.053911105905579e-09
0.2770219978922002 	 2.068460015939212e-09
0.2780219978922002 	 2.0828975319046626e-09
0.2790219978922002 	 2.097226772225854e-09
0.2800219978922002 	 2.1114507364027815e-09
0.2810219978922002 	 2.125572310962766e-09
0.2820219978922002 	 2.1395942750368358e-09
0.2830219978922002 	 2.1535193055898128e-09
0.28402199789220023 	 2.167349982330121e-09
0.28502199789220023 	 2.1810887923230645e-09
0.28602199789220023 	 2.1947381343292366e-09
0.28702199789220023 	 2.2083003228878775e-09
0.28802199789220023 	 2.2217775921633325e-09
0.28902199789220023 	 2.2351720995712244e-09
0.29002199789220023 	 2.2484859291996108e-09
0.29102199789220023 	 2.2617210950391405e-09
0.29202199789220024 	 2.2748795440351094e-09
0.29302199789220024 	 2.2879631589732836e-09
0.29402199789220024 	 2.3009737612104464e-09
0.29502199789220024 	 2.313913113259756e-09
0.29602199789220024 	 2.326782921240251e-09
0.29702199789220024 	 2.33958483719913e-09
0.29802199789220024 	 2.3523204613147825e-09
0.29902199789220024 	 2.3649913439879753e-09
0.30002199789220024 	 2.377598987828044e-09
0.30102199789220024 	 2.3901448495404537e-09
0.30202199789220024 	 2.402630341721645e-09
0.30302199789220025 	 2.4150568345666605e-09
0.30402199789220025 	 2.427425657494653e-09
0.30502199789220025 	 2.439738100697056e-09
0.30602199789220025 	 2.4519954166128377e-09
0.30702199789220025 	 2.4641988213349855e-09
0.30802199789220025 	 2.4763494959520803e-09
0.30902199789220025 	 2.488448587828568e-09
0.31002199789220025 	 2.5004972118271113e-09
0.31102199789220025 	 2.512496451476159e-09
0.31202199789220025 	 2.5244473600856998e-09
0.31302199789220025 	 2.5363509618139665e-09
0.31402199789220026 	 2.548208252687679e-09
0.31502199789220026 	 2.5600202015782607e-09
0.31602199789220026 	 2.571787751136314e-09
0.31702199789220026 	 2.5835118186864928e-09
0.31802199789220026 	 2.5951932970847974e-09
0.31902199789220026 	 2.606833055540175e-09
0.32002199789220026 	 2.61843194040222e-09
0.32102199789220026 	 2.629990775916643e-09
0.32202199789220026 	 2.641510364950097e-09
0.32302199789220026 	 2.652991489685848e-09
0.32402199789220026 	 2.66443491229169e-09
0.32502199789220027 	 2.6758413755614453e-09
0.32602199789220027 	 2.687211603531283e-09
0.32702199789220027 	 2.6985463020720527e-09
0.32802199789220027 	 2.7098461594587467e-09
0.32902199789220027 	 2.7211118469181373e-09
0.33002199789220027 	 2.732344019155609e-09
0.33102199789220027 	 2.7435433148621096e-09
0.33202199789220027 	 2.754710357202128e-09
0.33302199789220027 	 2.765845754283549e-09
0.3340219978922003 	 2.776950099610175e-09
0.3350219978922003 	 2.788023972517695e-09
0.3360219978922003 	 2.799067938593809e-09
0.3370219978922003 	 2.8100825500832022e-09
0.3380219978922003 	 2.8210683462780177e-09
0.3390219978922003 	 2.8320258538944487e-09
0.3400219978922003 	 2.842955587436026e-09
0.3410219978922003 	 2.853858049544188e-09
0.3420219978922003 	 2.864733731336627e-09
0.3430219978922003 	 2.8755831127339437e-09
0.3440219978922003 	 2.8864066627750902e-09
0.3450219978922003 	 2.8972048399220423e-09
0.3460219978922003 	 2.9079780923541495e-09
0.3470219978922003 	 2.9187268582525805e-09
0.3480219978922003 	 2.9294515660752578e-09
0.3490219978922003 	 2.9401526348226445e-09
0.3500219978922003 	 2.950830474294769e-09
0.3510219978922003 	 2.9614854853398165e-09
0.3520219978922003 	 2.9721180600946083e-09
0.3530219978922003 	 2.9827285822173002e-09
0.3540219978922003 	 2.9933174271125826e-09
0.3550219978922003 	 3.003884962149676e-09
0.3560219978922003 	 3.0144315468734016e-09
0.3570219978922003 	 3.024957533208559e-09
0.3580219978922003 	 3.0354632656579065e-09
0.3590219978922003 	 3.0459490814939372e-09
0.3600219978922003 	 3.056415310944712e-09
0.3610219978922003 	 3.0668622773739436e-09
0.3620219978922003 	 3.077290297455565e-09
0.3630219978922003 	 3.08769968134296e-09
0.3640219978922003 	 3.0980907328330623e-09
0.3650219978922003 	 3.1084637495255e-09
0.3660219978922003 	 3.11881902297697e-09
0.3670219978922003 	 3.1291568388509965e-09
0.3680219978922003 	 3.1394774770632494e-09
0.3690219978922003 	 3.14978121192258e-09
0.3700219978922003 	 3.160068312267897e-09
0.3710219978922003 	 3.170339041601072e-09
0.3720219978922003 	 3.180593658215957e-09
0.3730219978922003 	 3.1908324153236943e-09
0.3740219978922003 	 3.201055561174419e-09
0.3750219978922003 	 3.211263339175475e-09
0.3760219978922003 	 3.2214559880062808e-09
0.3770219978922003 	 3.231633741729931e-09
0.3780219978922003 	 3.2417968299016667e-09
0.3790219978922003 	 3.251945477674304e-09
0.3800219978922003 	 3.2620799059007143e-09
0.3810219978922003 	 3.2722003312334847e-09
0.3820219978922003 	 3.2823069662217975e-09
0.3830219978922003 	 3.2924000194056794e-09
0.3840219978922003 	 3.30247969540765e-09
0.3850219978922003 	 3.3125461950218978e-09
0.3860219978922003 	 3.3225997153010252e-09
0.3870219978922003 	 3.332640449640467e-09
0.3880219978922003 	 3.342668587860647e-09
0.3890219978922003 	 3.3526843162869304e-09
0.3900219978922003 	 3.362687817827463e-09
0.3910219978922003 	 3.372679272048954e-09
0.3920219978922003 	 3.3826588552504545e-09
0.3930219978922003 	 3.3926267405352095e-09
0.3940219978922003 	 3.4025830978806357e-09
0.3950219978922003 	 3.41252809420648e-09
0.39602199789220033 	 3.422461893441225e-09
0.39702199789220033 	 3.4323846565867684e-09
0.39802199789220033 	 3.442296541781466e-09
0.39902199789220033 	 3.4521977043615503e-09
0.40002199789220033 	 3.4620882969210016e-09
0.40102199789220033 	 3.471968469369895e-09
0.40202199789220033 	 3.481838368991287e-09
0.40302199789220033 	 3.491698140496671e-09
0.40402199789220034 	 3.501547926080051e-09
0.40502199789220034 	 3.5113878654706667e-09
0.40602199789220034 	 3.521218095984426e-09
0.40702199789220034 	 3.5310387525740507e-09
0.40802199789220034 	 3.5408499678780074e-09
0.40902199789220034 	 3.5506518722682374e-09
0.41002199789220034 	 3.5604445938967206e-09
0.41102199789220034 	 3.570228258740914e-09
0.41202199789220034 	 3.5800029906480947e-09
0.41302199789220034 	 3.589768911378634e-09
0.41402199789220034 	 3.5995261406482317e-09
0.41502199789220034 	 3.6092747961691497e-09
0.41602199789220035 	 3.6190149936904617e-09
0.41702199789220035 	 3.6287468470373494e-09
0.41802199789220035 	 3.6384704681494737e-09
0.41902199789220035 	 3.6481859671184427e-09
0.42002199789220035 	 3.6578934522244094e-09
0.42102199789220035 	 3.6675930299718045e-09
0.42202199789220035 	 3.6772848051242526e-09
0.42302199789220035 	 3.6869688807386703e-09
0.42402199789220035 	 3.6966453581985872e-09
0.42502199789220035 	 3.706314337246693e-09
0.42602199789220035 	 3.715975916016649e-09
0.42702199789220036 	 3.72563019106417e-09
0.42802199789220036 	 3.735277257397397e-09
0.42902199789220036 	 3.7449172085065946e-09
0.43002199789220036 	 3.754550136393164e-09
0.43102199789220036 	 3.76417613159802e-09
0.43202199789220036 	 3.773795283229318e-09
0.43302199789220036 	 3.783407678989575e-09
0.43402199789220036 	 3.793013405202182e-09
0.43502199789220036 	 3.80261254683733e-09
0.43602199789220036 	 3.812205187537369e-09
0.43702199789220036 	 3.821791409641601e-09
0.43802199789220037 	 3.8313712942105345e-09
0.43902199789220037 	 3.840944921049622e-09
0.44002199789220037 	 3.850512368732447e-09
0.44102199789220037 	 3.860073714623455e-09
0.44202199789220037 	 3.869629034900153e-09
0.44302199789220037 	 3.87917840457485e-09
0.44402199789220037 	 3.888721897515937e-09
0.44502199789220037 	 3.898259586468693e-09
0.4460219978922004 	 3.907791543075665e-09
0.4470219978922004 	 3.9173178378966064e-09
0.4480219978922004 	 3.926838540427994e-09
0.4490219978922004 	 3.936353719122138e-09
0.4500219978922004 	 3.9458634414058835e-09
0.4510219978922004 	 3.955367773698927e-09
0.4520219978922004 	 3.964866781431743e-09
0.4530219978922004 	 3.974360529063145e-09
0.4540219978922004 	 3.983849080097477e-09
0.4550219978922004 	 3.993332497101449e-09
0.4560219978922004 	 4.002810841720629e-09
0.4570219978922004 	 4.012284174695596e-09
0.4580219978922004 	 4.021752555877752e-09
0.4590219978922004 	 4.0312160442448306e-09
0.4600219978922004 	 4.040674697916072e-09
0.4610219978922004 	 4.050128574167094e-09
0.4620219978922004 	 4.059577729444475e-09
0.4630219978922004 	 4.0690222193800174e-09
0.4640219978922004 	 4.0784620988047565e-09
0.4650219978922004 	 4.087897421762657e-09
0.4660219978922004 	 4.09732824152406e-09
0.4670219978922004 	 4.106754610598848e-09
0.4680219978922004 	 4.116176580749354e-09
0.4690219978922004 	 4.125594203003014e-09
0.4700219978922004 	 4.1350075276647704e-09
0.4710219978922004 	 4.144416604329229e-09
0.4720219978922004 	 4.153821481892579e-09
0.4730219978922004 	 4.163222208564287e-09
0.4740219978922004 	 4.172618831878542e-09
0.4750219978922004 	 4.182011398705503e-09
0.4760219978922004 	 4.1913999552623165e-09
0.4770219978922004 	 4.200784547123914e-09
0.4780219978922004 	 4.210165219233616e-09
0.4790219978922004 	 4.219542015913524e-09
0.4800219978922004 	 4.228914980874712e-09
0.4810219978922004 	 4.238284157227227e-09
0.4820219978922004 	 4.247649587489901e-09
0.4830219978922004 	 4.257011313599966e-09
0.4840219978922004 	 4.266369376922502e-09
0.4850219978922004 	 4.275723818259696e-09
0.4860219978922004 	 4.285074677859926e-09
0.4870219978922004 	 4.294421995426678e-09
0.4880219978922004 	 4.303765810127304e-09
0.4890219978922004 	 4.313106160601597e-09
0.4900219978922004 	 4.322443084970224e-09
0.4910219978922004 	 4.331776620842989e-09
0.4920219978922004 	 4.3411068053269595e-09
0.4930219978922004 	 4.350433675034422e-09
0.4940219978922004 	 4.359757266090715e-09
0.4950219978922004 	 4.369077614141887e-09
0.4960219978922004 	 4.378394754362247e-09
0.4970219978922004 	 4.387708721461756e-09
0.4980219978922004 	 4.397019549693293e-09
0.4990219978922004 	 4.40632727285978e-09
0.5000219978922004 	 4.415631924321191e-09
0.5010219978922004 	 4.42493353700142e-09
0.5020219978922004 	 4.434232143395038e-09
0.5030219978922004 	 4.44352777557392e-09
0.5040219978922004 	 4.452820465193752e-09
0.5050219978922004 	 4.462110243500436e-09
0.5060219978922004 	 4.471397141336358e-09
0.5070219978922004 	 4.480681189146563e-09
0.5080219978922004 	 4.489962416984814e-09
0.5090219978922004 	 4.4992408545195454e-09
0.5100219978922004 	 4.508516531039704e-09
0.5110219978922004 	 4.517789475460495e-09
0.5120219978922004 	 4.527059716329029e-09
0.5130219978922004 	 4.536327281829861e-09
0.5140219978922004 	 4.54559219979044e-09
0.5150219978922004 	 4.55485449768646e-09
0.5160219978922004 	 4.5641142026471214e-09
0.5170219978922004 	 4.5733713414602965e-09
0.5180219978922004 	 4.582625940577608e-09
0.5190219978922004 	 4.591878026119424e-09
0.5200219978922004 	 4.601127623879755e-09
0.5210219978922004 	 4.610374759331082e-09
0.5220219978922004 	 4.619619457629098e-09
0.5230219978922004 	 4.628861743617349e-09
0.5240219978922004 	 4.638101641831832e-09
0.5250219978922004 	 4.647339176505481e-09
0.5260219978922004 	 4.656574371572596e-09
0.5270219978922004 	 4.6658072506731935e-09
0.5280219978922004 	 4.675037837157282e-09
0.5290219978922004 	 4.684266154089058e-09
0.5300219978922004 	 4.693492224251051e-09
0.5310219978922004 	 4.702716070148178e-09
0.5320219978922004 	 4.711937714011743e-09
0.5330219978922004 	 4.72115717780337e-09
0.5340219978922004 	 4.7303744832188565e-09
0.5350219978922004 	 4.739589651691982e-09
0.5360219978922004 	 4.748802704398248e-09
0.5370219978922004 	 4.758013662258541e-09
0.5380219978922004 	 4.7672225459427564e-09
0.5390219978922004 	 4.776429375873352e-09
0.5400219978922004 	 4.7856341722288476e-09
0.5410219978922004 	 4.794836954947254e-09
0.5420219978922004 	 4.804037743729469e-09
0.5430219978922004 	 4.813236558042604e-09
0.5440219978922004 	 4.822433417123248e-09
0.5450219978922004 	 4.831628339980703e-09
0.5460219978922004 	 4.840821345400146e-09
0.5470219978922004 	 4.850012451945742e-09
0.5480219978922004 	 4.859201677963727e-09
0.5490219978922004 	 4.868389041585413e-09
0.5500219978922004 	 4.87757456073016e-09
0.5510219978922004 	 4.886758253108311e-09
0.5520219978922004 	 4.895940136224049e-09
0.5530219978922004 	 4.905120227378243e-09
0.5540219978922004 	 4.91429854367123e-09
0.5550219978922004 	 4.923475102005549e-09
0.5560219978922004 	 4.93264991908865e-09
0.5570219978922004 	 4.9418230114355415e-09
0.5580219978922004 	 4.950994395371404e-09
0.5590219978922004 	 4.960164087034174e-09
0.5600219978922004 	 4.969332102377059e-09
0.5610219978922004 	 4.978498457171042e-09
0.5620219978922004 	 4.9876631670073395e-09
0.5630219978922004 	 4.9968262472998005e-09
0.5640219978922004 	 5.0059877132873e-09
0.5650219978922004 	 5.015147580036071e-09
0.5660219978922004 	 5.024305862442021e-09
0.5670219978922004 	 5.033462575232987e-09
0.5680219978922004 	 5.042617732970982e-09
0.5690219978922004 	 5.0517713500543865e-09
0.5700219978922004 	 5.060923440720124e-09
0.5710219978922004 	 5.070074019045785e-09
0.5720219978922004 	 5.0792230989517375e-09
0.5730219978922004 	 5.088370694203187e-09
0.5740219978922004 	 5.097516818412221e-09
0.5750219978922004 	 5.106661485039811e-09
0.5760219978922004 	 5.115804707397791e-09
0.5770219978922004 	 5.124946498650805e-09
0.5780219978922004 	 5.134086871818218e-09
0.5790219978922004 	 5.1432258397760106e-09
0.5800219978922004 	 5.152363415258638e-09
0.5810219978922004 	 5.1614996108608586e-09
0.5820219978922004 	 5.170634439039541e-09
0.5830219978922004 	 5.179767912115444e-09
0.5840219978922004 	 5.188900042274962e-09
0.5850219978922004 	 5.198030841571855e-09
0.5860219978922004 	 5.207160321928945e-09
0.5870219978922004 	 5.216288495139798e-09
0.5880219978922004 	 5.225415372870362e-09
0.5890219978922004 	 5.2345409666606e-09
0.5900219978922004 	 5.243665287926094e-09
0.5910219978922004 	 5.252788347959617e-09
0.5920219978922004 	 5.261910157932688e-09
0.5930219978922004 	 5.271030728897114e-09
0.5940219978922004 	 5.280150071786486e-09
0.5950219978922004 	 5.2892681974176775e-09
0.5960219978922005 	 5.298385116492306e-09
0.5970219978922005 	 5.307500839598183e-09
0.5980219978922005 	 5.316615377210727e-09
0.5990219978922005 	 5.325728739694385e-09
0.6000219978922005 	 5.334840937303996e-09
0.6010219978922005 	 5.343951980186174e-09
0.6020219978922005 	 5.3530618783806345e-09
0.6030219978922005 	 5.362170641821533e-09
0.6040219978922005 	 5.371278280338762e-09
0.6050219978922005 	 5.380384803659244e-09
0.6060219978922005 	 5.389490221408194e-09
0.6070219978922005 	 5.398594543110376e-09
0.6080219978922005 	 5.4076977781913385e-09
0.6090219978922005 	 5.416799935978618e-09
0.6100219978922005 	 5.425901025702954e-09
0.6110219978922005 	 5.435001056499453e-09
0.6120219978922005 	 5.444100037408772e-09
0.6130219978922005 	 5.45319797737825e-09
0.6140219978922005 	 5.46229488526305e-09
0.6150219978922005 	 5.4713907698272805e-09
0.6160219978922005 	 5.48048563974508e-09
0.6170219978922005 	 5.489579503601717e-09
0.6180219978922005 	 5.498672369894659e-09
0.6190219978922005 	 5.5077642470346226e-09
0.6200219978922005 	 5.516855143346618e-09
0.6210219978922005 	 5.525945067070979e-09
0.6220219978922005 	 5.535034026364365e-09
0.6230219978922005 	 5.544122029300772e-09
0.6240219978922005 	 5.5532090838725115e-09
0.6250219978922005 	 5.562295197991182e-09
0.6260219978922005 	 5.571380379488627e-09
0.6270219978922005 	 5.5804646361178805e-09
0.6280219978922005 	 5.589547975554104e-09
0.6290219978922005 	 5.598630405395491e-09
0.6300219978922005 	 5.607711933164195e-09
0.6310219978922005 	 5.616792566307204e-09
0.6320219978922005 	 5.625872312197239e-09
0.6330219978922005 	 5.6349511781336135e-09
0.6340219978922005 	 5.644029171343096e-09
0.6350219978922005 	 5.653106298980757e-09
0.6360219978922005 	 5.662182568130811e-09
0.6370219978922005 	 5.671257985807428e-09
0.6380219978922005 	 5.680332558955557e-09
0.6390219978922005 	 5.689406294451727e-09
0.6400219978922005 	 5.698479199104838e-09
0.6410219978922005 	 5.70755127965694e-09
0.6420219978922005 	 5.716622542784008e-09
0.6430219978922005 	 5.725692995096701e-09
0.6440219978922005 	 5.734762643141112e-09
0.6450219978922005 	 5.74383149339951e-09
0.6460219978922005 	 5.75289955229107e-09
0.6470219978922005 	 5.761966826172595e-09
0.6480219978922005 	 5.7710333213392265e-09
0.6490219978922005 	 5.7800990440251475e-09
0.6500219978922005 	 5.78916400040428e-09
0.6510219978922005 	 5.798228196590963e-09
0.6520219978922005 	 5.807291638640628e-09
0.6530219978922005 	 5.8163543325504705e-09
0.6540219978922005 	 5.8254162842601025e-09
0.6550219978922005 	 5.834477499652207e-09
0.6560219978922005 	 5.843537984553175e-09
0.6570219978922005 	 5.852597744733737e-09
0.6580219978922005 	 5.861656785909589e-09
0.6590219978922005 	 5.870715113742011e-09
0.6600219978922005 	 5.879772733838473e-09
0.6610219978922005 	 5.888829651753236e-09
0.6620219978922005 	 5.897885872987939e-09
0.6630219978922005 	 5.9069414029921976e-09
0.6640219978922005 	 5.9159962471641696e-09
0.6650219978922005 	 5.92505041085113e-09
0.6660219978922005 	 5.934103899350033e-09
0.6670219978922005 	 5.943156717908069e-09
0.6680219978922005 	 5.952208871723214e-09
0.6690219978922005 	 5.961260365944767e-09
0.6700219978922005 	 5.970311205673891e-09
0.6710219978922005 	 5.9793613959641365e-09
0.6720219978922005 	 5.9884109418219654e-09
0.6730219978922005 	 5.997459848207268e-09
0.6740219978922005 	 6.006508120033866e-09
0.6750219978922005 	 6.01555576217002e-09
0.6760219978922005 	 6.024602779438918e-09
0.6770219978922005 	 6.033649176619177e-09
0.6780219978922005 	 6.042694958445318e-09
0.6790219978922005 	 6.0517401296082386e-09
0.6800219978922005 	 6.0607846947557e-09
0.6810219978922005 	 6.0698286584927766e-09
0.6820219978922005 	 6.0788720253823265e-09
0.6830219978922005 	 6.087914799945441e-09
0.6840219978922005 	 6.096956986661892e-09
0.6850219978922005 	 6.1059985899705846e-09
0.6860219978922005 	 6.11503961426998e-09
0.6870219978922005 	 6.124080063918532e-09
0.6880219978922005 	 6.1331199432351304e-09
0.6890219978922005 	 6.142159256499497e-09
0.6900219978922005 	 6.151198007952618e-09
0.6910219978922005 	 6.1602362017971535e-09
0.6920219978922005 	 6.169273842197837e-09
0.6930219978922005 	 6.17831093328189e-09
0.6940219978922005 	 6.187347479139397e-09
0.6950219978922005 	 6.1963834838237274e-09
0.6960219978922005 	 6.205418951351891e-09
0.6970219978922005 	 6.214453885704941e-09
0.6980219978922005 	 6.223488290828345e-09
0.6990219978922005 	 6.232522170632361e-09
0.7000219978922005 	 6.241555528992399e-09
0.7010219978922005 	 6.2505883697493916e-09
0.7020219978922005 	 6.2596206967101515e-09
0.7030219978922005 	 6.2686525136477255e-09
0.7040219978922005 	 6.277683824301752e-09
0.7050219978922005 	 6.2867146323788025e-09
0.7060219978922005 	 6.295744941552722e-09
0.7070219978922005 	 6.304774755464972e-09
0.7080219978922005 	 6.31380407772497e-09
0.7090219978922006 	 6.322832911910407e-09
0.7100219978922006 	 6.331861261567587e-09
0.7110219978922006 	 6.340889130211747e-09
0.7120219978922006 	 6.349916521327365e-09
0.7130219978922006 	 6.358943438368498e-09
0.7140219978922006 	 6.3679698847590705e-09
0.7150219978922006 	 6.376995863893196e-09
0.7160219978922006 	 6.386021379135477e-09
0.7170219978922006 	 6.395046433821307e-09
0.7180219978922006 	 6.404071031257167e-09
0.7190219978922006 	 6.4130951747209236e-09
0.7200219978922006 	 6.4221188674621105e-09
0.7210219978922006 	 6.431142112702219e-09
0.7220219978922006 	 6.440164913634992e-09
0.7230219978922006 	 6.449187273426687e-09
0.7240219978922006 	 6.458209195216369e-09
0.7250219978922006 	 6.467230682116169e-09
0.7260219978922006 	 6.476251737211567e-09
0.7270219978922006 	 6.485272363561665e-09
0.7280219978922006 	 6.494292564199423e-09
0.7290219978922006 	 6.503312342131956e-09
0.7300219978922006 	 6.512331700340768e-09
0.7310219978922006 	 6.52135064178202e-09
0.7320219978922006 	 6.5303691693867724e-09
0.7330219978922006 	 6.539387286061248e-09
0.7340219978922006 	 6.548404994687066e-09
0.7350219978922006 	 6.557422298121492e-09
0.7360219978922006 	 6.566439199197682e-09
0.7370219978922006 	 6.575455700724914e-09
0.7380219978922006 	 6.584471805488826e-09
0.7390219978922006 	 6.593487516251656e-09
0.7400219978922006 	 6.602502835752461e-09
0.7410219978922006 	 6.6115177667073585e-09
0.7420219978922006 	 6.620532311809734e-09
0.7430219978922006 	 6.629546473730481e-09
0.7440219978922006 	 6.6385602551182085e-09
0.7450219978922006 	 6.647573658599474e-09
0.7460219978922006 	 6.656586686778978e-09
0.7470219978922006 	 6.665599342239795e-09
0.7480219978922006 	 6.674611627543572e-09
0.7490219978922006 	 6.68362354523075e-09
0.7500219978922006 	 6.692635097820753e-09
0.7510219978922006 	 6.7016462878122025e-09
0.7520219978922006 	 6.710657117683123e-09
0.7530219978922006 	 6.719667589891125e-09
0.7540219978922006 	 6.728677706873616e-09
0.7550219978922006 	 6.73768747104799e-09
0.7560219978922006 	 6.746696884811821e-09
0.7570219978922006 	 6.755705950543056e-09
0.7580219978922006 	 6.7647146706001926e-09
0.7590219978922006 	 6.773723047322482e-09
0.7600219978922006 	 6.782731083030093e-09
0.7610219978922006 	 6.79173878002432e-09
0.7620219978922006 	 6.800746140587735e-09
0.7630219978922006 	 6.809753166984386e-09
0.7640219978922006 	 6.818759861459966e-09
0.7650219978922006 	 6.8277662262419856e-09
0.7660219978922006 	 6.8367722635399495e-09
0.7670219978922006 	 6.84577797554552e-09
0.7680219978922006 	 6.854783364432702e-09
0.7690219978922006 	 6.863788432357987e-09
0.7700219978922006 	 6.872793181460536e-09
0.7710219978922006 	 6.881797613862333e-09
0.7720219978922006 	 6.890801731668353e-09
0.7730219978922006 	 6.8998055369667196e-09
0.7740219978922006 	 6.908809031828859e-09
0.7750219978922006 	 6.917812218309661e-09
0.7760219978922006 	 6.926815098447631e-09
0.7770219978922006 	 6.935817674265046e-09
0.7780219978922006 	 6.944819947768102e-09
0.7790219978922006 	 6.95382192094707e-09
0.7800219978922006 	 6.962823595776433e-09
0.7810219978922006 	 6.971824974215048e-09
0.7820219978922006 	 6.980826058206274e-09
0.7830219978922006 	 6.98982684967813e-09
0.7840219978922006 	 6.9988273505434294e-09
0.7850219978922006 	 7.0078275626999184e-09
0.7860219978922006 	 7.016827488030424e-09
0.7870219978922006 	 7.025827128402984e-09
0.7880219978922006 	 7.034826485670983e-09
0.7890219978922006 	 7.043825561673286e-09
0.7900219978922006 	 7.052824358234383e-09
0.7910219978922006 	 7.061822877164504e-09
0.7920219978922006 	 7.0708211202597635e-09
0.7930219978922006 	 7.079819089302279e-09
0.7940219978922006 	 7.088816786060304e-09
0.7950219978922006 	 7.097814212288357e-09
0.7960219978922006 	 7.1068113697273376e-09
0.7970219978922006 	 7.11580826010466e-09
0.7980219978922006 	 7.124804885134366e-09
0.7990219978922006 	 7.133801246517258e-09
0.8000219978922006 	 7.142797345941003e-09
0.8010219978922006 	 7.151793185080269e-09
0.8020219978922006 	 7.160788765596828e-09
0.8030219978922006 	 7.16978408913968e-09
0.8040219978922006 	 7.178779157345162e-09
0.8050219978922006 	 7.18777397183707e-09
0.8060219978922006 	 7.196768534226765e-09
0.8070219978922006 	 7.205762846113285e-09
0.8080219978922006 	 7.214756909083458e-09
0.8090219978922006 	 7.223750724712012e-09
0.8100219978922006 	 7.23274429456168e-09
0.8110219978922006 	 7.241737620183304e-09
0.8120219978922006 	 7.2507307031159506e-09
0.8130219978922006 	 7.259723544887005e-09
0.8140219978922006 	 7.268716147012284e-09
0.8150219978922006 	 7.277708510996131e-09
0.8160219978922006 	 7.286700638331522e-09
0.8170219978922006 	 7.295692530500167e-09
0.8180219978922006 	 7.304684188972602e-09
0.8190219978922006 	 7.313675615208301e-09
0.8200219978922006 	 7.322666810655762e-09
0.8210219978922007 	 7.331657776752604e-09
0.8220219978922007 	 7.340648514925669e-09
0.8230219978922007 	 7.349639026591117e-09
0.8240219978922007 	 7.358629313154507e-09
0.8250219978922007 	 7.36761937601091e-09
0.8260219978922007 	 7.376609216544981e-09
0.8270219978922007 	 7.385598836131061e-09
0.8280219978922007 	 7.39458823613327e-09
0.8290219978922007 	 7.403577417905577e-09
0.8300219978922007 	 7.412566382791921e-09
0.8310219978922007 	 7.421555132126259e-09
0.8320219978922007 	 7.430543667232686e-09
0.8330219978922007 	 7.439531989425505e-09
0.8340219978922007 	 7.4485201000093085e-09
0.8350219978922007 	 7.457508000279073e-09
0.8360219978922007 	 7.466495691520234e-09
0.8370219978922007 	 7.47548317500877e-09
0.8380219978922007 	 7.484470452011288e-09
0.8390219978922007 	 7.493457523785099e-09
0.8400219978922007 	 7.502444391578298e-09
0.8410219978922007 	 7.511431056629849e-09
0.8420219978922007 	 7.520417520169657e-09
0.8430219978922007 	 7.529403783418646e-09
0.8440219978922007 	 7.538389847588838e-09
0.8450219978922007 	 7.547375713883431e-09
0.8460219978922007 	 7.556361383496866e-09
0.8470219978922007 	 7.56534685761491e-09
0.8480219978922007 	 7.574332137414728e-09
0.8490219978922007 	 7.583317224064953e-09
0.8500219978922007 	 7.59230211872576e-09
0.8510219978922007 	 7.601286822548937e-09
0.8520219978922007 	 7.61027133667796e-09
0.8530219978922007 	 7.619255662248053e-09
0.8540219978922007 	 7.628239800386276e-09
0.8550219978922007 	 7.637223752211567e-09
0.8560219978922007 	 7.646207518834839e-09
0.8570219978922007 	 7.655191101359027e-09
0.8580219978922007 	 7.664174500879163e-09
0.8590219978922007 	 7.673157718482443e-09
0.8600219978922007 	 7.68214075524829e-09
0.8610219978922007 	 7.691123612248418e-09
0.8620219978922007 	 7.700106290546904e-09
0.8630219978922007 	 7.709088791200239e-09
0.8640219978922007 	 7.718071115257404e-09
0.8650219978922007 	 7.727053263759924e-09
0.8660219978922007 	 7.736035237741932e-09
0.8670219978922007 	 7.745017038230233e-09
0.8680219978922007 	 7.753998666244363e-09
0.8690219978922007 	 7.762980122796648e-09
0.8700219978922007 	 7.771961408892265e-09
0.8710219978922007 	 7.780942525529299e-09
0.8720219978922007 	 7.789923473698807e-09
0.8730219978922007 	 7.798904254384874e-09
0.8740219978922007 	 7.807884868564661e-09
0.8750219978922007 	 7.816865317208477e-09
0.8760219978922007 	 7.82584560127982e-09
0.8770219978922007 	 7.83482572173545e-09
0.8780219978922007 	 7.843805679525429e-09
0.8790219978922007 	 7.852785475593183e-09
0.8800219978922007 	 7.861765110875558e-09
0.8810219978922007 	 7.870744586302865e-09
0.8820219978922007 	 7.87972390279894e-09
0.8830219978922007 	 7.888703061281203e-09
0.8840219978922007 	 7.897682062660692e-09
0.8850219978922007 	 7.906660907842136e-09
0.8860219978922007 	 7.91563959772399e-09
0.8870219978922007 	 7.92461813319849e-09
0.8880219978922007 	 7.93359651515171e-09
0.8890219978922007 	 7.942574744463607e-09
0.8900219978922007 	 7.951552822008064e-09
0.8910219978922007 	 7.960530748652954e-09
0.8920219978922007 	 7.969508525260172e-09
0.8930219978922007 	 7.978486152685696e-09
0.8940219978922007 	 7.987463631779625e-09
0.8950219978922007 	 7.996440963386239e-09
0.8960219978922007 	 8.005418148344024e-09
0.8970219978922007 	 8.014395187485743e-09
0.8980219978922007 	 8.023372081638468e-09
0.8990219978922007 	 8.032348831623622e-09
0.9000219978922007 	 8.041325438257039e-09
0.9010219978922007 	 8.050301902348992e-09
0.9020219978922007 	 8.059278224704244e-09
0.9030219978922007 	 8.068254406122106e-09
0.9040219978922007 	 8.077230447396449e-09
0.9050219978922007 	 8.086206349315775e-09
0.9060219978922007 	 8.09518211266325e-09
0.9070219978922007 	 8.10415773821674e-09
0.9080219978922007 	 8.11313322674887e-09
0.9090219978922007 	 8.122108579027035e-09
0.9100219978922007 	 8.131083795813482e-09
0.9110219978922007 	 8.140058877865316e-09
0.9120219978922007 	 8.149033825934556e-09
0.9130219978922007 	 8.158008640768171e-09
0.9140219978922007 	 8.166983323108125e-09
0.9150219978922007 	 8.175957873691411e-09
0.9160219978922007 	 8.184932293250089e-09
0.9170219978922007 	 8.19390658251133e-09
0.9180219978922007 	 8.202880742197448e-09
0.9190219978922007 	 8.211854773025942e-09
0.9200219978922007 	 8.220828675709533e-09
0.9210219978922007 	 8.229802450956202e-09
0.9220219978922007 	 8.238776099469221e-09
0.9230219978922007 	 8.247749621947201e-09
0.9240219978922007 	 8.256723019084116e-09
0.9250219978922007 	 8.265696291569347e-09
0.9260219978922007 	 8.274669440087712e-09
0.9270219978922007 	 8.283642465319505e-09
0.9280219978922007 	 8.292615367940538e-09
0.9290219978922007 	 8.301588148622153e-09
0.9300219978922007 	 8.310560808031283e-09
0.9310219978922007 	 8.319533346830471e-09
0.9320219978922007 	 8.328505765677903e-09
0.9330219978922007 	 8.337478065227454e-09
0.9340219978922008 	 8.3464502461287e-09
0.9350219978922008 	 8.355422309026974e-09
0.9360219978922008 	 8.364394254563385e-09
0.9370219978922008 	 8.373366083374852e-09
0.9380219978922008 	 8.382337796094138e-09
0.9390219978922008 	 8.39130939334988e-09
0.9400219978922008 	 8.40028087576662e-09
0.9410219978922008 	 8.409252243964845e-09
0.9420219978922008 	 8.418223498560998e-09
0.9430219978922008 	 8.427194640167536e-09
0.9440219978922008 	 8.436165669392931e-09
0.9450219978922008 	 8.445136586841725e-09
0.9460219978922008 	 8.454107393114542e-09
0.9470219978922008 	 8.463078088808132e-09
0.9480219978922008 	 8.47204867451539e-09
0.9490219978922008 	 8.481019150825383e-09
0.9500219978922008 	 8.489989518323394e-09
0.9510219978922008 	 8.498959777590932e-09
0.9520219978922008 	 8.507929929205777e-09
0.9530219978922008 	 8.516899973741993e-09
0.9540219978922008 	 8.525869911769969e-09
0.9550219978922008 	 8.534839743856435e-09
0.9560219978922008 	 8.543809470564497e-09
0.9570219978922008 	 8.552779092453664e-09
0.9580219978922008 	 8.561748610079873e-09
0.9590219978922008 	 8.570718023995511e-09
0.9600219978922008 	 8.579687334749448e-09
0.9610219978922008 	 8.588656542887068e-09
0.9620219978922008 	 8.597625648950276e-09
0.9630219978922008 	 8.606594653477546e-09
0.9640219978922008 	 8.615563557003932e-09
0.9650219978922008 	 8.624532360061099e-09
0.9660219978922008 	 8.63350106317735e-09
0.9670219978922008 	 8.642469666877637e-09
0.9680219978922008 	 8.65143817168361e-09
0.9690219978922008 	 8.660406578113625e-09
0.9700219978922008 	 8.669374886682761e-09
0.9710219978922008 	 8.678343097902867e-09
0.9720219978922008 	 8.687311212282567e-09
0.9730219978922008 	 8.696279230327289e-09
0.9740219978922008 	 8.705247152539295e-09
0.9750219978922008 	 8.714214979417692e-09
0.9760219978922008 	 8.723182711458467e-09
0.9770219978922008 	 8.7321503491545e-09
0.9780219978922008 	 8.741117892995595e-09
0.9790219978922008 	 8.750085343468498e-09
0.9800219978922008 	 8.759052701056918e-09
0.9810219978922008 	 8.768019966241552e-09
0.9820219978922008 	 8.77698713950011e-09
0.9830219978922008 	 8.785954221307328e-09
0.9840219978922008 	 8.794921212134988e-09
0.9850219978922008 	 8.803888112451968e-09
0.9860219978922008 	 8.812854922724216e-09
0.9870219978922008 	 8.821821643414813e-09
0.9880219978922008 	 8.830788274983967e-09
0.9890219978922008 	 8.83975481788905e-09
0.9900219978922008 	 8.848721272584607e-09
0.9910219978922008 	 8.85768763952239e-09
0.9920219978922008 	 8.866653919151358e-09
0.9930219978922008 	 8.875620111917716e-09
0.9940219978922008 	 8.884586218264926e-09
0.9950219978922008 	 8.893552238633728e-09
0.9960219978922008 	 8.902518173462164e-09
0.9970219978922008 	 8.911484023185586e-09
0.9980219978922008 	 8.920449788236687e-09
0.9990219978922008 	 8.92941546904551e-09
1.0000219978922007 	 8.938381066039484e-09
1.0010219978922006 	 8.947346579643415e-09
1.0020219978922005 	 8.956312010279535e-09
1.0030219978922004 	 8.965277358367499e-09
1.0040219978922003 	 8.97424262432441e-09
1.0050219978922001 	 8.983207808564838e-09
1.0060219978922 	 8.992172911500844e-09
1.0070219978922 	 9.001137933541977e-09
1.0080219978921998 	 9.01010287509532e-09
1.0090219978921997 	 9.019067736565489e-09
1.0100219978921996 	 9.028032518354648e-09
1.0110219978921995 	 9.036997220862546e-09
1.0120219978921994 	 9.045961844486514e-09
1.0130219978921993 	 9.054926389621483e-09
1.0140219978921992 	 9.063890856660022e-09
1.015021997892199 	 9.072855245992327e-09
1.016021997892199 	 9.08181955800626e-09
1.0170219978921988 	 9.09078379308735e-09
1.0180219978921987 	 9.099747951618811e-09
1.0190219978921986 	 9.108712033981577e-09
1.0200219978921985 	 9.11767604055429e-09
1.0210219978921984 	 9.126639971713334e-09
1.0220219978921983 	 9.135603827832845e-09
1.0230219978921982 	 9.144567609284733e-09
1.024021997892198 	 9.153531316438686e-09
1.025021997892198 	 9.162494949662195e-09
1.0260219978921978 	 9.171458509320569e-09
1.0270219978921977 	 9.18042199577694e-09
1.0280219978921976 	 9.189385409392288e-09
1.0290219978921975 	 9.19834875052546e-09
1.0300219978921974 	 9.20731201953317e-09
1.0310219978921973 	 9.216275216770026e-09
1.0320219978921972 	 9.22523834258854e-09
1.033021997892197 	 9.23420139733914e-09
1.034021997892197 	 9.243164381370192e-09
1.0350219978921968 	 9.252127295028004e-09
1.0360219978921967 	 9.261090138656853e-09
1.0370219978921966 	 9.270052912598985e-09
1.0380219978921965 	 9.279015617194638e-09
1.0390219978921964 	 9.287978252782057e-09
1.0400219978921963 	 9.296940819697495e-09
1.0410219978921962 	 9.305903318275243e-09
1.042021997892196 	 9.314865748847639e-09
1.043021997892196 	 9.323828111745072e-09
1.0440219978921959 	 9.332790407295999e-09
1.0450219978921957 	 9.341752635826972e-09
1.0460219978921956 	 9.35071479766263e-09
1.0470219978921955 	 9.359676893125726e-09
1.0480219978921954 	 9.368638922537138e-09
1.0490219978921953 	 9.377600886215879e-09
1.0500219978921952 	 9.386562784479102e-09
1.051021997892195 	 9.395524617642129e-09
1.052021997892195 	 9.40448638601846e-09
1.0530219978921949 	 9.413448089919762e-09
1.0540219978921948 	 9.422409729655927e-09
1.0550219978921946 	 9.431371305535032e-09
1.0560219978921945 	 9.440332817863393e-09
1.0570219978921944 	 9.449294266945547e-09
1.0580219978921943 	 9.458255653084289e-09
1.0590219978921942 	 9.467216976580658e-09
1.060021997892194 	 9.476178237733982e-09
1.061021997892194 	 9.485139436841854e-09
1.0620219978921939 	 9.494100574200163e-09
1.0630219978921938 	 9.50306165010311e-09
1.0640219978921936 	 9.512022664843201e-09
1.0650219978921935 	 9.520983618711275e-09
1.0660219978921934 	 9.529944511996505e-09
1.0670219978921933 	 9.53890534498642e-09
1.0680219978921932 	 9.547866117966901e-09
1.069021997892193 	 9.556826831222204e-09
1.070021997892193 	 9.565787485034967e-09
1.0710219978921929 	 9.574748079686226e-09
1.0720219978921928 	 9.583708615455403e-09
1.0730219978921927 	 9.592669092620355e-09
1.0740219978921925 	 9.601629511457348e-09
1.0750219978921924 	 9.610589872241092e-09
1.0760219978921923 	 9.619550175244739e-09
1.0770219978921922 	 9.628510420739892e-09
1.078021997892192 	 9.63747060899663e-09
1.079021997892192 	 9.646430740283498e-09
1.0800219978921919 	 9.65539081486753e-09
1.0810219978921918 	 9.664350833014261e-09
1.0820219978921917 	 9.673310794987722e-09
1.0830219978921916 	 9.682270701050472e-09
1.0840219978921914 	 9.69123055146358e-09
1.0850219978921913 	 9.700190346486666e-09
1.0860219978921912 	 9.709150086377886e-09
1.0870219978921911 	 9.718109771393942e-09
1.088021997892191 	 9.727069401790122e-09
1.089021997892191 	 9.736028977820265e-09
1.0900219978921908 	 9.744988499736803e-09
1.0910219978921907 	 9.753947967790759e-09
1.0920219978921906 	 9.762907382231755e-09
1.0930219978921905 	 9.771866743308024e-09
1.0940219978921903 	 9.78082605126641e-09
1.0950219978921902 	 9.789785306352403e-09
1.0960219978921901 	 9.798744508810116e-09
1.09702199789219 	 9.807703658882305e-09
1.09802199789219 	 9.816662756810388e-09
1.0990219978921898 	 9.825621802834447e-09
1.1000219978921897 	 9.834580797193233e-09
1.1010219978921896 	 9.843539740124173e-09
1.1020219978921895 	 9.852498631863394e-09
1.1030219978921894 	 9.861457472645703e-09
1.1040219978921892 	 9.870416262704633e-09
1.1050219978921891 	 9.87937500227242e-09
1.106021997892189 	 9.888333691580014e-09
1.107021997892189 	 9.897292330857119e-09
1.1080219978921888 	 9.906250920332154e-09
1.1090219978921887 	 9.915209460232298e-09
1.1100219978921886 	 9.92416795078348e-09
1.1110219978921885 	 9.933126392210396e-09
1.1120219978921884 	 9.94208478473651e-09
1.1130219978921883 	 9.951043128584065e-09
1.1140219978921881 	 9.960001423974085e-09
1.115021997892188 	 9.968959671126399e-09
1.116021997892188 	 9.977917870259628e-09
1.1170219978921878 	 9.986876021591208e-09
1.1180219978921877 	 9.995834125337392e-09
1.1190219978921876 	 1.0004792181713254e-08
1.1200219978921875 	 1.00137501909327e-08
1.1210219978921874 	 1.0022708153208487e-08
1.1220219978921873 	 1.0031666068752193e-08
1.1230219978921872 	 1.0040623937774278e-08
1.124021997892187 	 1.0049581760484052e-08
1.125021997892187 	 1.0058539537089685e-08
1.1260219978921868 	 1.0067497267798236e-08
1.1270219978921867 	 1.007645495281564e-08
1.1280219978921866 	 1.0085412592346725e-08
1.1290219978921865 	 1.0094370186595212e-08
1.1300219978921864 	 1.010332773576373e-08
1.1310219978921863 	 1.0112285240053812e-08
1.1320219978921862 	 1.0121242699665916e-08
1.133021997892186 	 1.0130200114799424e-08
1.134021997892186 	 1.0139157485652638e-08
1.1350219978921858 	 1.0148114812422813e-08
1.1360219978921857 	 1.0157072095306137e-08
1.1370219978921856 	 1.0166029334497752e-08
1.1380219978921855 	 1.0174986530191762e-08
1.1390219978921854 	 1.0183943682581233e-08
1.1400219978921853 	 1.0192900791858196e-08
1.1410219978921852 	 1.0201857858213661e-08
1.142021997892185 	 1.021081488183763e-08
1.143021997892185 	 1.0219771862919081e-08
1.1440219978921848 	 1.0228728801645998e-08
1.1450219978921847 	 1.023768569820536e-08
1.1460219978921846 	 1.0246642552783165e-08
1.1470219978921845 	 1.0255599365564409e-08
1.1480219978921844 	 1.0264556136733124e-08
1.1490219978921843 	 1.0273512866472361e-08
1.1500219978921842 	 1.0282469554964201e-08
1.151021997892184 	 1.0291426202389774e-08
1.152021997892184 	 1.030038280892924e-08
1.1530219978921838 	 1.0309339374761827e-08
1.1540219978921837 	 1.0318295900065797e-08
1.1550219978921836 	 1.03272523850185e-08
1.1560219978921835 	 1.033620882979633e-08
1.1570219978921834 	 1.0345165234574766e-08
1.1580219978921833 	 1.0354121599528368e-08
1.1590219978921832 	 1.0363077924830777e-08
1.160021997892183 	 1.0372034210654724e-08
1.161021997892183 	 1.038099045717204e-08
1.1620219978921829 	 1.0389946664553648e-08
1.1630219978921827 	 1.0398902832969598e-08
1.1640219978921826 	 1.040785896258902e-08
1.1650219978921825 	 1.0416815053580195e-08
1.1660219978921824 	 1.0425771106110514e-08
1.1670219978921823 	 1.0434727120346485e-08
1.1680219978921822 	 1.0443683096453771e-08
1.169021997892182 	 1.045263903459716e-08
1.170021997892182 	 1.0461594934940587e-08
1.1710219978921819 	 1.0470550797647142e-08
1.1720219978921818 	 1.0479506622879058e-08
1.1730219978921816 	 1.0488462410797744e-08
1.1740219978921815 	 1.0497418161563758e-08
1.1750219978921814 	 1.0506373875336842e-08
1.1760219978921813 	 1.0515329552275903e-08
1.1770219978921812 	 1.0524285192539028e-08
1.178021997892181 	 1.0533240796283497e-08
1.179021997892181 	 1.054219636366577e-08
1.1800219978921809 	 1.0551151894841515e-08
1.1810219978921808 	 1.0560107389965582e-08
1.1820219978921807 	 1.0569062849192038e-08
1.1830219978921805 	 1.0578018272674154e-08
1.1840219978921804 	 1.0586973660564416e-08
1.1850219978921803 	 1.0595929013014535e-08
1.1860219978921802 	 1.0604884330175432e-08
1.18702199789218 	 1.0613839612197263e-08
1.18802199789218 	 1.0622794859229427e-08
1.1890219978921799 	 1.0631750071420531e-08
1.1900219978921798 	 1.0640705248918457e-08
1.1910219978921797 	 1.0649660391870314e-08
1.1920219978921796 	 1.0658615500422466e-08
1.1930219978921794 	 1.0667570574720527e-08
1.1940219978921793 	 1.0676525614909386e-08
1.1950219978921792 	 1.0685480621133175e-08
1.1960219978921791 	 1.0694435593535312e-08
1.197021997892179 	 1.0703390532258474e-08
1.198021997892179 	 1.0712345437444626e-08
1.1990219978921788 	 1.0721300309235009e-08
1.2000219978921787 	 1.0730255147770145e-08
1.2010219978921786 	 1.073920995318986e-08
1.2020219978921785 	 1.0748164725633251e-08
1.2030219978921783 	 1.075711946523874e-08
1.2040219978921782 	 1.076607417214403e-08
1.2050219978921781 	 1.0775028846486139e-08
1.206021997892178 	 1.0783983488401396e-08
1.207021997892178 	 1.0792938098025443e-08
1.2080219978921778 	 1.0801892675493238e-08
1.2090219978921777 	 1.0810847220939062e-08
1.2100219978921776 	 1.0819801734496527e-08
1.2110219978921775 	 1.082875621629857e-08
1.2120219978921773 	 1.0837710666477468e-08
1.2130219978921772 	 1.084666508516483e-08
1.2140219978921771 	 1.0855619472491615e-08
1.215021997892177 	 1.0864573828588115e-08
1.216021997892177 	 1.087352815358398e-08
1.2170219978921768 	 1.0882482447608222e-08
1.2180219978921767 	 1.0891436710789191e-08
1.2190219978921766 	 1.0900390943254615e-08
1.2200219978921765 	 1.0909345145131578e-08
1.2210219978921764 	 1.091829931654653e-08
1.2220219978921762 	 1.0927253457625303e-08
1.2230219978921761 	 1.0936207568493095e-08
1.224021997892176 	 1.0945161649274489e-08
1.225021997892176 	 1.0954115700093452e-08
1.2260219978921758 	 1.0963069721073332e-08
1.2270219978921757 	 1.0972023712336871e-08
1.2280219978921756 	 1.0980977674006202e-08
1.2290219978921755 	 1.0989931606202853e-08
1.2300219978921754 	 1.0998885509047762e-08
1.2310219978921753 	 1.1007839382661265e-08
1.2320219978921751 	 1.1016793227163101e-08
1.233021997892175 	 1.1025747042672427e-08
1.234021997892175 	 1.103470082930781e-08
1.2350219978921748 	 1.1043654587187239e-08
1.2360219978921747 	 1.1052608316428115e-08
1.2370219978921746 	 1.1061562017147276e-08
1.2380219978921745 	 1.1070515689460976e-08
1.2390219978921744 	 1.1079469333484907e-08
1.2400219978921743 	 1.1088422949334187e-08
1.2410219978921742 	 1.1097376537123385e-08
1.242021997892174 	 1.1106330096966497e-08
1.243021997892174 	 1.1115283628976969e-08
1.2440219978921738 	 1.1124237133267694e-08
1.2450219978921737 	 1.1133190609951013e-08
1.2460219978921736 	 1.1142144059138721e-08
1.2470219978921735 	 1.1151097480942068e-08
1.2480219978921734 	 1.1160050875471769e-08
1.2490219978921733 	 1.1169004242837989e-08
1.2500219978921732 	 1.1177957583150376e-08
1.251021997892173 	 1.118691089651803e-08
1.252021997892173 	 1.119586418304953e-08
1.2530219978921728 	 1.1204817442852933e-08
1.2540219978921727 	 1.1213770676035769e-08
1.2550219978921726 	 1.1222723882705045e-08
1.2560219978921725 	 1.1231677062967257e-08
1.2570219978921724 	 1.1240630216928384e-08
1.2580219978921723 	 1.1249583344693896e-08
1.2590219978921722 	 1.1258536446368759e-08
1.260021997892172 	 1.1267489522057423e-08
1.261021997892172 	 1.127644257186385e-08
1.2620219978921718 	 1.1285395595891482e-08
1.2630219978921717 	 1.129434859424329e-08
1.2640219978921716 	 1.1303301567021729e-08
1.2650219978921715 	 1.1312254514328779e-08
1.2660219978921714 	 1.1321207436265922e-08
1.2670219978921713 	 1.1330160332934152e-08
1.2680219978921712 	 1.1339113204433992e-08
1.269021997892171 	 1.1348066050865478e-08
1.270021997892171 	 1.135701887232816e-08
1.2710219978921709 	 1.1365971668921134e-08
1.2720219978921707 	 1.1374924440743001e-08
1.2730219978921706 	 1.1383877187891906e-08
1.2740219978921705 	 1.1392829910465522e-08
1.2750219978921704 	 1.1401782608561065e-08
1.2760219978921703 	 1.1410735282275277e-08
1.2770219978921702 	 1.1419687931704447e-08
1.27802199789217 	 1.1428640556944413e-08
1.27902199789217 	 1.143759315809055e-08
1.2800219978921699 	 1.1446545735237784e-08
1.2810219978921698 	 1.1455498288480594e-08
1.2820219978921696 	 1.1464450817913007e-08
1.2830219978921695 	 1.1473403323628615e-08
1.2840219978921694 	 1.1482355805720557e-08
1.2850219978921693 	 1.1491308264281543e-08
1.2860219978921692 	 1.150026069940384e-08
1.287021997892169 	 1.150921311117928e-08
1.288021997892169 	 1.1518165499699266e-08
1.2890219978921689 	 1.1527117865054773e-08
1.2900219978921688 	 1.1536070207336342e-08
1.2910219978921686 	 1.154502252663409e-08
1.2920219978921685 	 1.1553974823037722e-08
1.2930219978921684 	 1.1562927096636507e-08
1.2940219978921683 	 1.1571879347519308e-08
1.2950219978921682 	 1.1580831575774565e-08
1.296021997892168 	 1.158978378149031e-08
1.297021997892168 	 1.1598735964754155e-08
1.2980219978921679 	 1.1607688125653313e-08
1.2990219978921678 	 1.1616640264274586e-08
1.3000219978921677 	 1.1625592380704368e-08
1.3010219978921675 	 1.163454447502866e-08
1.3020219978921674 	 1.164349654733305e-08
1.3030219978921673 	 1.1652448597702736e-08
1.3040219978921672 	 1.166140062622252e-08
1.305021997892167 	 1.167035263297681e-08
1.306021997892167 	 1.1679304618049623e-08
1.3070219978921669 	 1.168825658152458e-08
1.3080219978921668 	 1.1697208523484919e-08
1.3090219978921667 	 1.1706160444013498e-08
1.3100219978921666 	 1.1715112343192791e-08
1.3110219978921664 	 1.1724064221104875e-08
1.3120219978921663 	 1.1733016077831469e-08
1.3130219978921662 	 1.1741967913453902e-08
1.3140219978921661 	 1.1750919728053135e-08
1.315021997892166 	 1.1759871521709752e-08
1.316021997892166 	 1.1768823294503963e-08
1.3170219978921658 	 1.1777775046515619e-08
1.3180219978921657 	 1.1786726777824198e-08
1.3190219978921656 	 1.1795678488508804e-08
1.3200219978921655 	 1.1804630178648199e-08
1.3210219978921653 	 1.1813581848320764e-08
1.3220219978921652 	 1.1822533497604534e-08
1.3230219978921651 	 1.1831485126577177e-08
1.324021997892165 	 1.184043673531601e-08
1.325021997892165 	 1.1849388323898003e-08
1.3260219978921648 	 1.1858339892399764e-08
1.3270219978921647 	 1.1867291440897553e-08
1.3280219978921646 	 1.1876242969467286e-08
1.3290219978921645 	 1.1885194478184533e-08
1.3300219978921644 	 1.189414596712452e-08
1.3310219978921642 	 1.1903097436362126e-08
1.3320219978921641 	 1.1912048885971894e-08
1.333021997892164 	 1.192100031602803e-08
1.334021997892164 	 1.1929951726604393e-08
1.3350219978921638 	 1.1938903117774519e-08
1.3360219978921637 	 1.1947854489611608e-08
1.3370219978921636 	 1.195680584218852e-08
1.3380219978921635 	 1.1965757175577795e-08
1.3390219978921634 	 1.1974708489851645e-08
1.3400219978921633 	 1.1983659785081946e-08
1.3410219978921631 	 1.1992611061340257e-08
1.342021997892163 	 1.2001562318697814e-08
1.343021997892163 	 1.2010513557225529e-08
1.3440219978921628 	 1.2019464776993997e-08
1.3450219978921627 	 1.2028415978073494e-08
1.3460219978921626 	 1.2037367160533976e-08
1.3470219978921625 	 1.2046318324445094e-08
1.3480219978921624 	 1.2055269469876184e-08
1.3490219978921623 	 1.2064220596896253e-08
1.3500219978921622 	 1.2073171705574025e-08
1.351021997892162 	 1.20821227959779e-08
1.352021997892162 	 1.2091073868175977e-08
1.3530219978921618 	 1.210002492223605e-08
1.3540219978921617 	 1.2108975958225602e-08
1.3550219978921616 	 1.2117926976211827e-08
1.3560219978921615 	 1.2126877976261611e-08
1.3570219978921614 	 1.2135828958441548e-08
1.3580219978921613 	 1.2144779922817923e-08
1.3590219978921612 	 1.2153730869456739e-08
1.360021997892161 	 1.2162681798423697e-08
1.361021997892161 	 1.2171632709784212e-08
1.3620219978921608 	 1.21805836036034e-08
1.3630219978921607 	 1.2189534479946094e-08
1.3640219978921606 	 1.2198485338876842e-08
1.3650219978921605 	 1.2207436180459898e-08
1.3660219978921604 	 1.2216387004759234e-08
1.3670219978921603 	 1.222533781183854e-08
1.3680219978921602 	 1.2234288601761225e-08
1.36902199789216 	 1.2243239374590416e-08
1.37002199789216 	 1.225219013038896e-08
1.3710219978921598 	 1.226114086921943e-08
1.3720219978921597 	 1.2270091591144118e-08
1.3730219978921596 	 1.227904229622505e-08
1.3740219978921595 	 1.2287992984523962e-08
1.3750219978921594 	 1.229694365610234e-08
1.3760219978921593 	 1.2305894311021385e-08
1.3770219978921592 	 1.2314844949342032e-08
1.378021997892159 	 1.2323795571124947e-08
1.379021997892159 	 1.2332746176430538e-08
1.3800219978921588 	 1.2341696765318939e-08
1.3810219978921587 	 1.235064733785002e-08
1.3820219978921586 	 1.2359597894083396e-08
1.3830219978921585 	 1.2368548434078417e-08
1.3840219978921584 	 1.2377498957894173e-08
1.3850219978921583 	 1.2386449465589497e-08
1.3860219978921582 	 1.239539995722296e-08
1.387021997892158 	 1.240435043285289e-08
1.388021997892158 	 1.2413300892537352e-08
1.3890219978921579 	 1.2422251336334154e-08
1.3900219978921577 	 1.2431201764300862e-08
1.3910219978921576 	 1.244015217649478e-08
1.3920219978921575 	 1.244910257297298e-08
1.3930219978921574 	 1.2458052953792263e-08
1.3940219978921573 	 1.2467003319009206e-08
1.3950219978921572 	 1.2475953668680123e-08
1.396021997892157 	 1.2484904002861105e-08
1.397021997892157 	 1.2493854321607972e-08
1.3980219978921569 	 1.2502804624976323e-08
1.3990219978921568 	 1.2511754913021513e-08
1.4000219978921566 	 1.2520705185798654e-08
1.4010219978921565 	 1.2529655443362617e-08
1.4020219978921564 	 1.2538605685768044e-08
1.4030219978921563 	 1.2547555913069338e-08
1.4040219978921562 	 1.2556506125320671e-08
1.405021997892156 	 1.2565456322575971e-08
1.406021997892156 	 1.2574406504888948e-08
1.4070219978921559 	 1.2583356672313068e-08
1.4080219978921558 	 1.2592306824901577e-08
1.4090219978921557 	 1.2601256962707491e-08
1.4100219978921555 	 1.2610207085783591e-08
1.4110219978921554 	 1.2619157194182436e-08
1.4120219978921553 	 1.2628107287956374e-08
1.4130219978921552 	 1.2637057367157496e-08
1.414021997892155 	 1.2646007431837707e-08
1.415021997892155 	 1.2654957482048662e-08
1.4160219978921549 	 1.2663907517841811e-08
1.4170219978921548 	 1.267285753926838e-08
1.4180219978921547 	 1.2681807546379376e-08
1.4190219978921546 	 1.2690757539225586e-08
1.4200219978921544 	 1.2699707517857586e-08
1.4210219978921543 	 1.2708657482325731e-08
1.4220219978921542 	 1.2717607432680166e-08
1.4230219978921541 	 1.2726557368970824e-08
1.424021997892154 	 1.2735507291247422e-08
1.425021997892154 	 1.2744457199559468e-08
1.4260219978921538 	 1.2753407093956255e-08
1.4270219978921537 	 1.276235697448688e-08
1.4280219978921536 	 1.2771306841200214e-08
1.4290219978921535 	 1.278025669414494e-08
1.4300219978921533 	 1.278920653336952e-08
1.4310219978921532 	 1.2798156358922219e-08
1.4320219978921531 	 1.2807106170851096e-08
1.433021997892153 	 1.2816055969204003e-08
1.434021997892153 	 1.2825005754028601e-08
1.4350219978921528 	 1.2833955525372343e-08
1.4360219978921527 	 1.2842905283282476e-08
1.4370219978921526 	 1.2851855027806067e-08
1.4380219978921525 	 1.2860804758989958e-08
1.4390219978921523 	 1.2869754476880821e-08
1.4400219978921522 	 1.2878704181525112e-08
1.4410219978921521 	 1.2887653872969106e-08
1.442021997892152 	 1.2896603551258874e-08
1.443021997892152 	 1.2905553216440302e-08
1.4440219978921518 	 1.2914502868559077e-08
1.4450219978921517 	 1.2923452507660698e-08
1.4460219978921516 	 1.293240213379047e-08
1.4470219978921515 	 1.2941351746993516e-08
1.4480219978921514 	 1.2950301347314773e-08
1.4490219978921512 	 1.2959250934798968e-08
1.4500219978921511 	 1.296820050949067e-08
1.451021997892151 	 1.2977150071434245e-08
1.452021997892151 	 1.2986099620673882e-08
1.4530219978921508 	 1.2995049157253578e-08
1.4540219978921507 	 1.3003998681217157e-08
1.4550219978921506 	 1.301294819260825e-08
1.4560219978921505 	 1.3021897691470322e-08
1.4570219978921504 	 1.303084717784664e-08
1.4580219978921503 	 1.3039796651780308e-08
1.4590219978921501 	 1.304874611331423e-08
1.46002199789215 	 1.305769556249116e-08
1.46102199789215 	 1.3066644999353652e-08
1.4620219978921498 	 1.3075594423944097e-08
1.4630219978921497 	 1.3084543836304705e-08
1.4640219978921496 	 1.3093493236477514e-08
1.4650219978921495 	 1.3102442624504386e-08
1.4660219978921494 	 1.3111392000427014e-08
1.4670219978921493 	 1.3120341364286914e-08
1.4680219978921492 	 1.312929071612544e-08
1.469021997892149 	 1.3138240055983766e-08
1.470021997892149 	 1.3147189383902901e-08
1.4710219978921488 	 1.3156138699923684e-08
1.4720219978921487 	 1.3165088004086792e-08
1.4730219978921486 	 1.3174037296432727e-08
1.4740219978921485 	 1.3182986577001828e-08
1.4750219978921484 	 1.319193584583427e-08
1.4760219978921483 	 1.3200885102970066e-08
1.4770219978921482 	 1.3209834348449056e-08
1.478021997892148 	 1.3218783582310929e-08
1.479021997892148 	 1.3227732804595199e-08
1.4800219978921478 	 1.323668201534123e-08
1.4810219978921477 	 1.3245631214588222e-08
1.4820219978921476 	 1.3254580402375203e-08
1.4830219978921475 	 1.3263529578741067e-08
1.4840219978921474 	 1.3272478743724529e-08
1.4850219978921473 	 1.3281427897364147e-08
1.4860219978921472 	 1.3290377039698338e-08
1.487021997892147 	 1.3299326170765343e-08
1.488021997892147 	 1.3308275290603265e-08
1.4890219978921468 	 1.3317224399250043e-08
1.4900219978921467 	 1.3326173496743458e-08
1.4910219978921466 	 1.3335122583121149e-08
1.4920219978921465 	 1.3344071658420595e-08
1.4930219978921464 	 1.3353020722679127e-08
1.4940219978921463 	 1.3361969775933926e-08
1.4950219978921462 	 1.3370918818222011e-08
1.496021997892146 	 1.3379867849580267e-08
1.497021997892146 	 1.3388816870045422e-08
1.4980219978921459 	 1.3397765879654059e-08
1.4990219978921457 	 1.3406714878442607e-08
1.5000219978921456 	 1.3415663866447362e-08
1.5010219978921455 	 1.3424612843704452e-08
1.5020219978921454 	 1.3433561810249885e-08
1.5030219978921453 	 1.3442510766119504e-08
1.5040219978921452 	 1.345145971134902e-08
1.505021997892145 	 1.3460408645973993e-08
1.506021997892145 	 1.3469357570029848e-08
1.5070219978921449 	 1.3478306483551858e-08
1.5080219978921447 	 1.3487255386575167e-08
1.5090219978921446 	 1.349620427913476e-08
1.5100219978921445 	 1.3505153161265508e-08
1.5110219978921444 	 1.351410203300212e-08
1.5120219978921443 	 1.3523050894379176e-08
1.5130219978921442 	 1.353199974543111e-08
1.514021997892144 	 1.3540948586192235e-08
1.515021997892144 	 1.354989741669671e-08
1.5160219978921439 	 1.3558846236978568e-08
1.5170219978921438 	 1.3567795047071702e-08
1.5180219978921436 	 1.357674384700987e-08
1.5190219978921435 	 1.35856926368267e-08
1.5200219978921434 	 1.3594641416555681e-08
1.5210219978921433 	 1.3603590186230171e-08
1.5220219978921432 	 1.3612538945883399e-08
1.523021997892143 	 1.3621487695548455e-08
1.524021997892143 	 1.36304364352583e-08
1.5250219978921429 	 1.3639385165045777e-08
1.5260219978921428 	 1.3648333884943572e-08
1.5270219978921427 	 1.3657282594984271e-08
1.5280219978921425 	 1.3666231295200315e-08
1.5290219978921424 	 1.3675179985624016e-08
1.5300219978921423 	 1.3684128666287564e-08
1.5310219978921422 	 1.3693077337223024e-08
1.532021997892142 	 1.3702025998462323e-08
1.533021997892142 	 1.3710974650037275e-08
1.5340219978921419 	 1.3719923291979564e-08
1.5350219978921418 	 1.3728871924320748e-08
1.5360219978921417 	 1.3737820547092262e-08
1.5370219978921416 	 1.3746769160325413e-08
1.5380219978921414 	 1.3755717764051396e-08
1.5390219978921413 	 1.3764666358301272e-08
1.5400219978921412 	 1.377361494310599e-08
1.5410219978921411 	 1.3782563518496366e-08
1.542021997892141 	 1.3791512084503102e-08
1.543021997892141 	 1.3800460641156789e-08
1.5440219978921408 	 1.3809409188487879e-08
1.5450219978921407 	 1.381835772652672e-08
1.5460219978921406 	 1.3827306255303533e-08
1.5470219978921405 	 1.3836254774848424e-08
1.5480219978921403 	 1.3845203285191385e-08
1.5490219978921402 	 1.385415178636229e-08
1.5500219978921401 	 1.3863100278390888e-08
1.55102199789214 	 1.3872048761306824e-08
1.55202199789214 	 1.3880997235139616e-08
1.5530219978921398 	 1.3889945699918678e-08
1.5540219978921397 	 1.3898894155673309e-08
1.5550219978921396 	 1.3907842602432681e-08
1.5560219978921395 	 1.3916791040225867e-08
1.5570219978921394 	 1.392573946908182e-08
1.5580219978921392 	 1.393468788902939e-08
1.5590219978921391 	 1.3943636300097298e-08
1.560021997892139 	 1.395258470231417e-08
1.561021997892139 	 1.3961533095708512e-08
1.5620219978921388 	 1.3970481480308729e-08
1.5630219978921387 	 1.3979429856143108e-08
1.5640219978921386 	 1.398837822323982e-08
1.5650219978921385 	 1.3997326581626943e-08
1.5660219978921384 	 1.4006274931332442e-08
1.5670219978921383 	 1.4015223272384177e-08
1.5680219978921381 	 1.4024171604809884e-08
1.569021997892138 	 1.4033119928637207e-08
1.570021997892138 	 1.4042068243893687e-08
1.5710219978921378 	 1.405101655060675e-08
1.5720219978921377 	 1.4059964848803713e-08
1.5730219978921376 	 1.4068913138511803e-08
1.5740219978921375 	 1.4077861419758133e-08
1.5750219978921374 	 1.4086809692569709e-08
1.5760219978921373 	 1.4095757956973436e-08
1.5770219978921372 	 1.410470621299613e-08
1.578021997892137 	 1.411365446066448e-08
1.579021997892137 	 1.412260270000509e-08
1.5800219978921368 	 1.4131550931044454e-08
1.5810219978921367 	 1.4140499153808969e-08
1.5820219978921366 	 1.4149447368324933e-08
1.5830219978921365 	 1.4158395574618544e-08
1.5840219978921364 	 1.4167343772715885e-08
1.5850219978921363 	 1.4176291962642963e-08
1.5860219978921362 	 1.4185240144425672e-08
1.587021997892136 	 1.4194188318089806e-08
1.588021997892136 	 1.4203136483661074e-08
1.5890219978921358 	 1.4212084641165067e-08
1.5900219978921357 	 1.4221032790627298e-08
1.5910219978921356 	 1.4229980932073173e-08
1.5920219978921355 	 1.4238929065528004e-08
1.5930219978921354 	 1.4247877191017007e-08
1.5940219978921353 	 1.4256825308565305e-08
1.5950219978921352 	 1.426577341819792e-08
1.596021997892135 	 1.4274721519939784e-08
1.597021997892135 	 1.4283669613815734e-08
1.5980219978921348 	 1.4292617699850513e-08
1.5990219978921347 	 1.4301565778068769e-08
1.6000219978921346 	 1.4310513848495059e-08
1.6010219978921345 	 1.4319461911153846e-08
1.6020219978921344 	 1.4328409966069502e-08
1.6030219978921343 	 1.4337358013266304e-08
1.6040219978921342 	 1.4346306052768445e-08
1.605021997892134 	 1.4355254084600021e-08
1.606021997892134 	 1.4364202108785037e-08
1.6070219978921338 	 1.4373150125347407e-08
1.6080219978921337 	 1.4382098134310966e-08
1.6090219978921336 	 1.4391046135699439e-08
1.6100219978921335 	 1.4399994129536485e-08
1.6110219978921334 	 1.4408942115845657e-08
1.6120219978921333 	 1.4417890094650435e-08
1.6130219978921332 	 1.4426838065974187e-08
1.614021997892133 	 1.4435786029840225e-08
1.615021997892133 	 1.4444733986271747e-08
1.6160219978921329 	 1.4453681935291884e-08
1.6170219978921327 	 1.4462629876923667e-08
1.6180219978921326 	 1.4471577811190046e-08
1.6190219978921325 	 1.4480525738113882e-08
1.6200219978921324 	 1.4489473657717964e-08
1.6210219978921323 	 1.4498421570024974e-08
1.6220219978921322 	 1.4507369475057532e-08
1.623021997892132 	 1.451631737283816e-08
1.624021997892132 	 1.45252652633893e-08
1.6250219978921319 	 1.4534213146733312e-08
1.6260219978921318 	 1.4543161022892467e-08
1.6270219978921316 	 1.4552108891888967e-08
1.6280219978921315 	 1.4561056753744913e-08
1.6290219978921314 	 1.4570004608482336e-08
1.6300219978921313 	 1.4578952456123188e-08
1.6310219978921312 	 1.4587900296689331e-08
1.632021997892131 	 1.459684813020255e-08
1.633021997892131 	 1.4605795956684555e-08
1.6340219978921309 	 1.4614743776156962e-08
1.6350219978921308 	 1.4623691588641325e-08
1.6360219978921307 	 1.46326393941591e-08
1.6370219978921305 	 1.4641587192731677e-08
1.6380219978921304 	 1.4650534984380364e-08
1.6390219978921303 	 1.4659482769126388e-08
1.6400219978921302 	 1.4668430546990896e-08
1.64102199789213 	 1.4677378317994971e-08
1.64202199789213 	 1.46863260821596e-08
1.6430219978921299 	 1.4695273839505706e-08
1.6440219978921298 	 1.4704221590054124e-08
1.6450219978921297 	 1.471316933382562e-08
1.6460219978921296 	 1.4722117070840888e-08
1.6470219978921294 	 1.4731064801120539e-08
1.6480219978921293 	 1.4740012524685112e-08
1.6490219978921292 	 1.474896024155506e-08
1.650021997892129 	 1.475790795175078e-08
1.651021997892129 	 1.4766855655292581e-08
1.652021997892129 	 1.4775803352200705e-08
1.6530219978921288 	 1.478475104249531e-08
1.6540219978921287 	 1.4793698726196496e-08
1.6550219978921286 	 1.4802646403324272e-08
1.6560219978921285 	 1.4811594073898587e-08
1.6570219978921283 	 1.4820541737939316e-08
1.6580219978921282 	 1.4829489395466258e-08
1.6590219978921281 	 1.4838437046499138e-08
1.660021997892128 	 1.4847384691057616e-08
1.661021997892128 	 1.485633232916127e-08
1.6620219978921278 	 1.486527996082962e-08
1.6630219978921277 	 1.487422758608211e-08
1.6640219978921276 	 1.4883175204938106e-08
1.6650219978921275 	 1.4892122817416915e-08
1.6660219978921273 	 1.4901070423537767e-08
1.6670219978921272 	 1.4910018023319824e-08
1.6680219978921271 	 1.491896561678218e-08
1.669021997892127 	 1.4927913203943867e-08
1.670021997892127 	 1.493686078482383e-08
1.6710219978921268 	 1.494580835944095e-08
1.6720219978921267 	 1.4954755927814064e-08
1.6730219978921266 	 1.4963703489961916e-08
1.6740219978921265 	 1.4972651045903183e-08
1.6750219978921264 	 1.4981598595656487e-08
1.6760219978921262 	 1.4990546139240377e-08
1.6770219978921261 	 1.499949367667333e-08
1.678021997892126 	 1.500844120797377e-08
1.679021997892126 	 1.5017388733160044e-08
1.6800219978921258 	 1.502633625225043e-08
1.6810219978921257 	 1.5035283765263152e-08
1.6820219978921256 	 1.504423127221636e-08
1.6830219978921255 	 1.505317877312814e-08
1.6840219978921254 	 1.5062126268016527e-08
1.6850219978921253 	 1.5071073756899463e-08
1.6860219978921251 	 1.5080021239794855e-08
1.687021997892125 	 1.508896871672052e-08
1.688021997892125 	 1.5097916187694236e-08
1.6890219978921248 	 1.51068636527337e-08
1.6900219978921247 	 1.5115811111856554e-08
1.6910219978921246 	 1.5124758565080373e-08
1.6920219978921245 	 1.513370601242267e-08
1.6930219978921244 	 1.5142653453900903e-08
1.6940219978921243 	 1.5151600889532455e-08
1.6950219978921242 	 1.5160548319334654e-08
1.696021997892124 	 1.5169495743324768e-08
1.697021997892124 	 1.5178443161520002e-08
1.6980219978921238 	 1.5187390573937492e-08
1.6990219978921237 	 1.5196337980594334e-08
1.7000219978921236 	 1.5205285381507545e-08
1.7010219978921235 	 1.521423277669408e-08
1.7020219978921234 	 1.5223180166170842e-08
1.7030219978921233 	 1.5232127549954678e-08
1.7040219978921232 	 1.5241074928062367e-08
1.705021997892123 	 1.5250022300510628e-08
1.706021997892123 	 1.5258969667316135e-08
1.7070219978921228 	 1.526791702849548e-08
1.7080219978921227 	 1.5276864384065214e-08
1.7090219978921226 	 1.5285811734041824e-08
1.7100219978921225 	 1.5294759078441744e-08
1.7110219978921224 	 1.5303706417281343e-08
1.7120219978921223 	 1.5312653750576926e-08
1.7130219978921222 	 1.532160107834476e-08
1.714021997892122 	 1.5330548400601038e-08
1.715021997892122 	 1.5339495717361906e-08
1.7160219978921218 	 1.534844302864345e-08
1.7170219978921217 	 1.5357390334461684e-08
1.7180219978921216 	 1.5366337634832604e-08
1.7190219978921215 	 1.5375284929772113e-08
1.7200219978921214 	 1.5384232219296068e-08
1.7210219978921213 	 1.5393179503420283e-08
1.7220219978921212 	 1.5402126782160502e-08
1.723021997892121 	 1.5411074055532425e-08
1.724021997892121 	 1.542002132355169e-08
1.7250219978921209 	 1.542896858623387e-08
1.7260219978921207 	 1.5437915843594515e-08
1.7270219978921206 	 1.5446863095649083e-08
1.7280219978921205 	 1.545581034241301e-08
1.7290219978921204 	 1.5464757583901654e-08
1.7300219978921203 	 1.547370482013034e-08
1.7310219978921202 	 1.5482652051114318e-08
1.73202199789212 	 1.5491599276868804e-08
1.73302199789212 	 1.5500546497408953e-08
1.7340219978921199 	 1.5509493712749864e-08
1.7350219978921197 	 1.5518440922906594e-08
1.7360219978921196 	 1.5527388127894125e-08
1.7370219978921195 	 1.5536335327727425e-08
1.7380219978921194 	 1.5545282522421373e-08
1.7390219978921193 	 1.5554229711990807e-08
1.7400219978921192 	 1.556317689645053e-08
1.741021997892119 	 1.5572124075815274e-08
1.742021997892119 	 1.5581071250099734e-08
1.7430219978921189 	 1.559001841931854e-08
1.7440219978921188 	 1.559896558348628e-08
1.7450219978921186 	 1.5607912742617497e-08
1.7460219978921185 	 1.5616859896726674e-08
1.7470219978921184 	 1.562580704582824e-08
1.7480219978921183 	 1.56347541899366e-08
1.7490219978921182 	 1.5643701329066068e-08
1.750021997892118 	 1.5652648463230948e-08
1.751021997892118 	 1.5661595592445467e-08
1.7520219978921179 	 1.5670542716723825e-08
1.7530219978921178 	 1.5679489836080157e-08
1.7540219978921177 	 1.5688436950528556e-08
1.7550219978921175 	 1.5697384060083063e-08
1.7560219978921174 	 1.5706331164757674e-08
1.7570219978921173 	 1.5715278264566335e-08
1.7580219978921172 	 1.572422535952295e-08
1.759021997892117 	 1.5733172449641366e-08
1.760021997892117 	 1.574211953493539e-08
1.7610219978921169 	 1.575106661541878e-08
1.7620219978921168 	 1.5760013691105244e-08
1.7630219978921167 	 1.576896076200844e-08
1.7640219978921166 	 1.577790782814199e-08
1.7650219978921164 	 1.5786854889519466e-08
1.7660219978921163 	 1.5795801946154385e-08
1.7670219978921162 	 1.5804748998060226e-08
1.7680219978921161 	 1.581369604525042e-08
1.769021997892116 	 1.5822643087738354e-08
1.770021997892116 	 1.5831590125537368e-08
1.7710219978921158 	 1.5840537158660753e-08
1.7720219978921157 	 1.5849484187121768e-08
1.7730219978921156 	 1.5858431210933608e-08
1.7740219978921155 	 1.586737823010943e-08
1.7750219978921153 	 1.5876325244662354e-08
1.7760219978921152 	 1.5885272254605442e-08
1.7770219978921151 	 1.5894219259951735e-08
1.778021997892115 	 1.59031662607142e-08
1.779021997892115 	 1.5912113256905785e-08
1.7800219978921148 	 1.5921060248539375e-08
1.7810219978921147 	 1.5930007235627824e-08
1.7820219978921146 	 1.5938954218183938e-08
1.7830219978921145 	 1.5947901196220476e-08
1.7840219978921144 	 1.5956848169750167e-08
1.7850219978921142 	 1.5965795138785683e-08
1.7860219978921141 	 1.5974742103339657e-08
1.787021997892114 	 1.598368906342468e-08
1.788021997892114 	 1.5992636019053304e-08
1.7890219978921138 	 1.6001582970238038e-08
1.7900219978921137 	 1.601052991699134e-08
1.7910219978921136 	 1.6019476859325634e-08
1.7920219978921135 	 1.6028423797253306e-08
1.7930219978921134 	 1.6037370730786697e-08
1.7940219978921133 	 1.6046317659938095e-08
1.7950219978921131 	 1.6055264584719763e-08
1.796021997892113 	 1.6064211505143912e-08
1.797021997892113 	 1.6073158421222723e-08
1.7980219978921128 	 1.6082105332968326e-08
1.7990219978921127 	 1.6091052240392816e-08
1.8000219978921126 	 1.6099999143508244e-08
1.8010219978921125 	 1.610894604232662e-08
1.8020219978921124 	 1.6117892936859912e-08
1.8030219978921123 	 1.612683982712006e-08
1.8040219978921122 	 1.6135786713118955e-08
1.805021997892112 	 1.6144733594868447e-08
1.806021997892112 	 1.615368047238035e-08
1.8070219978921118 	 1.616262734566643e-08
1.8080219978921117 	 1.6171574214738434e-08
1.8090219978921116 	 1.6180521079608045e-08
1.8100219978921115 	 1.6189467940286927e-08
1.8110219978921114 	 1.6198414796786695e-08
1.8120219978921113 	 1.6207361649118925e-08
1.8130219978921112 	 1.621630849729516e-08
1.814021997892111 	 1.6225255341326895e-08
1.815021997892111 	 1.6234202181225604e-08
1.8160219978921108 	 1.62431490170027e-08
1.8170219978921107 	 1.6252095848669583e-08
1.8180219978921106 	 1.6261042676237597e-08
1.8190219978921105 	 1.6269989499718048e-08
1.8200219978921104 	 1.6278936319122223e-08
1.8210219978921103 	 1.628788313446135e-08
1.8220219978921102 	 1.6296829945746632e-08
1.82302199789211 	 1.630577675298923e-08
1.82402199789211 	 1.6314723556200272e-08
1.8250219978921098 	 1.6323670355390853e-08
1.8260219978921097 	 1.633261715057201e-08
1.8270219978921096 	 1.6341563941754777e-08
1.8280219978921095 	 1.6350510728950127e-08
1.8290219978921094 	 1.6359457512168998e-08
1.8300219978921093 	 1.6368404291422302e-08
1.8310219978921092 	 1.6377351066720915e-08
1.832021997892109 	 1.638629783807567e-08
1.833021997892109 	 1.6395244605497364e-08
1.8340219978921088 	 1.6404191368996765e-08
1.8350219978921087 	 1.64131381285846e-08
1.8360219978921086 	 1.6422084884271573e-08
1.8370219978921085 	 1.6431031636068334e-08
1.8380219978921084 	 1.6439978383985505e-08
1.8390219978921083 	 1.6448925128033682e-08
1.8400219978921082 	 1.6457871868223418e-08
1.841021997892108 	 1.646681860456523e-08
1.842021997892108 	 1.647576533706961e-08
1.8430219978921079 	 1.6484712065747e-08
1.8440219978921077 	 1.649365879060783e-08
1.8450219978921076 	 1.650260551166247e-08
1.8460219978921075 	 1.651155222892128e-08
1.8470219978921074 	 1.6520498942394572e-08
1.8480219978921073 	 1.652944565209262e-08
1.8490219978921072 	 1.6538392358025684e-08
1.850021997892107 	 1.6547339060203973e-08
1.851021997892107 	 1.6556285758637672e-08
1.8520219978921069 	 1.656523245333693e-08
1.8530219978921068 	 1.6574179144311856e-08
1.8540219978921066 	 1.658312583157254e-08
1.8550219978921065 	 1.6592072515129023e-08
1.8560219978921064 	 1.6601019194991332e-08
1.8570219978921063 	 1.6609965871169452e-08
1.8580219978921062 	 1.6618912543673328e-08
1.859021997892106 	 1.6627859212512883e-08
1.860021997892106 	 1.6636805877698008e-08
1.8610219978921059 	 1.6645752539238554e-08
1.8620219978921058 	 1.665469919714435e-08
1.8630219978921057 	 1.6663645851425183e-08
1.8640219978921055 	 1.667259250209082e-08
1.8650219978921054 	 1.6681539149150983e-08
1.8660219978921053 	 1.6690485792615373e-08
1.8670219978921052 	 1.669943243249366e-08
1.868021997892105 	 1.6708379068795475e-08
1.869021997892105 	 1.6717325701530423e-08
1.8700219978921049 	 1.6726272330708074e-08
1.8710219978921048 	 1.6735218956337977e-08
1.8720219978921047 	 1.6744165578429635e-08
1.8730219978921046 	 1.6753112196992537e-08
1.8740219978921044 	 1.6762058812036127e-08
1.8750219978921043 	 1.6771005423569833e-08
1.8760219978921042 	 1.6779952031603037e-08
1.877021997892104 	 1.6788898636145106e-08
1.878021997892104 	 1.679784523720536e-08
1.879021997892104 	 1.6806791834793105e-08
1.8800219978921038 	 1.681573842891761e-08
1.8810219978921037 	 1.6824685019588116e-08
1.8820219978921036 	 1.6833631606813833e-08
1.8830219978921034 	 1.684257819060394e-08
1.8840219978921033 	 1.6851524770967593e-08
1.8850219978921032 	 1.686047134791391e-08
1.8860219978921031 	 1.686941792145199e-08
1.887021997892103 	 1.687836449159089e-08
1.888021997892103 	 1.6887311058339647e-08
1.8890219978921028 	 1.6896257621707275e-08
1.8900219978921027 	 1.6905204181702742e-08
1.8910219978921026 	 1.6914150738335002e-08
1.8920219978921025 	 1.692309729161298e-08
1.8930219978921023 	 1.693204384154556e-08
1.8940219978921022 	 1.694099038814161e-08
1.8950219978921021 	 1.6949936931409968e-08
1.896021997892102 	 1.6958883471359435e-08
1.897021997892102 	 1.6967830007998796e-08
1.8980219978921018 	 1.6976776541336806e-08
1.8990219978921017 	 1.698572307138218e-08
1.9000219978921016 	 1.6994669598143626e-08
1.9010219978921015 	 1.70036161216298e-08
1.9020219978921014 	 1.701256264184935e-08
1.9030219978921012 	 1.7021509158810896e-08
1.9040219978921011 	 1.703045567252301e-08
1.905021997892101 	 1.7039402182994262e-08
1.906021997892101 	 1.704834869023319e-08
1.9070219978921008 	 1.7057295194248286e-08
1.9080219978921007 	 1.7066241695048035e-08
1.9090219978921006 	 1.707518819264089e-08
1.9100219978921005 	 1.7084134687035278e-08
1.9110219978921004 	 1.709308117823959e-08
1.9120219978921003 	 1.710202766626221e-08
1.9130219978921001 	 1.7110974151111474e-08
1.9140219978921 	 1.71199206327957e-08
1.9150219978921 	 1.7128867111323196e-08
1.9160219978920998 	 1.7137813586702213e-08
1.9170219978920997 	 1.7146760058941e-08
1.9180219978920996 	 1.7155706528047774e-08
1.9190219978920995 	 1.7164652994030718e-08
1.9200219978920994 	 1.7173599456898006e-08
1.9210219978920993 	 1.7182545916657765e-08
1.9220219978920992 	 1.7191492373318118e-08
1.923021997892099 	 1.720043882688714e-08
1.924021997892099 	 1.720938527737291e-08
1.9250219978920988 	 1.7218331724783453e-08
1.9260219978920987 	 1.7227278169126783e-08
1.9270219978920986 	 1.7236224610410887e-08
1.9280219978920985 	 1.7245171048643724e-08
1.9290219978920984 	 1.7254117483833238e-08
1.9300219978920983 	 1.7263063915987336e-08
1.9310219978920982 	 1.7272010345113907e-08
1.932021997892098 	 1.728095677122081e-08
1.933021997892098 	 1.728990319431589e-08
1.9340219978920978 	 1.7298849614406955e-08
1.9350219978920977 	 1.73077960315018e-08
1.9360219978920976 	 1.7316742445608184e-08
1.9370219978920975 	 1.732568885673385e-08
1.9380219978920974 	 1.7334635264886514e-08
1.9390219978920973 	 1.734358167007388e-08
1.9400219978920972 	 1.7352528072303604e-08
1.941021997892097 	 1.736147447158333e-08
1.942021997892097 	 1.7370420867920695e-08
1.9430219978920968 	 1.7379367261323287e-08
1.9440219978920967 	 1.7388313651798676e-08
1.9450219978920966 	 1.7397260039354418e-08
1.9460219978920965 	 1.7406206423998045e-08
1.9470219978920964 	 1.7415152805737053e-08
1.9480219978920963 	 1.742409918457893e-08
1.9490219978920962 	 1.743304556053113e-08
1.950021997892096 	 1.744199193360109e-08
1.951021997892096 	 1.7450938303796227e-08
1.9520219978920959 	 1.7459884671123912e-08
1.9530219978920957 	 1.7468831035591532e-08
1.9540219978920956 	 1.7477777397206424e-08
1.9550219978920955 	 1.74867237559759e-08
1.9560219978920954 	 1.7495670111907274e-08
1.9570219978920953 	 1.750461646500781e-08
1.9580219978920952 	 1.751356281528476e-08
1.959021997892095 	 1.752250916274537e-08
1.960021997892095 	 1.7531455507396836e-08
1.9610219978920949 	 1.754040184924635e-08
1.9620219978920947 	 1.7549348188301074e-08
1.9630219978920946 	 1.755829452456815e-08
1.9640219978920945 	 1.7567240858054707e-08
1.9650219978920944 	 1.7576187188767832e-08
1.9660219978920943 	 1.7585133516714616e-08
1.9670219978920942 	 1.7594079841902105e-08
1.968021997892094 	 1.760302616433733e-08
1.969021997892094 	 1.761197248402732e-08
1.9700219978920939 	 1.7620918800979044e-08
1.9710219978920938 	 1.762986511519949e-08
1.9720219978920936 	 1.76388114266956e-08
1.9730219978920935 	 1.7647757735474296e-08
1.9740219978920934 	 1.765670404154249e-08
1.9750219978920933 	 1.7665650344907067e-08
1.9760219978920932 	 1.767459664557489e-08
1.977021997892093 	 1.768354294355281e-08
1.978021997892093 	 1.7692489238847632e-08
1.9790219978920929 	 1.7701435531466165e-08
1.9800219978920928 	 1.77103818214152e-08
1.9810219978920927 	 1.771932810870148e-08
1.9820219978920925 	 1.772827439333176e-08
1.9830219978920924 	 1.773722067531275e-08
1.9840219978920923 	 1.774616695465116e-08
1.9850219978920922 	 1.775511323135365e-08
1.986021997892092 	 1.776405950542689e-08
1.987021997892092 	 1.777300577687752e-08
1.9880219978920919 	 1.7781952045712153e-08
1.9890219978920918 	 1.7790898311937387e-08
1.9900219978920917 	 1.7799844575559805e-08
1.9910219978920916 	 1.7808790836585957e-08
1.9920219978920914 	 1.7817737095022386e-08
1.9930219978920913 	 1.782668335087561e-08
1.9940219978920912 	 1.783562960415213e-08
1.9950219978920911 	 1.784457585485842e-08
1.996021997892091 	 1.785352210300094e-08
1.997021997892091 	 1.7862468348586134e-08
1.9980219978920908 	 1.7871414591620424e-08
1.9990219978920907 	 1.7880360832110203e-08
