0.0010219978922 	 0.0
0.0020219978922 	 0.0
0.0030219978922 	 0.0
0.0040219978922 	 0.0
0.0050219978922 	 0.0
0.0060219978922 	 0.0
0.0070219978922 	 0.0
0.0080219978922 	 0.0
0.009021997892200002 	 0.0
0.010021997892200003 	 0.0
0.011021997892200004 	 0.0
0.012021997892200004 	 0.0
0.013021997892200005 	 0.0
0.014021997892200006 	 0.0
0.015021997892200007 	 0.0
0.016021997892200008 	 0.0
0.01702199789220001 	 0.0
0.01802199789220001 	 0.0
0.01902199789220001 	 0.0
0.02002199789220001 	 0.0
0.021021997892200012 	 0.0
0.022021997892200013 	 0.0
0.023021997892200014 	 0.0
0.024021997892200015 	 0.0
0.025021997892200016 	 0.0
0.026021997892200017 	 0.0
0.027021997892200018 	 0.0
0.02802199789220002 	 0.0
0.02902199789220002 	 0.0
0.03002199789220002 	 0.0
0.03102199789220002 	 0.0
0.03202199789220002 	 0.0
0.03302199789220002 	 0.0
0.03402199789220002 	 0.0
0.03502199789220002 	 0.0
0.03602199789220002 	 0.0
0.03702199789220002 	 0.0
0.038021997892200024 	 0.0
0.039021997892200025 	 0.0
0.040021997892200026 	 0.0
0.04102199789220003 	 0.0
0.04202199789220003 	 0.0
0.04302199789220003 	 0.0
0.04402199789220003 	 0.0
0.04502199789220003 	 0.0
0.04602199789220003 	 0.0
0.04702199789220003 	 0.0
0.04802199789220003 	 0.0
0.049021997892200034 	 0.0
0.050021997892200035 	 0.0
0.051021997892200036 	 0.0
0.052021997892200036 	 0.0
0.05302199789220004 	 0.0
0.05402199789220004 	 0.0
0.05502199789220004 	 0.0
0.05602199789220004 	 0.0
0.05702199789220004 	 0.0
0.05802199789220004 	 0.0
0.05902199789220004 	 0.0
0.060021997892200044 	 0.0
0.061021997892200044 	 0.0
0.062021997892200045 	 0.0
0.06302199789220005 	 0.0
0.06402199789220005 	 0.0
0.06502199789220005 	 0.0
0.06602199789220005 	 0.0
0.06702199789220005 	 0.0
0.06802199789220005 	 0.0
0.06902199789220005 	 0.0
0.07002199789220005 	 0.0
0.07102199789220005 	 0.0
0.07202199789220005 	 0.0
0.07302199789220006 	 0.0
0.07402199789220006 	 0.0
0.07502199789220006 	 0.0
0.07602199789220006 	 0.0
0.07702199789220006 	 0.0
0.07802199789220006 	 0.0
0.07902199789220006 	 0.0
0.08002199789220006 	 0.0
0.08102199789220006 	 0.0
0.08202199789220006 	 0.0
0.08302199789220006 	 0.0
0.08402199789220006 	 0.0
0.08502199789220007 	 0.0
0.08602199789220007 	 0.0
0.08702199789220007 	 0.0
0.08802199789220007 	 0.0
0.08902199789220007 	 0.0
0.09002199789220007 	 0.0
0.09102199789220007 	 0.0
0.09202199789220007 	 0.0
0.09302199789220007 	 0.0
0.09402199789220007 	 0.0
0.09502199789220007 	 0.0
0.09602199789220008 	 0.0
0.09702199789220008 	 0.0
0.09802199789220008 	 0.0
0.09902199789220008 	 0.0
0.10002199789220008 	 0.0
0.10102199789220008 	 0.0
0.10202199789220008 	 0.0
0.10302199789220008 	 0.0
0.10402199789220008 	 0.0
0.10502199789220008 	 0.0
0.10602199789220008 	 0.0
0.10702199789220009 	 0.0
0.10802199789220009 	 0.0
0.10902199789220009 	 0.0
0.11002199789220009 	 0.0
0.11102199789220009 	 0.0
0.11202199789220009 	 0.0
0.11302199789220009 	 0.0
0.11402199789220009 	 0.0
0.11502199789220009 	 0.0
0.1160219978922001 	 0.0
0.1170219978922001 	 0.0
0.1180219978922001 	 0.0
0.1190219978922001 	 0.0
0.1200219978922001 	 0.0
0.1210219978922001 	 0.0
0.1220219978922001 	 0.0
0.1230219978922001 	 0.0
0.1240219978922001 	 0.0
0.1250219978922001 	 0.0
0.1260219978922001 	 0.0
0.1270219978922001 	 0.0
0.1280219978922001 	 0.0
0.1290219978922001 	 0.0
0.1300219978922001 	 0.0
0.1310219978922001 	 0.0
0.1320219978922001 	 0.0
0.1330219978922001 	 0.0
0.1340219978922001 	 0.0
0.1350219978922001 	 0.0
0.1360219978922001 	 0.0
0.1370219978922001 	 0.0
0.1380219978922001 	 0.0
0.1390219978922001 	 0.0
0.1400219978922001 	 1.6321157270607866e-14
0.1410219978922001 	 5.37373486352818e-13
0.1420219978922001 	 2.564712595682183e-12
0.1430219978922001 	 7.091078450559092e-12
0.1440219978922001 	 1.5072886685143983e-11
0.1450219978922001 	 2.7432191250027454e-11
0.1460219978922001 	 4.5058537074407946e-11
0.1470219978922001 	 6.88107096240024e-11
0.1480219978922001 	 9.951838776587934e-11
0.1490219978922001 	 1.37983705916381e-10
0.1500219978922001 	 1.8498273104539047e-10
0.1510219978922001 	 2.4126685973682216e-10
0.1520219978922001 	 3.075641401590749e-10
0.1530219978922001 	 3.845805234780848e-10
0.1540219978922001 	 4.730010489476356e-10
0.15502199789220011 	 5.73490966634926e-10
0.15602199789220011 	 6.866968014823852e-10
0.15702199789220012 	 8.132473621678752e-10
0.15802199789220012 	 9.537546980033603e-10
0.15902199789220012 	 1.1088150069055316e-09
0.16002199789220012 	 1.2790094972796604e-09
0.16102199789220012 	 1.4649052064789519e-09
0.16202199789220012 	 1.6670557783349639e-09
0.16302199789220012 	 1.8860022020992965e-09
0.16402199789220012 	 2.1222735149920165e-09
0.16502199789220012 	 2.3763874704170583e-09
0.16602199789220012 	 2.6488511737790293e-09
0.16702199789220012 	 2.9401616877180893e-09
0.16802199789220013 	 3.2508066084697385e-09
0.16902199789220013 	 3.5812646149539104e-09
0.17002199789220013 	 3.932005992101667e-09
0.17102199789220013 	 4.303493129838383e-09
0.17202199789220013 	 4.696180999058279e-09
0.17302199789220013 	 5.110517605846939e-09
0.17402199789220013 	 5.546944425134905e-09
0.17502199789220013 	 6.005896814896746e-09
0.17602199789220013 	 6.487804411945758e-09
0.17702199789220013 	 6.993091510313932e-09
0.17802199789220013 	 7.522177423150578e-09
0.17902199789220014 	 8.075476829019636e-09
0.18002199789220014 	 8.65340010342653e-09
0.18102199789220014 	 9.256353636358246e-09
0.18202199789220014 	 9.884740136576744e-09
0.18302199789220014 	 1.0538958923365066e-08
0.18402199789220014 	 1.1219406206386314e-08
0.18502199789220014 	 1.1926475354279903e-08
0.18602199789220014 	 1.2660557152585064e-08
0.18702199789220014 	 1.342204005155004e-08
0.18802199789220014 	 1.4211310404354713e-08
0.18902199789220014 	 1.5028752696246305e-08
0.19002199789220015 	 1.5874749765061695e-08
0.19102199789220015 	 1.674968301358357e-08
0.19202199789220015 	 1.765393261415558e-08
0.19302199789220015 	 1.8587877705957742e-08
0.19402199789220015 	 1.955189658532417e-08
0.19502199789220015 	 2.054636688946372e-08
0.19602199789220015 	 2.1571665773927167e-08
0.19702199789220015 	 2.2628170084145514e-08
0.19802199789220015 	 2.3716256521348697e-08
0.19902199789220015 	 2.4836301803157704e-08
0.20002199789220015 	 2.598868281912864e-08
0.20102199789220015 	 2.7173776781513037e-08
0.20202199789220016 	 2.8391961371486374e-08
0.20302199789220016 	 2.9643614881083576e-08
0.20402199789220016 	 3.092911635106905e-08
0.20502199789220016 	 3.224884570495745e-08
0.20602199789220016 	 3.360318387939179e-08
0.20702199789220016 	 3.4992512951074055e-08
0.20802199789220016 	 3.641721626043617e-08
0.20902199789220016 	 3.787767853222831e-08
0.21002199789220016 	 3.9374285993195504e-08
0.21102199789220016 	 4.090742648700307e-08
0.21202199789220016 	 4.247748958656626e-08
0.21302199789220017 	 4.408486670393102e-08
0.21402199789220017 	 4.572995119784687e-08
0.21502199789220017 	 4.7413138479166016e-08
0.21602199789220017 	 4.9134826114197386e-08
0.21702199789220017 	 5.0895413926138125e-08
0.21802199789220017 	 5.269530409470087e-08
0.21902199789220017 	 5.4534901254047776e-08
0.22002199789220017 	 5.6414612589140453e-08
0.22102199789220017 	 5.833484793060783e-08
0.22202199789220017 	 6.02960198482316e-08
0.22302199789220017 	 6.229854374314301e-08
0.22402199789220018 	 6.434283793882333e-08
0.22502199789220018 	 6.642932377099358e-08
0.22602199789220018 	 6.855842567647895e-08
0.22702199789220018 	 7.073057128112733e-08
0.22802199789220018 	 7.294619148686e-08
0.22902199789220018 	 7.520572055792873e-08
0.23002199789220018 	 7.75095962064515e-08
0.23102199789220018 	 7.985825967729505e-08
0.23202199789220018 	 8.225215583237252e-08
0.23302199789220018 	 8.469173323441807e-08
0.23402199789220018 	 8.717744423030382e-08
0.23502199789220019 	 8.970974503395536e-08
0.23602199789220019 	 9.228909580892737e-08
0.2370219978922002 	 9.491596075069219e-08
0.2380219978922002 	 9.759080816869898e-08
0.2390219978922002 	 1.003141105682525e-07
0.2400219978922002 	 1.0308634473226647e-07
0.2410219978922002 	 1.0590799180293652e-07
0.2420219978922002 	 1.0877953736338612e-07
0.2430219978922002 	 1.1170147151932714e-07
0.2440219978922002 	 1.1467428898078429e-07
0.2450219978922002 	 1.176984891439256e-07
0.2460219978922002 	 1.207745761730439e-07
0.2470219978922002 	 1.239030590827294e-07
0.2480219978922002 	 1.2708445182027666e-07
0.2490219978922002 	 1.3031927334836483e-07
0.2500219978922002 	 1.3360804772805068e-07
0.2510219978922002 	 1.3695130420211382e-07
0.2520219978922002 	 1.4034957727879106e-07
0.2530219978922002 	 1.4380340681593765e-07
0.2540219978922002 	 1.473133381056512e-07
0.2550219978922002 	 1.508799219593939e-07
0.2560219978922002 	 1.545037147936507e-07
0.2570219978922002 	 1.58185278716154e-07
0.2580219978922002 	 1.6192518161271373e-07
0.2590219978922002 	 1.6572399723468204e-07
0.2600219978922002 	 1.6958230528709047e-07
0.2610219978922002 	 1.735006915174885e-07
0.2620219978922002 	 1.7747974780552045e-07
0.2630219978922002 	 1.815200722532681e-07
0.2640219978922002 	 1.8562226927639624e-07
0.2650219978922002 	 1.8978694969612945e-07
0.2660219978922002 	 1.9401473083209365e-07
0.2670219978922002 	 1.9830623659605257e-07
0.2680219978922002 	 2.0266209758657177e-07
0.2690219978922002 	 2.070829511846421e-07
0.2700219978922002 	 2.1156944165029003e-07
0.2710219978922002 	 2.1612222022021108e-07
0.2720219978922002 	 2.207419452064537e-07
0.2730219978922002 	 2.2542928209618572e-07
0.2740219978922002 	 2.301849036525758e-07
0.2750219978922002 	 2.3500949001681814e-07
0.2760219978922002 	 2.3990372881133384e-07
0.2770219978922002 	 2.448683152441802e-07
0.2780219978922002 	 2.499039522146986e-07
0.2790219978922002 	 2.550113504204305e-07
0.2800219978922002 	 2.6019122846533794e-07
0.2810219978922002 	 2.654443129693556e-07
0.2820219978922002 	 2.707713386793092e-07
0.2830219978922002 	 2.7617304858123105e-07
0.28402199789220023 	 2.816501940141062e-07
0.28502199789220023 	 2.8720353478508137e-07
0.28602199789220023 	 2.92833839286168e-07
0.28702199789220023 	 2.98541884612477e-07
0.28802199789220023 	 3.043284566820129e-07
0.28902199789220023 	 3.101943503570669e-07
0.29002199789220023 	 3.161403695672392e-07
0.29102199789220023 	 3.221673274341251e-07
0.29202199789220024 	 3.2827604639770365e-07
0.29302199789220024 	 3.3446735834446104e-07
0.29402199789220024 	 3.40742104737284e-07
0.29502199789220024 	 3.4710113674716016e-07
0.29602199789220024 	 3.5354531538672564e-07
0.29702199789220024 	 3.6007551164569126e-07
0.29802199789220024 	 3.666926066281873e-07
0.29902199789220024 	 3.7339749169206774e-07
0.30002199789220024 	 3.801910685902082e-07
0.30102199789220024 	 3.8707424961384006e-07
0.30202199789220024 	 3.9404795773795984e-07
0.30302199789220025 	 4.0111312676885105e-07
0.30402199789220025 	 4.0827070149376943e-07
0.30502199789220025 	 4.155216378328155e-07
0.30602199789220025 	 4.2286690299306065e-07
0.30702199789220025 	 4.3030747562494413e-07
0.30802199789220025 	 4.3784434598100777e-07
0.30902199789220025 	 4.454785160769941e-07
0.31002199789220025 	 4.532109998553666e-07
0.31102199789220025 	 4.610428233512921e-07
0.31202199789220025 	 4.6897502486112854e-07
0.31302199789220025 	 4.770086551134751e-07
0.31402199789220026 	 4.851447774428239e-07
0.31502199789220026 	 4.933844679658684e-07
0.31602199789220026 	 5.017288157605137e-07
0.31702199789220026 	 5.101789230476452e-07
0.31802199789220026 	 5.18735905375701e-07
0.31902199789220026 	 5.274008918081083e-07
0.32002199789220026 	 5.361750251136299e-07
0.32102199789220026 	 5.450594619596814e-07
0.32202199789220026 	 5.54055373108671e-07
0.32302199789220026 	 5.631639436174212e-07
0.32402199789220026 	 5.723863730397298e-07
0.32502199789220027 	 5.817238756321266e-07
0.32602199789220027 	 5.911776805628899e-07
0.32702199789220027 	 6.007490321243803e-07
0.32802199789220027 	 6.104391899487555e-07
0.32902199789220027 	 6.202494292271345e-07
0.33002199789220027 	 6.30181040932263e-07
0.33102199789220027 	 6.40235332044763e-07
0.33202199789220027 	 6.504136257830194e-07
0.33302199789220027 	 6.607172618367818e-07
0.3340219978922003 	 6.711475966045459e-07
0.3350219978922003 	 6.817060034347904e-07
0.3360219978922003 	 6.923938728711353e-07
0.3370219978922003 	 7.032126129015092e-07
0.3380219978922003 	 7.141636492113825e-07
0.3390219978922003 	 7.252484254411589e-07
0.3400219978922003 	 7.36468403447804e-07
0.3410219978922003 	 7.478250635707767e-07
0.3420219978922003 	 7.593199049023632e-07
0.3430219978922003 	 7.709544455624879e-07
0.3440219978922003 	 7.827302229780888e-07
0.3450219978922003 	 7.946487941671423e-07
0.3460219978922003 	 8.067117360274325e-07
0.3470219978922003 	 8.189206456301521e-07
0.3480219978922003 	 8.312771405184232e-07
0.3490219978922003 	 8.437828590108464e-07
0.3500219978922003 	 8.564394605101548e-07
0.3510219978922003 	 8.692486258170968e-07
0.3520219978922003 	 8.822120574496229e-07
0.3530219978922003 	 8.953314799674994e-07
0.3540219978922003 	 9.086086403024432e-07
0.3550219978922003 	 9.220453080938901e-07
0.3560219978922003 	 9.356432760305076e-07
0.3570219978922003 	 9.494043601975532e-07
0.3580219978922003 	 9.63330400430212e-07
0.3590219978922003 	 9.774232606730135e-07
0.3600219978922003 	 9.916848293454555e-07
0.3610219978922003 	 1.006117019713956e-06
0.3620219978922003 	 1.020721770270254e-06
0.3630219978922003 	 1.0355010451163967e-06
0.3640219978922003 	 1.0504568343564326e-06
0.3650219978922003 	 1.0655911544949458e-06
0.3660219978922003 	 1.0809060488425744e-06
0.3670219978922003 	 1.0964035879286484e-06
0.3680219978922003 	 1.1120858699210795e-06
0.3690219978922003 	 1.127955021053672e-06
0.3700219978922003 	 1.1440131960609684e-06
0.3710219978922003 	 1.1602625786208274e-06
0.3720219978922003 	 1.176705381804838e-06
0.3730219978922003 	 1.193343848536771e-06
0.3740219978922003 	 1.2101802520592087e-06
0.3750219978922003 	 1.227216896408522e-06
0.3760219978922003 	 1.2444561168983667e-06
0.3770219978922003 	 1.261900280611878e-06
0.3780219978922003 	 1.2795517869027247e-06
0.3790219978922003 	 1.297413067905222e-06
0.3800219978922003 	 1.3154865890536779e-06
0.3810219978922003 	 1.3337748496111724e-06
0.3820219978922003 	 1.3522803832079462e-06
0.3830219978922003 	 1.3710057583896252e-06
0.3840219978922003 	 1.3899535791754473e-06
0.3850219978922003 	 1.4091264856267477e-06
0.3860219978922003 	 1.4285271544258632e-06
0.3870219978922003 	 1.4481582994657118e-06
0.3880219978922003 	 1.4680226724502525e-06
0.3890219978922003 	 1.488123063506062e-06
0.3900219978922003 	 1.508462301805251e-06
0.3910219978922003 	 1.5290432561999734e-06
0.3920219978922003 	 1.5498688358687548e-06
0.3930219978922003 	 1.5709419909749192e-06
0.3940219978922003 	 1.5922657133373199e-06
0.3950219978922003 	 1.6138430371137066e-06
0.39602199789220033 	 1.6356770394969277e-06
0.39702199789220033 	 1.657770841424293e-06
0.39802199789220033 	 1.6801276083003488e-06
0.39902199789220033 	 1.7027505507333702e-06
0.40002199789220033 	 1.725642925285857e-06
0.40102199789220033 	 1.7488080352393367e-06
0.40202199789220033 	 1.7722492313737864e-06
0.40302199789220033 	 1.7959699127619904e-06
0.40402199789220034 	 1.8199735275791526e-06
0.40502199789220034 	 1.8442635739281073e-06
0.40602199789220034 	 1.8688436006804643e-06
0.40702199789220034 	 1.8937172083340174e-06
0.40802199789220034 	 1.918888049886814e-06
0.40902199789220034 	 1.944359831728222e-06
0.41002199789220034 	 1.97013631454737e-06
0.41102199789220034 	 1.9962213142593633e-06
0.41202199789220034 	 2.0226187029496575e-06
0.41302199789220034 	 2.049332409836988e-06
0.41402199789220034 	 2.076366422255281e-06
0.41502199789220034 	 2.1037247866549794e-06
0.41602199789220035 	 2.131411609624183e-06
0.41702199789220035 	 2.1594310589300827e-06
0.41802199789220035 	 2.1877873645811408e-06
0.41902199789220035 	 2.2164848199104697e-06
0.42002199789220035 	 2.2455277826809007e-06
0.42102199789220035 	 2.2749206762122424e-06
0.42202199789220035 	 2.304667990531224e-06
0.42302199789220035 	 2.3347742835446295e-06
0.42402199789220035 	 2.365244182236194e-06
0.42502199789220035 	 2.3960823838877646e-06
0.42602199789220035 	 2.4272936573253015e-06
0.42702199789220036 	 2.4588828441903066e-06
0.42802199789220036 	 2.4908548602372504e-06
0.42902199789220036 	 2.523214696657586e-06
0.43002199789220036 	 2.5559674214310238e-06
0.43102199789220036 	 2.5891181807046457e-06
0.43202199789220036 	 2.6226722002005396e-06
0.43302199789220036 	 2.6566347866526053e-06
0.43402199789220036 	 2.6910113292732516e-06
0.43502199789220036 	 2.72580730125065e-06
0.43602199789220036 	 2.7610282612773095e-06
0.43702199789220036 	 2.7966798551106497e-06
0.43802199789220037 	 2.8327678171664427e-06
0.43902199789220037 	 2.869297972145782e-06
0.44002199789220037 	 2.906276236696464e-06
0.44102199789220037 	 2.9437086211096104e-06
0.44202199789220037 	 2.981601231052323e-06
0.44302199789220037 	 3.0199602693372835e-06
0.44402199789220037 	 3.0587920377301852e-06
0.44502199789220037 	 3.098102938795919e-06
0.4460219978922004 	 3.137899477784439e-06
0.4470219978922004 	 3.1781882645572927e-06
0.4480219978922004 	 3.2189760155558234e-06
0.4490219978922004 	 3.260269555812018e-06
0.4500219978922004 	 3.302075821003126e-06
0.4510219978922004 	 3.3444018595510663e-06
0.4520219978922004 	 3.3872548347677553e-06
0.4530219978922004 	 3.4306420270475244e-06
0.4540219978922004 	 3.4745708361077297e-06
0.4550219978922004 	 3.5190487832788578e-06
0.4560219978922004 	 3.5640835138452645e-06
0.4570219978922004 	 3.60968279943791e-06
0.4580219978922004 	 3.655854540480329e-06
0.4590219978922004 	 3.7026067686892526e-06
0.4600219978922004 	 3.7499476496311995e-06
0.4610219978922004 	 3.7978854853365053e-06
0.4620219978922004 	 3.8464287169722444e-06
0.4630219978922004 	 3.895585927575565e-06
0.4640219978922004 	 3.945365844848963e-06
0.4650219978922004 	 3.995777344019104e-06
0.4660219978922004 	 4.0468294507608455e-06
0.4670219978922004 	 4.098531344188141e-06
0.4680219978922004 	 4.150892359913552e-06
0.4690219978922004 	 4.2039219931781845e-06
0.4700219978922004 	 4.257629902053886e-06
0.4710219978922004 	 4.312025910719547e-06
0.4720219978922004 	 4.367120012813589e-06
0.4730219978922004 	 4.422922374864465e-06
0.4740219978922004 	 4.479443339801417e-06
0.4750219978922004 	 4.536693430547528e-06
0.4760219978922004 	 4.594683353697258e-06
0.4770219978922004 	 4.653424003280778e-06
0.4780219978922004 	 4.7129264646173884e-06
0.4790219978922004 	 4.773202018260438e-06
0.4800219978922004 	 4.834262144036222e-06
0.4810219978922004 	 4.896118525179343e-06
0.4820219978922004 	 4.958783052567313e-06
0.4830219978922004 	 5.022267829056859e-06
0.4840219978922004 	 5.086585173924993e-06
0.4850219978922004 	 5.1517476274174824e-06
0.4860219978922004 	 5.217767955407833e-06
0.4870219978922004 	 5.28465915416977e-06
0.4880219978922004 	 5.352434455266376e-06
0.4890219978922004 	 5.4211073305591415e-06
0.4900219978922004 	 5.49069149734029e-06
0.4910219978922004 	 5.561200923591741e-06
0.4920219978922004 	 5.6326498333744156e-06
0.4930219978922004 	 5.7050527123514215e-06
0.4940219978922004 	 5.778424313449001e-06
0.4950219978922004 	 5.852779662659076e-06
0.4960219978922004 	 5.928134064987503e-06
0.4970219978922004 	 6.004503110552126e-06
0.4980219978922004 	 6.081902680834957e-06
0.4990219978922004 	 6.160348955092959e-06
0.5000219978922004 	 6.239858416931906e-06
0.5010219978922004 	 6.320447861048185e-06
0.5020219978922004 	 6.402134400143262e-06
0.5030219978922004 	 6.484935472016016e-06
0.5040219978922004 	 6.5688688468380304e-06
0.5050219978922004 	 6.653952634617213e-06
0.5060219978922004 	 6.740205292855447e-06
0.5070219978922004 	 6.827645634405828e-06
0.5080219978922004 	 6.916292835535467e-06
0.5090219978922004 	 7.0061664442001155e-06
0.5100219978922004 	 7.0972863885367605e-06
0.5110219978922004 	 7.189672985580831e-06
0.5120219978922004 	 7.2833469502148114e-06
0.5130219978922004 	 7.378329404355148e-06
0.5140219978922004 	 7.474641886384822e-06
0.5150219978922004 	 7.57230636083893e-06
0.5160219978922004 	 7.671345228351096e-06
0.5170219978922004 	 7.771781335868737e-06
0.5180219978922004 	 7.873637987145343e-06
0.5190219978922004 	 7.97693895351846e-06
0.5200219978922004 	 8.081708484982171e-06
0.5210219978922004 	 8.187971321563247e-06
0.5220219978922004 	 8.295752705010558e-06
0.5230219978922004 	 8.405078390807348e-06
0.5240219978922004 	 8.515974660516809e-06
0.5250219978922004 	 8.628468334471338e-06
0.5260219978922004 	 8.742586784816351e-06
0.5270219978922004 	 8.858357948920095e-06
0.5280219978922004 	 8.97581034316102e-06
0.5290219978922004 	 9.094973077104924e-06
0.5300219978922004 	 9.215875868084363e-06
0.5310219978922004 	 9.338549056193405e-06
0.5320219978922004 	 9.463023619711204e-06
0.5330219978922004 	 9.589331190968253e-06
0.5340219978922004 	 9.7175040726701e-06
0.5350219978922004 	 9.84757525469319e-06
0.5360219978922004 	 9.979578431368732e-06
0.5370219978922004 	 1.0113548019270525e-05
0.5380219978922004 	 1.0249519175523656e-05
0.5390219978922004 	 1.0387527816651458e-05
0.5400219978922004 	 1.052761063797861e-05
0.5410219978922004 	 1.0669805133609296e-05
0.5420219978922004 	 1.0814149616999835e-05
0.5430219978922004 	 1.0960683242145759e-05
0.5440219978922004 	 1.1109446025404602e-05
0.5450219978922004 	 1.1260478867975888e-05
0.5460219978922004 	 1.1413823579061005e-05
0.5470219978922004 	 1.1569522899726421e-05
0.5480219978922004 	 1.172762052749467e-05
0.5490219978922004 	 1.1888161141688301e-05
0.5500219978922004 	 1.2051190429553233e-05
0.5510219978922004 	 1.2216755113188708e-05
0.5520219978922004 	 1.2384902977312533e-05
0.5530219978922004 	 1.2555682897890897e-05
0.5540219978922004 	 1.2729144871663566e-05
0.5550219978922004 	 1.2905340046596608e-05
0.5560219978922004 	 1.3084320753295618e-05
0.5570219978922004 	 1.3266140537414246e-05
0.5580219978922004 	 1.3450854193093894e-05
0.5590219978922004 	 1.3638517797472126e-05
0.5600219978922004 	 1.3829188746298772e-05
0.5610219978922004 	 1.4022925790700163e-05
0.5620219978922004 	 1.4219789075134101e-05
0.5630219978922004 	 1.44198401765792e-05
0.5640219978922004 	 1.4623142145004765e-05
0.5650219978922004 	 1.4829759545168719e-05
0.5660219978922004 	 1.5039758499793603e-05
0.5670219978922004 	 1.5253206734172417e-05
0.5680219978922004 	 1.5470173622258212e-05
0.5690219978922004 	 1.5690730234294186e-05
0.5700219978922004 	 1.5914949386042797e-05
0.5710219978922004 	 1.6142905689675233e-05
0.5720219978922004 	 1.6374675606385438e-05
0.5730219978922004 	 1.6610337500795115e-05
0.5740219978922004 	 1.6849971697219643e-05
0.5750219978922004 	 1.7093660537867527e-05
0.5760219978922004 	 1.7341488443049308e-05
0.5770219978922004 	 1.7593541973475033e-05
0.5780219978922004 	 1.7849909894723485e-05
0.5790219978922004 	 1.8110683243969205e-05
0.5800219978922004 	 1.8375955399058145e-05
0.5810219978922004 	 1.8645822150025937e-05
0.5820219978922004 	 1.892038177315784e-05
0.5830219978922004 	 1.9199735107693576e-05
0.5840219978922004 	 1.948398563528493e-05
0.5850219978922004 	 1.9773239562318864e-05
0.5860219978922004 	 2.0067605905224878e-05
0.5870219978922004 	 2.0367196578889465e-05
0.5880219978922004 	 2.0672126488307704e-05
0.5890219978922004 	 2.0982513623607238e-05
0.5900219978922004 	 2.1298479158586562e-05
0.5910219978922004 	 2.1620147552916025e-05
0.5920219978922004 	 2.1947646658157643e-05
0.5930219978922004 	 2.228110782776662e-05
0.5940219978922004 	 2.2620666031245506e-05
0.5950219978922004 	 2.2966459972630643e-05
0.5960219978922005 	 2.331863221349853e-05
0.5970219978922005 	 2.3677329300689673e-05
0.5980219978922005 	 2.404270189895652e-05
0.5990219978922005 	 2.441490492875316e-05
0.6000219978922005 	 2.47940977093941e-05
0.6010219978922005 	 2.5180444107822162e-05
0.6020219978922005 	 2.5574112693236456e-05
0.6030219978922005 	 2.597527689784467e-05
0.6040219978922005 	 2.6384115184017364e-05
0.6050219978922005 	 2.6800811218135927e-05
0.6060219978922005 	 2.7225554051440995e-05
0.6070219978922005 	 2.765853830820362e-05
0.6080219978922005 	 2.809996438155914e-05
0.6090219978922005 	 2.855003863736044e-05
0.6100219978922005 	 2.9008973626426437e-05
0.6110219978922005 	 2.9476988305582172e-05
0.6120219978922005 	 2.9954308267906378e-05
0.6130219978922005 	 3.0441165982626696e-05
0.6140219978922005 	 3.093780104512468e-05
0.6150219978922005 	 3.14444604375382e-05
0.6160219978922005 	 3.1961398800476794e-05
0.6170219978922005 	 3.24888787163909e-05
0.6180219978922005 	 3.30271710051688e-05
0.6190219978922005 	 3.357655503256498e-05
0.6200219978922005 	 3.4137319032097644e-05
0.6210219978922005 	 3.4709760441089434e-05
0.6220219978922005 	 3.529418625156302e-05
0.6230219978922005 	 3.589091337674376e-05
0.6240219978922005 	 3.650026903396465e-05
0.6250219978922005 	 3.7122591144814565e-05
0.6260219978922005 	 3.775822875341947e-05
0.6270219978922005 	 3.8407542463798124e-05
0.6280219978922005 	 3.90709048972889e-05
0.6290219978922005 	 3.9748701171103404e-05
0.6300219978922005 	 4.044132939912482e-05
0.6310219978922005 	 4.114920121613685e-05
0.6320219978922005 	 4.187274232673818e-05
0.6330219978922005 	 4.261239308027675e-05
0.6340219978922005 	 4.336860907321625e-05
0.6350219978922005 	 4.4141861780436085e-05
0.6360219978922005 	 4.493263921705762e-05
0.6370219978922005 	 4.574144663248979e-05
0.6380219978922005 	 4.656880723849153e-05
0.6390219978922005 	 4.741526297316437e-05
0.6400219978922005 	 4.828137530290651e-05
0.6410219978922005 	 4.916772606449405e-05
0.6420219978922005 	 5.007491834959012e-05
0.6430219978922005 	 5.1003577434135175e-05
0.6440219978922005 	 5.195435175523029e-05
0.6450219978922005 	 5.2927913938297184e-05
0.6460219978922005 	 5.39249618774855e-05
0.6470219978922005 	 5.494621987249079e-05
0.6480219978922005 	 5.599243982516697e-05
0.6490219978922005 	 5.706440249953868e-05
0.6500219978922005 	 5.816291884907106e-05
0.6510219978922005 	 5.928883141531514e-05
0.6520219978922005 	 6.044301580233626e-05
0.6530219978922005 	 6.162638223163722e-05
0.6540219978922005 	 6.283987718262193e-05
0.6550219978922005 	 6.408448512400122e-05
0.6560219978922005 	 6.536123034193011e-05
0.6570219978922005 	 6.667117887108052e-05
0.6580219978922005 	 6.80154405353062e-05
0.6590219978922005 	 6.939517110504139e-05
0.6600219978922005 	 7.081157457910392e-05
0.6610219978922005 	 7.226590559913958e-05
0.6620219978922005 	 7.375947200556835e-05
0.6630219978922005 	 7.529363754455676e-05
0.6640219978922005 	 7.686982473626873e-05
0.6650219978922005 	 7.8489517915437e-05
0.6660219978922005 	 8.015426645614983e-05
0.6670219978922005 	 8.186568819367975e-05
0.6680219978922005 	 8.362547305719025e-05
0.6690219978922005 	 8.543538692825975e-05
0.6700219978922005 	 8.729727574135587e-05
0.6710219978922005 	 8.921306984370457e-05
0.6720219978922005 	 9.118478863341732e-05
0.6730219978922005 	 9.321454549629628e-05
0.6740219978922005 	 9.53045530634381e-05
0.6750219978922005 	 9.745712881360498e-05
0.6760219978922005 	 9.967470104636965e-05
0.6770219978922005 	 0.00010195981525425799
0.6780219978922005 	 0.00010431514092455083
0.6790219978922005 	 0.00010674347880407492
0.6800219978922005 	 0.00010924776866324638
0.6810219978922005 	 0.00011183109759884588
0.6820219978922005 	 0.00011449670891854958
0.6830219978922005 	 0.00011724801165412915
0.6840219978922005 	 0.00012008859075453053
0.6850219978922005 	 0.0001230222180147665
0.6860219978922005 	 0.0001260528638017804
0.6870219978922005 	 0.00012918470964420577
0.6880219978922005 	 0.0001324221617593136
0.6890219978922005 	 0.00013576986559750813
0.6900219978922005 	 0.0001392327214925357
0.6910219978922005 	 0.0001428159015142481
0.6920219978922005 	 0.0001465248676303887
0.6930219978922005 	 0.00015036539129456523
0.6940219978922005 	 0.00015434357458947562
0.6950219978922005 	 0.00015846587306772556
0.6960219978922005 	 0.0001627391204473515
0.6970219978922005 	 0.00016717055533569186
0.6980219978922005 	 0.00017176785017370135
0.6990219978922005 	 0.00017653914261347525
0.7000219978922005 	 0.00018149306956491084
0.7010219978922005 	 0.00018663880417342022
0.7020219978922005 	 0.0001919860960198194
0.7030219978922005 	 0.0001975453148663852
0.7040219978922005 	 0.00020332749831008848
0.7050219978922005 	 0.00020934440374580868
0.7060219978922005 	 0.00021560856508954251
0.7070219978922005 	 0.0002221333547650532
0.7080219978922005 	 0.0002289330515179688
0.7090219978922006 	 0.00023602291469009156
0.7100219978922006 	 0.00024341926566484227
0.7110219978922006 	 0.0002511395772837911
0.7120219978922006 	 0.00025920257213579104
0.7130219978922006 	 0.0002676283307362791
0.7140219978922006 	 0.00027643841074718203
0.7150219978922006 	 0.00028565597854023105
0.7160219978922006 	 0.00029530595458159936
0.7170219978922006 	 0.00030541517431731033
0.7180219978922006 	 0.00031601256647140246
0.7190219978922006 	 0.0003271293509375748
0.7200219978922006 	 0.00033879925875628493
0.7210219978922006 	 0.0003510587770306531
0.7220219978922006 	 0.0003639474220547678
0.7230219978922006 	 0.0003775080444181638
0.7240219978922006 	 0.0003917871704229145
0.7250219978922006 	 0.00040683538482088477
0.7260219978922006 	 0.0004227077606666452
0.7270219978922006 	 0.0004394643430095637
0.7280219978922006 	 0.0004571706942439475
0.7290219978922006 	 0.0004758985102330221
0.7300219978922006 	 0.0004957263178620177
0.7310219978922006 	 0.0005167402665086227
0.7320219978922006 	 0.0005390350281080817
0.7330219978922006 	 0.0005627148231124527
0.7340219978922006 	 0.0005878945927950102
0.7350219978922006 	 0.0006147013421509089
0.7360219978922006 	 0.0006432756822433697
0.7370219978922006 	 0.0006737736064283668
0.7380219978922006 	 0.000706368541696617
0.7390219978922006 	 0.0007412537246990822
0.7400219978922006 	 0.0007786449622521643
0.7410219978922006 	 0.0008187838487383968
0.7420219978922006 	 0.0008619415284532146
0.7430219978922006 	 0.000908423110406005
0.7440219978922006 	 0.0009585728674119108
0.7450219978922006 	 0.0010127803818777506
0.7460219978922006 	 0.0010714878392852033
0.7470219978922006 	 0.0011351987193765828
0.7480219978922006 	 0.0012044881975994397
0.7490219978922006 	 0.0012800156496716741
0.7500219978922006 	 0.001362539755848651
0.7510219978922006 	 0.0014529368362738416
0.7520219978922006 	 0.001552223225138689
0.7530219978922006 	 0.001661582723645736
0.7540219978922006 	 0.0017824004798883126
0.7550219978922006 	 0.0019163050555500267
0.7560219978922006 	 0.002065220993964513
0.7570219978922006 	 0.002231434957186049
0.7580219978922006 	 0.002417679530990822
0.7590219978922006 	 0.002627240221326282
0.7600219978922006 	 0.002864093151614912
0.7610219978922006 	 0.003133083764678559
0.7620219978922006 	 0.0034401608028628355
0.7630219978922006 	 0.003792685534649564
0.7640219978922006 	 0.004199844444460169
0.7650219978922006 	 0.004673205662148404
0.7660219978922006 	 0.005227477194496423
0.7670219978922006 	 0.0058815514435019
0.7680219978922006 	 0.006659959937292227
0.7690219978922006 	 0.007594921089804366
0.7700219978922006 	 0.008729251039218603
0.7710219978922006 	 0.010120533784154926
0.7720219978922006 	 0.011847118968261239
0.7730219978922006 	 0.014016717396785755
0.7740219978922006 	 0.016778492129806647
0.7750219978922006 	 0.020339215131346292
0.7760219978922006 	 0.024982077708671495
0.7770219978922006 	 0.031079699248719343
0.7780219978922006 	 0.039072216113340406
0.7790219978922006 	 0.04933087747642697
0.7800219978922006 	 0.06174320065838067
0.7810219978922006 	 0.0748721515259084
0.7820219978922006 	 0.08518383416415932
0.7830219978922006 	 0.0882303757660828
0.7840219978922006 	 0.08245131957987542
0.7850219978922006 	 0.07086685513740358
0.7860219978922006 	 0.05790278472708706
0.7870219978922006 	 0.04630676048142786
0.7880219978922006 	 0.036935613515835033
0.7890219978922006 	 0.029676846568089128
0.7900219978922006 	 0.024125085831897902
0.7910219978922006 	 0.019870341162363026
0.7920219978922006 	 0.01658032368461216
0.7930219978922006 	 0.0140058828530182
0.7940219978922006 	 0.011965431108546292
0.7950219978922006 	 0.01032752714622887
0.7960219978922006 	 0.00899670497827091
0.7970219978922006 	 0.007903044605457094
0.7980219978922006 	 0.006994785318275987
0.7990219978922006 	 0.006233161640318767
0.8000219978922006 	 0.005588796583554551
0.8010219978922006 	 0.0050391695019803085
0.8020219978922006 	 0.004566823468195679
0.8030219978922006 	 0.004158083526423152
0.8040219978922006 	 0.003802130446731463
0.8050219978922006 	 0.0034903241199612614
0.8060219978922006 	 0.0032157040130241506
0.8070219978922006 	 0.002972616507335625
0.8080219978922006 	 0.002756434105710033
0.8090219978922006 	 0.0025633418329285966
0.8100219978922006 	 0.002390173268097987
0.8110219978922006 	 0.002234283585728983
0.8120219978922006 	 0.0020934504445632284
0.8130219978922006 	 0.0019657960133576116
0.8140219978922006 	 0.0018497251732340245
0.8150219978922006 	 0.0017438761981925471
0.8160219978922006 	 0.0016470811333680563
0.8170219978922006 	 0.0015583337641070357
0.8180219978922006 	 0.0014767635671610502
0.8190219978922006 	 0.0014016144067831313
0.8200219978922006 	 0.0013322270176222828
0.8210219978922007 	 0.0012680245275447039
0.8220219978922007 	 0.0012085004344939653
0.8230219978922007 	 0.0011532085750122786
0.8240219978922007 	 0.0011017547174125713
0.8250219978922007 	 0.0010537894866813698
0.8260219978922007 	 0.0010090023860916946
0.8270219978922007 	 0.0009671167260069474
0.8280219978922007 	 0.0009278853063093269
0.8290219978922007 	 0.000891086727440891
0.8300219978922007 	 0.0008565222278377652
0.8310219978922007 	 0.0008240129638176117
0.8320219978922007 	 0.0007933976627084362
0.8330219978922007 	 0.0007645305919257127
0.8340219978922007 	 0.0007372797963912535
0.8350219978922007 	 0.0007115255645918038
0.8360219978922007 	 0.0006871590900510573
0.8370219978922007 	 0.0006640813003142576
0.8380219978922007 	 0.0006422018299399413
0.8390219978922007 	 0.0006214381176341362
0.8400219978922007 	 0.0006017146106881182
0.8410219978922007 	 0.0005829620624039289
0.8420219978922007 	 0.0005651169103024161
0.8430219978922007 	 0.0005481207246794817
0.8440219978922007 	 0.0005319197185665483
0.8450219978922007 	 0.0005164643114091162
0.8460219978922007 	 0.0005017087398418226
0.8470219978922007 	 0.00048761070984183606
0.8480219978922007 	 0.000474131085311067
0.8490219978922007 	 0.0004612336087933626
0.8500219978922007 	 0.00044888465059348857
0.8510219978922007 	 0.0004370529830452778
0.8520219978922007 	 0.00042570957708916457
0.8530219978922007 	 0.00041482741867483454
0.8540219978922007 	 0.00040438134281146725
0.8550219978922007 	 0.00039434788335333067
0.8560219978922007 	 0.00038470513683836117
0.8570219978922007 	 0.00037543263889695713
0.8580219978922007 	 0.0003665112519218594
0.8590219978922007 	 0.00035792306284133615
0.8600219978922007 	 0.0003496512899700755
0.8610219978922007 	 0.0003416801980277857
0.8620219978922007 	 0.00033399502051684746
0.8630219978922007 	 0.0003265818887393053
0.8640219978922007 	 0.00031942776681169086
0.8650219978922007 	 0.00031252039210506066
0.8660219978922007 	 0.0003058482205983993
0.8670219978922007 	 0.00029940037668721605
0.8680219978922007 	 0.0002931666070366763
0.8690219978922007 	 0.0002871372381106921
0.8700219978922007 	 0.00028130313704576135
0.8710219978922007 	 0.00027565567557153597
0.8720219978922007 	 0.00027018669670962993
0.8730219978922007 	 0.00026488848400852213
0.8740219978922007 	 0.00025975373309587073
0.8750219978922007 	 0.0002547755253505505
0.8760219978922007 	 0.00024994730351548833
0.8770219978922007 	 0.0002452628490891847
0.8780219978922007 	 0.00024071626134887207
0.8790219978922007 	 0.00023630193787179776
0.8800219978922007 	 0.00023201455643328018
0.8810219978922007 	 0.00022784905817112153
0.8820219978922007 	 0.0002238006319158216
0.8830219978922007 	 0.00021986469959492356
0.8840219978922007 	 0.00021603690262783938
0.8850219978922007 	 0.00021231308923475703
0.8860219978922007 	 0.0002086893025897861
0.8870219978922007 	 0.00020516176975443053
0.8880219978922007 	 0.0002017268913328653
0.8890219978922007 	 0.0001983812317953662
0.8900219978922007 	 0.00019512151042067654
0.8910219978922007 	 0.000191944592812124
0.8920219978922007 	 0.00018884748294595955
0.8930219978922007 	 0.0001858273157137284
0.8940219978922007 	 0.00018288134992351852
0.8950219978922007 	 0.000180006961727712
0.8960219978922007 	 0.00017720163844737715
0.8970219978922007 	 0.00017446297276577064
0.8980219978922007 	 0.00017178865726550927
0.8990219978922007 	 0.0001691764792859203
0.9000219978922007 	 0.00016662431607883586
0.9010219978922007 	 0.00016413013024272133
0.9020219978922007 	 0.00016169196541651333
0.9030219978922007 	 0.00015930794221590257
0.9040219978922007 	 0.00015697625439604727
0.9050219978922007 	 0.0001546951652258562
0.9060219978922007 	 0.00015246300406002302
0.9070219978922007 	 0.00015027816309597986
0.9080219978922007 	 0.0001481390943038167
0.9090219978922007 	 0.00014604430651804165
0.9100219978922007 	 0.00014399236268080817
0.9110219978922007 	 0.00014198187722693772
0.9120219978922007 	 0.00014001151360169814
0.9130219978922007 	 0.00013807998190289955
0.9140219978922007 	 0.00013618603663940142
0.9150219978922007 	 0.00013432847459863732
0.9160219978922007 	 0.00013250613281621872
0.9170219978922007 	 0.00013071788664110375
0.9180219978922007 	 0.0001289626478902148
0.9190219978922007 	 0.00012723936308674125
0.9200219978922007 	 0.00012554701177670014
0.9210219978922007 	 0.00012388460491862853
0.9220219978922007 	 0.00012225118334156129
0.9230219978922007 	 0.00012064581626670177
0.9240219978922007 	 0.00011906759988842775
0.9250219978922007 	 0.0001175156560104826
0.9260219978922007 	 0.00011598913073339812
0.9270219978922007 	 0.00011448719318936597
0.9280219978922007 	 0.00011300903432092916
0.9290219978922007 	 0.00011155386570000648
0.9300219978922007 	 0.00011012091838387937
0.9310219978922007 	 0.00010870944180488013
0.9320219978922007 	 0.00010731870269060716
0.9330219978922007 	 0.00010594798401157023
0.9340219978922008 	 0.00010459658395322421
0.9350219978922008 	 0.00010326381490939549
0.9360219978922008 	 0.00010194900249413426
0.9370219978922008 	 0.00010065148456903791
0.9380219978922008 	 9.937061028308696e-05
0.9390219978922008 	 9.810573912201886e-05
0.9400219978922008 	 9.685623996422631e-05
0.9410219978922008 	 9.562149014011357e-05
0.9420219978922008 	 9.440087449177492e-05
0.9430219978922008 	 9.319378442976289e-05
0.9440219978922008 	 9.199961698360734e-05
0.9450219978922008 	 9.081777384260662e-05
0.9460219978922008 	 8.964766038325664e-05
0.9470219978922008 	 8.848868467949706e-05
0.9480219978922008 	 8.734025649174416e-05
0.9490219978922008 	 8.620178623043327e-05
0.9500219978922008 	 8.507268388951986e-05
0.9510219978922008 	 8.395235794507579e-05
0.9520219978922008 	 8.284021421376302e-05
0.9530219978922008 	 8.173565466557434e-05
0.9540219978922008 	 8.063807618478282e-05
0.9550219978922008 	 7.954686927254952e-05
0.9560219978922008 	 7.846141668408293e-05
0.9570219978922008 	 7.738109199262596e-05
0.9580219978922008 	 7.630525807186258e-05
0.9590219978922008 	 7.52332654875716e-05
0.9600219978922008 	 7.416445078851284e-05
0.9610219978922008 	 7.309813468559584e-05
0.9620219978922008 	 7.203362010735143e-05
0.9630219978922008 	 7.097019011859356e-05
0.9640219978922008 	 6.990710568791456e-05
0.9650219978922008 	 6.884360328829888e-05
0.9660219978922008 	 6.777889231366621e-05
0.9670219978922008 	 6.671215229256047e-05
0.9680219978922008 	 6.564252987849447e-05
0.9690219978922008 	 6.456913559465799e-05
0.9700219978922008 	 6.34910403088091e-05
0.9710219978922008 	 6.240727141224889e-05
0.9720219978922008 	 6.131680867487624e-05
0.9730219978922008 	 6.021857974652228e-05
0.9740219978922008 	 5.9111455273214124e-05
0.9750219978922008 	 5.799424359589152e-05
0.9760219978922008 	 5.686568499868843e-05
0.9770219978922008 	 5.572444547457492e-05
0.9780219978922008 	 5.456910997849561e-05
0.9790219978922008 	 5.339817514293229e-05
0.9800219978922008 	 5.221004143916885e-05
0.9810219978922008 	 5.100300478103489e-05
0.9820219978922008 	 4.9775247588788024e-05
0.9830219978922008 	 4.8524829362241805e-05
0.9840219978922008 	 4.724967685879262e-05
0.9850219978922008 	 4.5947574040114216e-05
0.9860219978922008 	 4.461615205028593e-05
0.9870219978922008 	 4.3252879631425145e-05
0.9880219978922008 	 4.185505459003394e-05
0.9890219978922008 	 4.041979722677856e-05
0.9900219978922008 	 3.894404707635963e-05
0.9910219978922008 	 3.742456493496779e-05
0.9920219978922008 	 3.585794307417473e-05
0.9930219978922008 	 3.424062789363994e-05
0.9940219978922008 	 3.256896126735972e-05
0.9950219978922008 	 3.0839249824390166e-05
0.9960219978922008 	 2.9047875899700255e-05
0.9970219978922008 	 2.71914707266511e-05
0.9980219978922008 	 2.5267180960099936e-05
0.9990219978922008 	 2.3273076010867416e-05
1.0000219978922007 	 2.120876958603295e-05
1.0010219978922006 	 1.9076370447465355e-05
1.0020219978922005 	 1.6881945414277643e-05
1.0030219978922004 	 1.4637790943281459e-05
1.0040219978922003 	 1.2366002448641394e-05
1.0050219978922001 	 1.0104166492156738e-05
1.0060219978922 	 7.91460183338443e-06
1.0070219978922 	 5.899681528351475e-06
1.0080219978921998 	 4.227871534465791e-06
1.0090219978921997 	 3.179266302863965e-06
1.0100219978921996 	 3.227902384132995e-06
1.0110219978921995 	 5.196346460318614e-06
1.0120219978921994 	 1.0558992283346348e-05
1.0130219978921993 	 2.2067187694714372e-05
1.0140219978921992 	 4.51083873089608e-05
1.015021997892199 	 9.081718926710983e-05
1.016021997892199 	 0.0001833955689293075
1.0170219978921988 	 0.0003759458862604986
1.0180219978921987 	 0.0007643811957087042
1.0190219978921986 	 0.0013514952139092227
1.0200219978921985 	 0.001638362264508265
1.0210219978921984 	 0.0013686718911593524
1.0220219978921983 	 0.0010067831911265818
1.0230219978921982 	 0.0007488737612541364
1.024021997892198 	 0.000581651105168063
1.025021997892198 	 0.0004712172926542329
1.0260219978921978 	 0.00039522956198274564
1.0270219978921977 	 0.00034073735569041145
1.0280219978921976 	 0.00030020960171451725
1.0290219978921975 	 0.0002691184099936408
1.0300219978921974 	 0.0002446336371963706
1.0310219978921973 	 0.00022491906853097603
1.0320219978921972 	 0.0002087423886133075
1.033021997892197 	 0.00019525135839134966
1.034021997892197 	 0.00018384075716322174
1.0350219978921968 	 0.00017407060850768645
1.0360219978921967 	 0.00016561436874616673
1.0370219978921966 	 0.0001582251796079695
1.0380219978921965 	 0.0001517133312699455
1.0390219978921964 	 0.0001459308685951216
1.0400219978921963 	 0.00014076085979796536
1.0410219978921962 	 0.00013610977570534328
1.042021997892196 	 0.0001319019861491237
1.043021997892196 	 0.00012807572385042077
1.0440219978921959 	 0.0001245800826357645
1.0450219978921957 	 0.00012137275595229043
1.0460219978921956 	 0.00011841831277163005
1.0470219978921955 	 0.00011568686870741171
1.0480219978921954 	 0.00011315305131390685
1.0490219978921953 	 0.00011079518682583873
1.0500219978921952 	 0.00010859465532899277
1.051021997892195 	 0.00010653537528985046
1.052021997892195 	 0.0001046033883401704
1.0530219978921949 	 0.00010278652242191995
1.0540219978921948 	 0.00010107411666828121
1.0550219978921946 	 9.945679528785324e-05
1.0560219978921945 	 9.79262806195682e-05
1.0570219978921944 	 9.647523770679922e-05
1.0580219978921943 	 9.509714439285623e-05
1.0590219978921942 	 9.378618220393891e-05
1.060021997892194 	 9.25371442587623e-05
1.061021997892194 	 9.134535719868202e-05
1.0620219978921939 	 9.020661472124412e-05
1.0630219978921938 	 8.91171207628881e-05
1.0640219978921936 	 8.807344074234896e-05
1.0650219978921935 	 8.707245956711399e-05
1.0660219978921934 	 8.611134533775007e-05
1.0670219978921933 	 8.518751787172166e-05
1.0680219978921932 	 8.429862131917165e-05
1.069021997892193 	 8.344250026555921e-05
1.070021997892193 	 8.261717881583935e-05
1.0710219978921929 	 8.182084223658305e-05
1.0720219978921928 	 8.105182079961825e-05
1.0730219978921927 	 8.030857552624295e-05
1.0740219978921925 	 7.958968557702558e-05
1.0750219978921924 	 7.889383707045294e-05
1.0760219978921923 	 7.821981314560706e-05
1.0770219978921922 	 7.7566485110799e-05
1.078021997892192 	 7.693280454256822e-05
1.079021997892192 	 7.631779621840937e-05
1.0800219978921919 	 7.572055178262335e-05
1.0810219978921918 	 7.514022405829158e-05
1.0820219978921917 	 7.457602192994259e-05
1.0830219978921916 	 7.402720573135558e-05
1.0840219978921914 	 7.349308308139136e-05
1.0850219978921913 	 7.297300511798355e-05
1.0860219978921912 	 7.246636308665405e-05
1.0870219978921911 	 7.197258524528527e-05
1.088021997892191 	 7.149113405151821e-05
1.089021997892191 	 7.102150360316568e-05
1.0900219978921908 	 7.056321730551384e-05
1.0910219978921907 	 7.011582574241753e-05
1.0920219978921906 	 6.967890473073962e-05
1.0930219978921905 	 6.925205353998876e-05
1.0940219978921903 	 6.883489326103343e-05
1.0950219978921902 	 6.842706530953884e-05
1.0960219978921901 	 6.802823005132743e-05
1.09702199789219 	 6.76380655382353e-05
1.09802199789219 	 6.725626634423991e-05
1.0990219978921898 	 6.68825424927025e-05
1.1000219978921897 	 6.651661846650845e-05
1.1010219978921896 	 6.615823229372499e-05
1.1020219978921895 	 6.58071347021362e-05
1.1030219978921894 	 6.546308833667242e-05
1.1040219978921892 	 6.512586703433839e-05
1.1050219978921891 	 6.479525515176527e-05
1.106021997892189 	 6.447104694097861e-05
1.107021997892189 	 6.415304596939106e-05
1.1080219978921888 	 6.384106458040048e-05
1.1090219978921887 	 6.353492339130941e-05
1.1100219978921886 	 6.323445082558105e-05
1.1110219978921885 	 6.293948267671715e-05
1.1120219978921884 	 6.26498617012841e-05
1.1130219978921883 	 6.236543723883465e-05
1.1140219978921881 	 6.208606485666643e-05
1.115021997892188 	 6.181160601753837e-05
1.116021997892188 	 6.154192776862676e-05
1.1170219978921878 	 6.12769024501471e-05
1.1180219978921877 	 6.10164074222001e-05
1.1190219978921876 	 6.076032480852047e-05
1.1200219978921875 	 6.050854125591459e-05
1.1210219978921874 	 6.0260947708271643e-05
1.1220219978921873 	 6.001743919412373e-05
1.1230219978921872 	 5.977791462681023e-05
1.124021997892187 	 5.954227661637849e-05
1.125021997892187 	 5.9310431292417544e-05
1.1260219978921868 	 5.908228813708726e-05
1.1270219978921867 	 5.8857759827658605e-05
1.1280219978921866 	 5.8636762087935e-05
1.1290219978921865 	 5.8419213547970456e-05
1.1300219978921864 	 5.820503561154452e-05
1.1310219978921863 	 5.7994152330894054e-05
1.1320219978921862 	 5.7786490288237606e-05
1.133021997892186 	 5.7581978483662195e-05
1.134021997892186 	 5.738054822897389e-05
1.1350219978921858 	 5.718213304714032e-05
1.1360219978921857 	 5.6986668576981415e-05
1.1370219978921856 	 5.679409248278677e-05
1.1380219978921855 	 5.6604344368561914e-05
1.1390219978921854 	 5.64173656966256e-05
1.1400219978921853 	 5.623309971029811e-05
1.1410219978921852 	 5.605149136044079e-05
1.142021997892185 	 5.587248723561991e-05
1.143021997892185 	 5.569603549568541e-05
1.1440219978921848 	 5.5522085808567616e-05
1.1450219978921847 	 5.5350589290108515e-05
1.1460219978921846 	 5.518149844675568e-05
1.1470219978921845 	 5.501476712095798e-05
1.1480219978921844 	 5.485035043911296e-05
1.1490219978921843 	 5.46882047619246e-05
1.1500219978921842 	 5.452828763703923e-05
1.151021997892184 	 5.437055775383643e-05
1.152021997892184 	 5.421497490025738e-05
1.1530219978921838 	 5.406149992156282e-05
1.1540219978921837 	 5.391009468091751e-05
1.1550219978921836 	 5.376072202170474e-05
1.1560219978921835 	 5.361334573148058e-05
1.1570219978921834 	 5.346793050748306e-05
1.1580219978921833 	 5.332444192361517e-05
1.1590219978921832 	 5.318284639882744e-05
1.160021997892183 	 5.304311116682796e-05
1.161021997892183 	 5.2905204247053667e-05
1.1620219978921829 	 5.27690944168392e-05
1.1630219978921827 	 5.2634751184724325e-05
1.1640219978921826 	 5.2502144764843504e-05
1.1650219978921825 	 5.237124605234386e-05
1.1660219978921824 	 5.224202659978336e-05
1.1670219978921823 	 5.211445859445951e-05
1.1680219978921822 	 5.198851483662604e-05
1.169021997892182 	 5.186416871855352e-05
1.170021997892182 	 5.174139420439523e-05
1.1710219978921819 	 5.1620165810819844e-05
1.1720219978921818 	 5.150045858837503e-05
1.1730219978921816 	 5.138224810354836e-05
1.1740219978921815 	 5.1265510421493366e-05
1.1750219978921814 	 5.115022208938996e-05
1.1760219978921813 	 5.103636012041087e-05
1.1770219978921812 	 5.0923901978266254e-05
1.178021997892181 	 5.081282556230096e-05
1.179021997892181 	 5.070310919311918e-05
1.1800219978921809 	 5.059473159871396e-05
1.1810219978921808 	 5.048767190107857e-05
1.1820219978921807 	 5.038190960327906e-05
1.1830219978921805 	 5.0277424576967984e-05
1.1840219978921804 	 5.017419705031977e-05
1.1850219978921803 	 5.0072207596370444e-05
1.1860219978921802 	 4.997143712174356e-05
1.18702199789218 	 4.987186685574668e-05
1.18802199789218 	 4.977347833982245e-05
1.1890219978921799 	 4.967625341733931e-05
1.1900219978921798 	 4.9580174223708346e-05
1.1910219978921797 	 4.9485223176811766e-05
1.1920219978921796 	 4.939138296773127e-05
1.1930219978921794 	 4.929863655176351e-05
1.1940219978921793 	 4.920696713971094e-05
1.1950219978921792 	 4.911635818943728e-05
1.1960219978921791 	 4.90267933976767e-05
1.197021997892179 	 4.893825669208719e-05
1.198021997892179 	 4.88507322235375e-05
1.1990219978921788 	 4.876420435861961e-05
1.2000219978921787 	 4.867865767237706e-05
1.2010219978921786 	 4.859407694124152e-05
1.2020219978921785 	 4.851044713616875e-05
1.2030219978921783 	 4.842775341596735e-05
1.2040219978921782 	 4.834598112081228e-05
1.2050219978921781 	 4.826511576593638e-05
1.206021997892178 	 4.818514303549366e-05
1.207021997892178 	 4.8106048776587224e-05
1.2080219978921778 	 4.802781899345679e-05
1.2090219978921777 	 4.7950439841819115e-05
1.2100219978921776 	 4.787389762335664e-05
1.2110219978921775 	 4.779817878034803e-05
1.2120219978921773 	 4.772326989043707e-05
1.2130219978921772 	 4.764915766153356e-05
1.2140219978921771 	 4.757582892684267e-05
1.215021997892177 	 4.750327064001817e-05
1.216021997892177 	 4.7431469870434885e-05
1.2170219978921768 	 4.736041379857725e-05
1.2180219978921767 	 4.729008971153912e-05
1.2190219978921766 	 4.722048499863218e-05
1.2200219978921765 	 4.715158714709907e-05
1.2210219978921764 	 4.708338373792755e-05
1.2220219978921762 	 4.701586244176341e-05
1.2230219978921761 	 4.694901101491838e-05
1.224021997892176 	 4.688281729547054e-05
1.225021997892176 	 4.68172691994546e-05
1.2260219978921758 	 4.675235471713912e-05
1.2270219978921757 	 4.668806190938852e-05
1.2280219978921756 	 4.662437890410748e-05
1.2290219978921755 	 4.656129389276555e-05
1.2300219978921754 	 4.649879512699959e-05
1.2310219978921753 	 4.643687091529251e-05
1.2320219978921751 	 4.6375509619726155e-05
1.233021997892175 	 4.631469965280661e-05
1.234021997892175 	 4.625442947436016e-05
1.2350219978921748 	 4.6194687588498574e-05
1.2360219978921747 	 4.6135462540651876e-05
1.2370219978921746 	 4.6076742914667715e-05
1.2380219978921745 	 4.601851732997534e-05
1.2390219978921744 	 4.596077443881376e-05
1.2400219978921743 	 4.59035029235221e-05
1.2410219978921742 	 4.5846691493891865e-05
1.242021997892174 	 4.579032888457973e-05
1.243021997892174 	 4.573440385257991e-05
1.2440219978921738 	 4.567890517475562e-05
1.2450219978921737 	 4.562382164542842e-05
1.2460219978921736 	 4.556914207402521e-05
1.2470219978921735 	 4.551485528278188e-05
1.2480219978921734 	 4.546095010450337e-05
1.2490219978921733 	 4.54074153803796e-05
1.2500219978921732 	 4.53542399578565e-05
1.251021997892173 	 4.5301412688562325e-05
1.252021997892173 	 4.524892242628873e-05
1.2530219978921728 	 4.519675802502607e-05
1.2540219978921727 	 4.514490833705351e-05
1.2550219978921726 	 4.509336221108276e-05
1.2560219978921725 	 4.504210849045651e-05
1.2570219978921724 	 4.499113601140072e-05
1.2580219978921723 	 4.494043360133113e-05
1.2590219978921722 	 4.488999007721417e-05
1.260021997892172 	 4.483979424398224e-05
1.261021997892172 	 4.478983489300358e-05
1.2620219978921718 	 4.4740100800607406e-05
1.2630219978921717 	 4.469058072666354e-05
1.2640219978921716 	 4.464126341321837e-05
1.2650219978921715 	 4.4592137583186166e-05
1.2660219978921714 	 4.4543191939097046e-05
1.2670219978921713 	 4.4494415161901816e-05
1.2680219978921712 	 4.444579590983388e-05
1.269021997892171 	 4.4397322817329524e-05
1.270021997892171 	 4.4348984494006374e-05
1.2710219978921709 	 4.4300769523701115e-05
1.2720219978921707 	 4.425266646356733e-05
1.2730219978921706 	 4.4204663843233556e-05
1.2740219978921705 	 4.415675016402286e-05
1.2750219978921704 	 4.4108913898234553e-05
1.2760219978921703 	 4.406114348848881e-05
1.2770219978921702 	 4.4013427347134995e-05
1.27802199789217 	 4.396575385572488e-05
1.27902199789217 	 4.391811136455136e-05
1.2800219978921699 	 4.387048819225349e-05
1.2810219978921698 	 4.3822872625489535e-05
1.2820219978921696 	 4.3775252918678e-05
1.2830219978921695 	 4.372761729380834e-05
1.2840219978921694 	 4.367995394032262e-05
1.2850219978921693 	 4.363225101506813e-05
1.2860219978921692 	 4.3584496642323236e-05
1.287021997892169 	 4.353667891389671e-05
1.288021997892169 	 4.3488785889302136e-05
1.2890219978921689 	 4.3440805596008295e-05
1.2900219978921688 	 4.339272602976673e-05
1.2910219978921686 	 4.334453515501749e-05
1.2920219978921685 	 4.3296220905374586e-05
1.2930219978921684 	 4.3247771184191756e-05
1.2940219978921683 	 4.319917386521035e-05
1.2950219978921682 	 4.315041679328984e-05
1.296021997892168 	 4.310148778522266e-05
1.297021997892168 	 4.3052374630633956e-05
1.2980219978921679 	 4.3003065092968316e-05
1.2990219978921678 	 4.295354691056347e-05
1.3000219978921677 	 4.290380779781274e-05
1.3010219978921675 	 4.285383544641759e-05
1.3020219978921674 	 4.280361752673078e-05
1.3030219978921673 	 4.275314168919137e-05
1.3040219978921672 	 4.270239556585283e-05
1.305021997892167 	 4.265136677200529e-05
1.306021997892167 	 4.260004290789233e-05
1.3070219978921669 	 4.2548411560524355e-05
1.3080219978921668 	 4.2496460305588114e-05
1.3090219978921667 	 4.244417670945462e-05
1.3100219978921666 	 4.239154833128522e-05
1.3110219978921664 	 4.2338562725237115e-05
1.3120219978921663 	 4.2285207442769226e-05
1.3130219978921662 	 4.2231470035048585e-05
1.3140219978921661 	 4.217733805545816e-05
1.315021997892166 	 4.2122799062206906e-05
1.316021997892166 	 4.206784062104195e-05
1.3170219978921658 	 4.2012450308064075e-05
1.3180219978921657 	 4.1956615712646086e-05
1.3190219978921656 	 4.190032444045507e-05
1.3200219978921655 	 4.184356411657806e-05
1.3210219978921653 	 4.178632238875187e-05
1.3220219978921652 	 4.1728586930696554e-05
1.3230219978921651 	 4.1670345445552845e-05
1.324021997892165 	 4.1611585669423134e-05
1.325021997892165 	 4.1552295375015704e-05
1.3260219978921648 	 4.149246237539218e-05
1.3270219978921647 	 4.143207452781729e-05
1.3280219978921646 	 4.137111973771054e-05
1.3290219978921645 	 4.130958596269907e-05
1.3300219978921644 	 4.124746121677086e-05
1.3310219978921642 	 4.1184733574527265e-05
1.3320219978921641 	 4.112139117553368e-05
1.333021997892164 	 4.105742222876741e-05
1.334021997892164 	 4.0992815017161266e-05
1.3350219978921638 	 4.0927557902240806e-05
1.3360219978921637 	 4.086163932885478e-05
1.3370219978921636 	 4.079504782999549e-05
1.3380219978921635 	 4.072777203170859e-05
1.3390219978921634 	 4.065980065808909e-05
1.3400219978921633 	 4.0591122536361745e-05
1.3410219978921631 	 4.052172660204352e-05
1.342021997892163 	 4.045160190418533e-05
1.343021997892163 	 4.0380737610690364e-05
1.3440219978921628 	 4.030912301370627e-05
1.3450219978921627 	 4.023674753508756e-05
1.3460219978921626 	 4.0163600731925916e-05
1.3470219978921625 	 4.008967230214399e-05
1.3480219978921624 	 4.0014952090149755e-05
1.3490219978921623 	 3.993943009254738e-05
1.3500219978921622 	 3.986309646390075e-05
1.351021997892162 	 3.978594152254555e-05
1.352021997892162 	 3.970795575644549e-05
1.3530219978921618 	 3.962912982908848e-05
1.3540219978921617 	 3.954945458541784e-05
1.3550219978921616 	 3.946892105779387e-05
1.3560219978921615 	 3.938752047198083e-05
1.3570219978921614 	 3.9305244253154226e-05
1.3580219978921613 	 3.922208403192301e-05
1.3590219978921612 	 3.913803165036139e-05
1.360021997892161 	 3.905307916804422e-05
1.361021997892161 	 3.896721886808094e-05
1.3620219978921608 	 3.888044326314136e-05
1.3630219978921607 	 3.879274510146787e-05
1.3640219978921606 	 3.870411737286724e-05
1.3650219978921605 	 3.861455331467645e-05
1.3660219978921604 	 3.852404641769513e-05
1.3670219978921603 	 3.843259043207909e-05
1.3680219978921602 	 3.834017937318719e-05
1.36902199789216 	 3.8246807527375554e-05
1.37002199789216 	 3.815246945773176e-05
1.3710219978921598 	 3.8057160009742217e-05
1.3720219978921597 	 3.796087431688539e-05
1.3730219978921596 	 3.786360780614419e-05
1.3740219978921595 	 3.776535620342953e-05
1.3750219978921594 	 3.766611553890883e-05
1.3760219978921593 	 3.7565882152231095e-05
1.3770219978921592 	 3.746465269764177e-05
1.378021997892159 	 3.736242414898014e-05
1.379021997892159 	 3.725919380455131e-05
1.3800219978921588 	 3.715495929186596e-05
1.3810219978921587 	 3.704971857224023e-05
1.3820219978921586 	 3.694346994524826e-05
1.3830219978921585 	 3.683621205302058e-05
1.3840219978921584 	 3.672794388438045e-05
1.3850219978921583 	 3.661866477881142e-05
1.3860219978921582 	 3.650837443024905e-05
1.387021997892158 	 3.6397072890689263e-05
1.388021997892158 	 3.628476057360709e-05
1.3890219978921579 	 3.6171438257178584e-05
1.3900219978921577 	 3.605710708729944e-05
1.3910219978921576 	 3.594176858039367e-05
1.3920219978921575 	 3.582542462600639e-05
1.3930219978921574 	 3.570807748917391e-05
1.3940219978921573 	 3.558972981256597e-05
1.3950219978921572 	 3.5470384618393704e-05
1.396021997892157 	 3.5350045310078096e-05
1.397021997892157 	 3.522871567367373e-05
1.3980219978921569 	 3.51063998790425e-05
1.3990219978921568 	 3.498310248077274e-05
1.4000219978921566 	 3.48588284188392e-05
1.4010219978921565 	 3.4733583018999595e-05
1.4020219978921564 	 3.460737199292369e-05
1.4030219978921563 	 3.448020143805177e-05
1.4040219978921562 	 3.4352077837178434e-05
1.405021997892156 	 3.42230080577596e-05
1.406021997892156 	 3.4092999350939334e-05
1.4070219978921559 	 3.396205935029494e-05
1.4080219978921558 	 3.383019607029769e-05
1.4090219978921557 	 3.369741790448832e-05
1.4100219978921555 	 3.3563733623365565e-05
1.4110219978921554 	 3.342915237198761e-05
1.4120219978921553 	 3.329368366728516e-05
1.4130219978921552 	 3.3157337395087185e-05
1.414021997892155 	 3.3020123806858895e-05
1.415021997892155 	 3.28820535161532e-05
1.4160219978921549 	 3.274313749477688e-05
1.4170219978921548 	 3.260338706867273e-05
1.4180219978921547 	 3.246281391352035e-05
1.4190219978921546 	 3.232143005005738e-05
1.4200219978921544 	 3.217924783912444e-05
1.4210219978921543 	 3.203627997643696e-05
1.4220219978921542 	 3.18925394870875e-05
1.4230219978921541 	 3.17480397197828e-05
1.424021997892154 	 3.160279434081985e-05
1.425021997892154 	 3.145681732780588e-05
1.4260219978921538 	 3.131012296312782e-05
1.4270219978921537 	 3.116272582717643e-05
1.4280219978921536 	 3.101464079133136e-05
1.4290219978921535 	 3.0865883010713455e-05
1.4300219978921533 	 3.071646791671122e-05
1.4310219978921532 	 3.056641120928804e-05
1.4320219978921531 	 3.0415728849078136e-05
1.433021997892153 	 3.026443704927842e-05
1.434021997892153 	 3.0112552267344797e-05
1.4350219978921528 	 2.996009119650088e-05
1.4360219978921527 	 2.980707075706761e-05
1.4370219978921526 	 2.9653508087623222e-05
1.4380219978921525 	 2.9499420536001862e-05
1.4390219978921523 	 2.934482565014094e-05
1.4400219978921522 	 2.9189741168786126e-05
1.4410219978921521 	 2.9034185012064212e-05
1.442021997892152 	 2.8878175271933615e-05
1.443021997892152 	 2.8721730202522276e-05
1.4440219978921518 	 2.856486821036389e-05
1.4450219978921517 	 2.8407607844542038e-05
1.4460219978921516 	 2.824996778675327e-05
1.4470219978921515 	 2.80919668412993e-05
1.4480219978921514 	 2.7933623925019212e-05
1.4490219978921512 	 2.7774958057172016e-05
1.4500219978921511 	 2.7615988349280624e-05
1.451021997892151 	 2.7456733994947463e-05
1.452021997892151 	 2.7297214259652985e-05
1.4530219978921508 	 2.7137448470547117e-05
1.4540219978921507 	 2.697745600624474e-05
1.4550219978921506 	 2.6817256286635466e-05
1.4560219978921505 	 2.665686876271833e-05
1.4570219978921504 	 2.6496312906471484e-05
1.4580219978921503 	 2.6335608200767457e-05
1.4590219978921501 	 2.6174774129343955e-05
1.46002199789215 	 2.6013830166839846e-05
1.46102199789215 	 2.5852795768906623e-05
1.4620219978921498 	 2.569169036240453e-05
1.4630219978921497 	 2.5530533335692712e-05
1.4640219978921496 	 2.5369344029022972e-05
1.4650219978921495 	 2.5208141725045365e-05
1.4660219978921494 	 2.5046945639435213e-05
1.4670219978921493 	 2.4885774911648985e-05
1.4680219978921492 	 2.472464859581802e-05
1.469021997892149 	 2.4563585651787613e-05
1.470021997892149 	 2.440260493630886e-05
1.4710219978921488 	 2.4241725194391202e-05
1.4720219978921487 	 2.4080965050821865e-05
1.4730219978921486 	 2.3920343001859555e-05
1.4740219978921485 	 2.3759877407108242e-05
1.4750219978921484 	 2.359958648157752e-05
1.4760219978921483 	 2.343948828793471e-05
1.4770219978921482 	 2.3279600728954738e-05
1.478021997892148 	 2.3119941540172e-05
1.479021997892148 	 2.296052828273963e-05
1.4800219978921478 	 2.2801378336499954e-05
1.4810219978921477 	 2.2642508893270444e-05
1.4820219978921476 	 2.2483936950348563e-05
1.4830219978921475 	 2.232567930423885e-05
1.4840219978921474 	 2.2167752544605414e-05
1.4850219978921473 	 2.2010173048451946e-05
1.4860219978921472 	 2.1852956974531754e-05
1.487021997892147 	 2.1696120257989863e-05
1.488021997892147 	 2.1539678605238552e-05
1.4890219978921468 	 2.138364748906725e-05
1.4900219978921467 	 2.122804214398859e-05
1.4910219978921466 	 2.107287756181995e-05
1.4920219978921465 	 2.0918168487501947e-05
1.4930219978921464 	 2.076392941515294e-05
1.4940219978921463 	 2.061017458435964e-05
1.4950219978921462 	 2.0456917976703094e-05
1.496021997892146 	 2.0304173312518834e-05
1.497021997892146 	 2.015195404789057e-05
1.4980219978921459 	 2.000027337187511e-05
1.4990219978921457 	 1.984914420395749e-05
1.5000219978921456 	 1.969857919173389e-05
1.5010219978921455 	 1.9548590708820176e-05
1.5020219978921454 	 1.9399190852983616e-05
1.5030219978921453 	 1.925039144449494e-05
1.5040219978921452 	 1.910220402469806e-05
1.505021997892145 	 1.8954639854794025e-05
1.506021997892145 	 1.8807709914836045e-05
1.5070219978921449 	 1.8661424902932032e-05
1.5080219978921447 	 1.85157952346511e-05
1.5090219978921446 	 1.8370831042629906e-05
1.5100219978921445 	 1.8226542176375123e-05
1.5110219978921444 	 1.808293820225767e-05
1.5120219978921443 	 1.7940028403694786e-05
1.5130219978921442 	 1.7797821781514957e-05
1.514021997892144 	 1.7656327054501884e-05
1.515021997892144 	 1.7515552660112462e-05
1.5160219978921439 	 1.737550675536414e-05
1.5170219978921438 	 1.7236197217887023e-05
1.5180219978921436 	 1.709763164713585e-05
1.5190219978921435 	 1.6959817365756815e-05
1.5200219978921434 	 1.6822761421104382e-05
1.5210219978921433 	 1.668647058690327e-05
1.5220219978921432 	 1.6550951365050164e-05
1.523021997892143 	 1.6416209987550582e-05
1.524021997892143 	 1.6282252418585502e-05
1.5250219978921429 	 1.6149084356702807e-05
1.5260219978921428 	 1.6016711237128407e-05
1.5270219978921427 	 1.5885138234192188e-05
1.5280219978921425 	 1.575437026386338e-05
1.5290219978921424 	 1.5624411986390595e-05
1.5300219978921423 	 1.54952678090415e-05
1.5310219978921422 	 1.5366941888937052e-05
1.532021997892142 	 1.5239438135975382e-05
1.533021997892142 	 1.5112760215840635e-05
1.5340219978921419 	 1.4986911553091748e-05
1.5350219978921418 	 1.4861895334326288e-05
1.5360219978921417 	 1.4737714511415191e-05
1.5370219978921416 	 1.461437180480299e-05
1.5380219978921414 	 1.4491869706869602e-05
1.5390219978921413 	 1.4370210485348836e-05
1.5400219978921412 	 1.42493961867994e-05
1.5410219978921411 	 1.4129428640123892e-05
1.542021997892141 	 1.4010309460131673e-05
1.543021997892141 	 1.3892040051141438e-05
1.5440219978921408 	 1.3774621610619381e-05
1.5450219978921407 	 1.3658055132848948e-05
1.5460219978921406 	 1.3542341412628476e-05
1.5470219978921405 	 1.3427481048992666e-05
1.5480219978921403 	 1.3313474448954516e-05
1.5490219978921402 	 1.320032183126378e-05
1.5500219978921401 	 1.3088023230178837e-05
1.55102199789214 	 1.2976578499248382e-05
1.55202199789214 	 1.2865987315099617e-05
1.5530219978921398 	 1.2756249181229942e-05
1.5540219978921397 	 1.2647363431799003e-05
1.5550219978921396 	 1.253932923541808e-05
1.5560219978921395 	 1.2432145598933974e-05
1.5570219978921394 	 1.2325811371204788e-05
1.5580219978921392 	 1.2220325246864683e-05
1.5590219978921391 	 1.2115685770075273e-05
1.560021997892139 	 1.2011891338261142e-05
1.561021997892139 	 1.1908940205827132e-05
1.5620219978921388 	 1.1806830487855111e-05
1.5630219978921387 	 1.1705560163778212e-05
1.5640219978921386 	 1.1605127081030318e-05
1.5650219978921385 	 1.1505528958668962e-05
1.5660219978921384 	 1.140676339096977e-05
1.5670219978921383 	 1.1308827850990607e-05
1.5680219978921381 	 1.1211719694103898e-05
1.569021997892138 	 1.1115436161495424e-05
1.570021997892138 	 1.101997438362804e-05
1.5710219978921378 	 1.0925331383669228e-05
1.5720219978921377 	 1.0831504080880766e-05
1.5730219978921376 	 1.0738489293969512e-05
1.5740219978921375 	 1.0646283744398182e-05
1.5750219978921374 	 1.0554884059654844e-05
1.5760219978921373 	 1.0464286776480406e-05
1.5770219978921372 	 1.0374488344052951e-05
1.578021997892137 	 1.0285485127128143e-05
1.579021997892137 	 1.0197273409135005e-05
1.5800219978921368 	 1.0109849395226376e-05
1.5810219978921367 	 1.0023209215283116e-05
1.5820219978921366 	 9.937348926872017e-06
1.5830219978921365 	 9.852264518156429e-06
1.5840219978921364 	 9.767951910759391e-06
1.5850219978921363 	 9.684406962578873e-06
1.5860219978921362 	 9.601625470554737e-06
1.587021997892136 	 9.519603173387196e-06
1.588021997892136 	 9.438335754206535e-06
1.5890219978921358 	 9.357818843193902e-06
1.5900219978921357 	 9.278048020153102e-06
1.5910219978921356 	 9.199018817033304e-06
1.5920219978921355 	 9.120726720402599e-06
1.5930219978921354 	 9.043167173872474e-06
1.5940219978921353 	 8.966335580473274e-06
1.5950219978921352 	 8.890227304980688e-06
1.596021997892135 	 8.814837676193427e-06
1.597021997892135 	 8.74016198916234e-06
1.5980219978921348 	 8.666195507371036e-06
1.5990219978921347 	 8.592933464868418e-06
1.6000219978921346 	 8.52037106835323e-06
1.6010219978921345 	 8.448503499211053e-06
1.6020219978921344 	 8.377325915504033e-06
1.6030219978921343 	 8.306833453913703e-06
1.6040219978921342 	 8.237021231637256e-06
1.605021997892134 	 8.167884348237708e-06
1.606021997892134 	 8.099417887448391e-06
1.6070219978921338 	 8.031616918932114e-06
1.6080219978921337 	 7.964476499995669e-06
1.6090219978921336 	 7.897991677259928e-06
1.6100219978921335 	 7.832157488286227e-06
1.6110219978921334 	 7.766968963159383e-06
1.6120219978921333 	 7.702421126028113e-06
1.6130219978921332 	 7.63850899660304e-06
1.614021997892133 	 7.575227591613263e-06
1.615021997892133 	 7.512571926221709e-06
1.6160219978921329 	 7.450537015400038e-06
1.6170219978921327 	 7.389117875263602e-06
1.6180219978921326 	 7.328309524367134e-06
1.6190219978921325 	 7.268106984961621e-06
1.6200219978921324 	 7.208505284213157e-06
1.6210219978921323 	 7.149499455384209e-06
1.6220219978921322 	 7.091084538978056e-06
1.623021997892132 	 7.033255583846891e-06
1.624021997892132 	 6.976007648264337e-06
1.6250219978921319 	 6.91933580096289e-06
1.6260219978921318 	 6.8632351221369855e-06
1.6270219978921316 	 6.807700704412265e-06
1.6280219978921315 	 6.75272765378174e-06
1.6290219978921314 	 6.69831109050939e-06
1.6300219978921313 	 6.644446150001875e-06
1.6310219978921312 	 6.591127983649002e-06
1.632021997892131 	 6.538351759633488e-06
1.633021997892131 	 6.4861126637107465e-06
1.6340219978921309 	 6.434405899959224e-06
1.6350219978921308 	 6.3832266915019175e-06
1.6360219978921307 	 6.3325702811997425e-06
1.6370219978921305 	 6.282431932317286e-06
1.6380219978921304 	 6.232806929161539e-06
1.6390219978921303 	 6.1836905776942915e-06
1.6400219978921302 	 6.135078206118666e-06
1.64102199789213 	 6.086965165440484e-06
1.64202199789213 	 6.039346830004917e-06
1.6430219978921299 	 5.992218598009162e-06
1.6440219978921298 	 5.94557589199152e-06
1.6450219978921297 	 5.899414159297606e-06
1.6460219978921296 	 5.853728872524096e-06
1.6470219978921294 	 5.808515529940701e-06
1.6480219978921293 	 5.763769655890813e-06
1.6490219978921292 	 5.71948680117135e-06
1.650021997892129 	 5.675662543392391e-06
1.651021997892129 	 5.632292487317074e-06
1.652021997892129 	 5.589372265182259e-06
1.6530219978921288 	 5.5468975370005074e-06
1.6540219978921287 	 5.5048639908438215e-06
1.6550219978921286 	 5.463267343109632e-06
1.6560219978921285 	 5.4221033387695804e-06
1.6570219978921283 	 5.381367751601496e-06
1.6580219978921282 	 5.341056384405026e-06
1.6590219978921281 	 5.301165069201476e-06
1.660021997892128 	 5.261689667418151e-06
1.661021997892128 	 5.222626070057785e-06
1.6620219978921278 	 5.183970197853429e-06
1.6630219978921277 	 5.1457180014091755e-06
1.6640219978921276 	 5.10786546132722e-06
1.6650219978921275 	 5.07040858832163e-06
1.6660219978921273 	 5.033343423319212e-06
1.6670219978921272 	 4.996666037547885e-06
1.6680219978921271 	 4.9603725326129375e-06
1.669021997892127 	 4.924459040561527e-06
1.670021997892127 	 4.888921723935878e-06
1.6710219978921268 	 4.8537567758153976e-06
1.6720219978921267 	 4.818960419848185e-06
1.6730219978921266 	 4.784528910272237e-06
1.6740219978921265 	 4.7504585319266575e-06
1.6750219978921264 	 4.716745600253274e-06
1.6760219978921262 	 4.683386461288922e-06
1.6770219978921261 	 4.650377491648743e-06
1.678021997892126 	 4.617715098500812e-06
1.679021997892126 	 4.585395719532374e-06
1.6800219978921258 	 4.553415822908006e-06
1.6810219978921257 	 4.521771907219998e-06
1.6820219978921256 	 4.490460501431203e-06
1.6830219978921255 	 4.459478164810681e-06
1.6840219978921254 	 4.428821486862364e-06
1.6850219978921253 	 4.398487087247006e-06
1.6860219978921251 	 4.368471615697743e-06
1.687021997892125 	 4.33877175192938e-06
1.688021997892125 	 4.309384205541798e-06
1.6890219978921248 	 4.28030571591761e-06
1.6900219978921247 	 4.251533052114352e-06
1.6910219978921246 	 4.223063012751404e-06
1.6920219978921245 	 4.194892425891908e-06
1.6930219978921244 	 4.167018148919799e-06
1.6940219978921243 	 4.139437068412331e-06
1.6950219978921242 	 4.1121461000080705e-06
1.696021997892124 	 4.085142188270779e-06
1.697021997892124 	 4.058422306549205e-06
1.6980219978921238 	 4.0319834568331075e-06
1.6990219978921237 	 4.005822669605567e-06
1.7000219978921236 	 3.979937003691878e-06
1.7010219978921235 	 3.954323546105086e-06
1.7020219978921234 	 3.928979411888461e-06
1.7030219978921233 	 3.903901743954913e-06
1.7040219978921232 	 3.879087712923675e-06
1.705021997892123 	 3.854534516954264e-06
1.706021997892123 	 3.830239381577978e-06
1.7070219978921228 	 3.806199559526989e-06
1.7080219978921227 	 3.7824123305612314e-06
1.7090219978921226 	 3.758875001293185e-06
1.7100219978921225 	 3.7355849050107133e-06
1.7110219978921224 	 3.712539401498072e-06
1.7120219978921223 	 3.6897358768551722e-06
1.7130219978921222 	 3.667171743315319e-06
1.714021997892122 	 3.6448444390614355e-06
1.715021997892122 	 3.6227514280409382e-06
1.7160219978921218 	 3.600890199779371e-06
1.7170219978921217 	 3.5792582691929023e-06
1.7180219978921216 	 3.557853176399757e-06
1.7190219978921215 	 3.536672486530744e-06
1.7200219978921214 	 3.515713789538904e-06
1.7210219978921213 	 3.494974700008434e-06
1.7220219978921212 	 3.4744528569629287e-06
1.723021997892121 	 3.4541459236730616e-06
1.724021997892121 	 3.4340515874637536e-06
1.7250219978921209 	 3.414167559520958e-06
1.7260219978921207 	 3.3944915746980966e-06
1.7270219978921206 	 3.375021391322227e-06
1.7280219978921205 	 3.3557547910000514e-06
1.7290219978921204 	 3.3366895784237886e-06
1.7300219978921203 	 3.3178235811770126e-06
1.7310219978921202 	 3.2991546495404915e-06
1.73202199789212 	 3.2806806562981297e-06
1.73302199789212 	 3.262399496543034e-06
1.7340219978921199 	 3.244309087483779e-06
1.7350219978921197 	 3.226407368250954e-06
1.7360219978921196 	 3.208692299703963e-06
1.7370219978921195 	 3.1911618642382515e-06
1.7380219978921194 	 3.173814065592893e-06
1.7390219978921193 	 3.1566469286586613e-06
1.7400219978921192 	 3.1396584992865924e-06
1.741021997892119 	 3.1228468440971086e-06
1.742021997892119 	 3.106210050289704e-06
1.7430219978921189 	 3.0897462254533067e-06
1.7440219978921188 	 3.0734534973772575e-06
1.7450219978921186 	 3.0573300138630366e-06
1.7460219978921185 	 3.041373942536711e-06
1.7470219978921184 	 3.025583470662155e-06
1.7480219978921183 	 3.009956804955095e-06
1.7490219978921182 	 2.9944921713979674e-06
1.750021997892118 	 2.9791878150556765e-06
1.751021997892118 	 2.9640419998922157e-06
1.7520219978921179 	 2.949053008588226e-06
1.7530219978921178 	 2.9342191423595074e-06
1.7540219978921177 	 2.9195387207764954e-06
1.7550219978921175 	 2.9050100815847244e-06
1.7560219978921174 	 2.8906315805263155e-06
1.7570219978921173 	 2.8764015911625177e-06
1.7580219978921172 	 2.862318504697251e-06
1.759021997892117 	 2.848380729801794e-06
1.760021997892117 	 2.8345866924405104e-06
1.7610219978921169 	 2.8209348356977017e-06
1.7620219978921168 	 2.807423619605584e-06
1.7630219978921167 	 2.7940515209733878e-06
1.7640219978921166 	 2.7808170332176387e-06
1.7650219978921164 	 2.7677186661935516e-06
1.7660219978921163 	 2.7547549460276553e-06
1.7670219978921162 	 2.7419244149515503e-06
1.7680219978921161 	 2.7292256311368924e-06
1.769021997892116 	 2.7166571685315714e-06
1.770021997892116 	 2.7042176166971024e-06
1.7710219978921158 	 2.6919055806472246e-06
1.7720219978921157 	 2.6797196806877503e-06
1.7730219978921156 	 2.6676585522576224e-06
1.7740219978921155 	 2.655720845771227e-06
1.7750219978921153 	 2.64390522646193e-06
1.7760219978921152 	 2.6322103742268885e-06
1.7770219978921151 	 2.620634983473086e-06
1.778021997892115 	 2.609177762964638e-06
1.779021997892115 	 2.597837435671339e-06
1.7800219978921148 	 2.5866127386184926e-06
1.7810219978921147 	 2.575502422737977e-06
1.7820219978921146 	 2.5645052527205847e-06
1.7830219978921145 	 2.5536200068696135e-06
1.7840219978921144 	 2.542845476955747e-06
1.7850219978921142 	 2.5321804680731485e-06
1.7860219978921141 	 2.5216237984968647e-06
1.787021997892114 	 2.5111742995414563e-06
1.788021997892114 	 2.5008308154209046e-06
1.7890219978921138 	 2.490592203109763e-06
1.7900219978921137 	 2.4804573322055707e-06
1.7910219978921136 	 2.4704250847925175e-06
1.7920219978921135 	 2.4604943553063375e-06
1.7930219978921134 	 2.4506640504004873e-06
1.7940219978921133 	 2.4409330888135167e-06
1.7950219978921131 	 2.4313004012377312e-06
1.796021997892113 	 2.42176493018904e-06
1.797021997892113 	 2.412325629878051e-06
1.7980219978921128 	 2.402981466082407e-06
1.7990219978921127 	 2.3937314160203183e-06
1.8000219978921126 	 2.384574468225311e-06
1.8010219978921125 	 2.375509622422203e-06
1.8020219978921124 	 2.3665358894042725e-06
1.8030219978921123 	 2.3576522909116123e-06
1.8040219978921122 	 2.348857859510697e-06
1.805021997892112 	 2.340151638475126e-06
1.806021997892112 	 2.3315326816675466e-06
1.8070219978921118 	 2.3230000534227462e-06
1.8080219978921117 	 2.314552828431918e-06
1.8090219978921116 	 2.306190091628087e-06
1.8100219978921115 	 2.2979109380726756e-06
1.8110219978921114 	 2.289714472843236e-06
1.8120219978921113 	 2.281599810922304e-06
1.8130219978921112 	 2.27356607708739e-06
1.814021997892111 	 2.265612405802094e-06
1.815021997892111 	 2.2577379411083375e-06
1.8160219978921108 	 2.249941836519713e-06
1.8170219978921107 	 2.24222325491591e-06
1.8180219978921106 	 2.2345813684382637e-06
1.8190219978921105 	 2.227015358386373e-06
1.8200219978921104 	 2.219524415115797e-06
1.8210219978921103 	 2.212107737936832e-06
1.8220219978921102 	 2.204764535014334e-06
1.82302199789211 	 2.1974940232686168e-06
1.82402199789211 	 2.190295428277368e-06
1.8250219978921098 	 2.18316798417864e-06
1.8260219978921097 	 2.176110933574822e-06
1.8270219978921096 	 2.1691235274376878e-06
1.8280219978921095 	 2.1622050250144107e-06
1.8290219978921094 	 2.155354693734611e-06
1.8300219978921093 	 2.1485718091183896e-06
1.8310219978921092 	 2.141855654685352e-06
1.832021997892109 	 2.135205521864607e-06
1.833021997892109 	 2.128620709905749e-06
1.8340219978921088 	 2.1221005257907917e-06
1.8350219978921087 	 2.115644284147066e-06
1.8360219978921086 	 2.109251307161051e-06
1.8370219978921085 	 2.1029209244931615e-06
1.8380219978921084 	 2.096652473193452e-06
1.8390219978921083 	 2.090445297618245e-06
1.8400219978921082 	 2.0842987493476762e-06
1.841021997892108 	 2.078212187104136e-06
1.842021997892108 	 2.0721849766716242e-06
1.8430219978921079 	 2.0662164908159715e-06
1.8440219978921077 	 2.060306109205959e-06
1.8450219978921076 	 2.054453218335299e-06
1.8460219978921075 	 2.048657211445483e-06
1.8470219978921074 	 2.0429174884494804e-06
1.8480219978921073 	 2.037233455856302e-06
1.8490219978921072 	 2.0316045266963766e-06
1.850021997892107 	 2.0260301204477697e-06
1.851021997892107 	 2.02050966296324e-06
1.8520219978921069 	 2.0150425863980816e-06
1.8530219978921068 	 2.0096283291388007e-06
1.8540219978921066 	 2.004266335732573e-06
1.8550219978921065 	 1.9989560568175017e-06
1.8560219978921064 	 1.993696949053646e-06
1.8570219978921063 	 1.9884884750548457e-06
1.8580219978921062 	 1.9833301033212984e-06
1.859021997892106 	 1.978221308172892e-06
1.860021997892106 	 1.9731615696833043e-06
1.8610219978921059 	 1.968150373614832e-06
1.8620219978921058 	 1.9631872113539763e-06
1.8630219978921057 	 1.958271579847725e-06
1.8640219978921055 	 1.9534029815405916e-06
1.8650219978921054 	 1.9485809243123486e-06
1.8660219978921053 	 1.9438049214164627e-06
1.8670219978921052 	 1.9390744914192518e-06
1.868021997892105 	 1.9343891581397095e-06
1.869021997892105 	 1.92974845059003e-06
1.8700219978921049 	 1.9251519029168026e-06
1.8710219978921048 	 1.920599054342882e-06
1.8720219978921047 	 1.91608944910991e-06
1.8730219978921046 	 1.9116226364215158e-06
1.8740219978921044 	 1.9071981703871413e-06
1.8750219978921043 	 1.9028156099665213e-06
1.8760219978921042 	 1.8984745189147975e-06
1.877021997892104 	 1.8941744657282595e-06
1.878021997892104 	 1.8899150235907069e-06
1.879021997892104 	 1.8856957703204246e-06
1.8800219978921038 	 1.881516288317773e-06
1.8810219978921037 	 1.8773761645133756e-06
1.8820219978921036 	 1.873274990316894e-06
1.8830219978921034 	 1.869212361566407e-06
1.8840219978921033 	 1.8651878784783585e-06
1.8850219978921032 	 1.8612011455980858e-06
1.8860219978921031 	 1.8572517717509183e-06
1.887021997892103 	 1.8533393699938404e-06
1.888021997892103 	 1.8494635575677e-06
1.8890219978921028 	 1.8456239558499833e-06
1.8900219978921027 	 1.8418201903081322e-06
1.8910219978921026 	 1.8380518904533771e-06
1.8920219978921025 	 1.834318689795136e-06
1.8930219978921023 	 1.830620225795916e-06
1.8940219978921022 	 1.8269561398267474e-06
1.8950219978921021 	 1.8233260771231188e-06
1.896021997892102 	 1.8197296867414427e-06
1.897021997892102 	 1.816166621516e-06
1.8980219978921018 	 1.812636538016402e-06
1.8990219978921017 	 1.8091390965055289e-06
1.9000219978921016 	 1.8056739608979702e-06
1.9010219978921015 	 1.8022407987189282e-06
1.9020219978921014 	 1.798839281063609e-06
1.9030219978921012 	 1.7954690825570816e-06
1.9040219978921011 	 1.7921298813146016e-06
1.905021997892101 	 1.7888213589023841e-06
1.906021997892101 	 1.7855432002988505e-06
1.9070219978921008 	 1.782295093856303e-06
1.9080219978921007 	 1.779076731263056e-06
1.9090219978921006 	 1.7758878075060092e-06
1.9100219978921005 	 1.7727280208336288e-06
1.9110219978921004 	 1.7695970727193994e-06
1.9120219978921003 	 1.7664946678256619e-06
1.9130219978921001 	 1.7634205139678856e-06
1.9140219978921 	 1.7603743220793553e-06
1.9150219978921 	 1.7573558061762666e-06
1.9160219978920998 	 1.7543646833232178e-06
1.9170219978920997 	 1.7514006735991215e-06
1.9180219978920996 	 1.7484635000634794e-06
1.9190219978920995 	 1.7455528887230826e-06
1.9200219978920994 	 1.7426685684990688e-06
1.9210219978920993 	 1.739810271194387e-06
1.9220219978920992 	 1.736977731461613e-06
1.923021997892099 	 1.7341706867711572e-06
1.924021997892099 	 1.7313888773798338e-06
1.9250219978920988 	 1.7286320462997898e-06
1.9260219978920987 	 1.72589993926781e-06
1.9270219978920986 	 1.7231923047149514e-06
1.9280219978920985 	 1.720508893736556e-06
1.9290219978920984 	 1.7178494600625883e-06
1.9300219978920983 	 1.7152137600283358e-06
1.9310219978920982 	 1.712601552545439e-06
1.932021997892098 	 1.7100125990732478e-06
1.933021997892098 	 1.707446663590533e-06
1.9340219978920978 	 1.7049035125674943e-06
1.9350219978920977 	 1.7023829149381284e-06
1.9360219978920976 	 1.6998846420728866e-06
1.9370219978920975 	 1.6974084677516534e-06
1.9380219978920974 	 1.6949541681370576e-06
1.9390219978920973 	 1.6925215217480732e-06
1.9400219978920972 	 1.690110309433922e-06
1.941021997892097 	 1.6877203143483022e-06
1.942021997892097 	 1.6853513219238825e-06
1.9430219978920968 	 1.6830031198471198e-06
1.9440219978920967 	 1.680675498033348e-06
1.9450219978920966 	 1.6783682486021633e-06
1.9460219978920965 	 1.6760811658530974e-06
1.9470219978920964 	 1.6738140462415559e-06
1.9480219978920963 	 1.6715666883550558e-06
1.9490219978920962 	 1.6693388928897174e-06
1.950021997892096 	 1.6671304626270382e-06
1.951021997892096 	 1.6649412024109422e-06
1.9520219978920959 	 1.6627709191250632e-06
1.9530219978920957 	 1.6606194216703322e-06
1.9540219978920956 	 1.6584865209427878e-06
1.9550219978920955 	 1.6563720298116615e-06
1.9560219978920954 	 1.6542757630977083e-06
1.9570219978920953 	 1.6521975375517876e-06
1.9580219978920952 	 1.650137171833687e-06
1.959021997892095 	 1.6480944864912067e-06
1.960021997892095 	 1.6460693039394565e-06
1.9610219978920949 	 1.6440614484404167e-06
1.9620219978920947 	 1.6420707460827107e-06
1.9630219978920946 	 1.6400970247616338e-06
1.9640219978920945 	 1.6381401141593988e-06
1.9650219978920944 	 1.6361998457256007e-06
1.9660219978920943 	 1.634276052657921e-06
1.9670219978920942 	 1.6323685698830463e-06
1.968021997892094 	 1.6304772340377998e-06
1.969021997892094 	 1.6286018834505029e-06
1.9700219978920939 	 1.6267423581225402e-06
1.9710219978920938 	 1.624898499710133e-06
1.9720219978920936 	 1.623070151506335e-06
1.9730219978920935 	 1.6212571584232182e-06
1.9740219978920934 	 1.6194593669742735e-06
1.9750219978920933 	 1.6176766252570057e-06
1.9760219978920932 	 1.6159087829357416e-06
1.977021997892093 	 1.6141556912246054e-06
1.978021997892093 	 1.6124172028707246e-06
1.9790219978920929 	 1.6106931721375998e-06
1.9800219978920928 	 1.608983454788675e-06
1.9810219978920927 	 1.6072879080710968e-06
1.9820219978920925 	 1.6056063906996622e-06
1.9830219978920924 	 1.6039387628409297e-06
1.9840219978920923 	 1.6022848860975391e-06
1.9850219978920922 	 1.6006446234926902e-06
1.986021997892092 	 1.5990178394548028e-06
1.987021997892092 	 1.5974043998023582e-06
1.9880219978920919 	 1.5958041717289005e-06
1.9890219978920918 	 1.5942170237882223e-06
1.9900219978920917 	 1.5926428258797075e-06
1.9910219978920916 	 1.5910814492338455e-06
1.9920219978920914 	 1.5895327663979088e-06
1.9930219978920913 	 1.5879966512217915e-06
1.9940219978920912 	 1.5864729788440215e-06
1.9950219978920911 	 1.5849616256779045e-06
1.996021997892091 	 1.5834624693978472e-06
1.997021997892091 	 1.5819753889258326e-06
1.9980219978920908 	 1.5805002644180375e-06
1.9990219978920907 	 1.5790369772516129e-06
