0.0010219978922 	 0.0
0.0020219978922 	 0.0
0.0030219978922 	 0.0
0.0040219978922 	 0.0
0.0050219978922 	 0.0
0.0060219978922 	 0.0
0.0070219978922 	 0.0
0.0080219978922 	 0.0
0.009021997892200002 	 0.0
0.010021997892200003 	 0.0
0.011021997892200004 	 0.0
0.012021997892200004 	 0.0
0.013021997892200005 	 0.0
0.014021997892200006 	 0.0
0.015021997892200007 	 0.0
0.016021997892200008 	 0.0
0.01702199789220001 	 0.0
0.01802199789220001 	 0.0
0.01902199789220001 	 0.0
0.02002199789220001 	 0.0
0.021021997892200012 	 0.0
0.022021997892200013 	 0.0
0.023021997892200014 	 0.0
0.024021997892200015 	 0.0
0.025021997892200016 	 0.0
0.026021997892200017 	 0.0
0.027021997892200018 	 0.0
0.02802199789220002 	 0.0
0.02902199789220002 	 0.0
0.03002199789220002 	 0.0
0.03102199789220002 	 0.0
0.03202199789220002 	 0.0
0.03302199789220002 	 0.0
0.03402199789220002 	 0.0
0.03502199789220002 	 0.0
0.03602199789220002 	 0.0
0.03702199789220002 	 0.0
0.038021997892200024 	 0.0
0.039021997892200025 	 0.0
0.040021997892200026 	 0.0
0.04102199789220003 	 0.0
0.04202199789220003 	 0.0
0.04302199789220003 	 0.0
0.04402199789220003 	 0.0
0.04502199789220003 	 0.0
0.04602199789220003 	 0.0
0.04702199789220003 	 0.0
0.04802199789220003 	 0.0
0.049021997892200034 	 0.0
0.050021997892200035 	 0.0
0.051021997892200036 	 0.0
0.052021997892200036 	 0.0
0.05302199789220004 	 0.0
0.05402199789220004 	 0.0
0.05502199789220004 	 0.0
0.05602199789220004 	 0.0
0.05702199789220004 	 0.0
0.05802199789220004 	 0.0
0.05902199789220004 	 0.0
0.060021997892200044 	 0.0
0.061021997892200044 	 0.0
0.062021997892200045 	 0.0
0.06302199789220005 	 0.0
0.06402199789220005 	 0.0
0.06502199789220005 	 0.0
0.06602199789220005 	 0.0
0.06702199789220005 	 0.0
0.06802199789220005 	 0.0
0.06902199789220005 	 0.0
0.07002199789220005 	 0.0
0.07102199789220005 	 0.0
0.07202199789220005 	 0.0
0.07302199789220006 	 0.0
0.07402199789220006 	 0.0
0.07502199789220006 	 0.0
0.07602199789220006 	 0.0
0.07702199789220006 	 0.0
0.07802199789220006 	 0.0
0.07902199789220006 	 0.0
0.08002199789220006 	 0.0
0.08102199789220006 	 0.0
0.08202199789220006 	 0.0
0.08302199789220006 	 0.0
0.08402199789220006 	 0.0
0.08502199789220007 	 0.0
0.08602199789220007 	 0.0
0.08702199789220007 	 0.0
0.08802199789220007 	 0.0
0.08902199789220007 	 0.0
0.09002199789220007 	 0.0
0.09102199789220007 	 0.0
0.09202199789220007 	 0.0
0.09302199789220007 	 0.0
0.09402199789220007 	 0.0
0.09502199789220007 	 0.0
0.09602199789220008 	 0.0
0.09702199789220008 	 0.0
0.09802199789220008 	 0.0
0.09902199789220008 	 0.0
0.10002199789220008 	 0.0
0.10102199789220008 	 0.0
0.10202199789220008 	 0.0
0.10302199789220008 	 0.0
0.10402199789220008 	 0.0
0.10502199789220008 	 0.0
0.10602199789220008 	 0.0
0.10702199789220009 	 0.0
0.10802199789220009 	 0.0
0.10902199789220009 	 0.0
0.11002199789220009 	 0.0
0.11102199789220009 	 0.0
0.11202199789220009 	 0.0
0.11302199789220009 	 0.0
0.11402199789220009 	 0.0
0.11502199789220009 	 0.0
0.1160219978922001 	 0.0
0.1170219978922001 	 0.0
0.1180219978922001 	 0.0
0.1190219978922001 	 0.0
0.1200219978922001 	 0.0
0.1210219978922001 	 0.0
0.1220219978922001 	 0.0
0.1230219978922001 	 0.0
0.1240219978922001 	 0.0
0.1250219978922001 	 0.0
0.1260219978922001 	 0.0
0.1270219978922001 	 0.0
0.1280219978922001 	 0.0
0.1290219978922001 	 0.0
0.1300219978922001 	 0.0
0.1310219978922001 	 0.0
0.1320219978922001 	 0.0
0.1330219978922001 	 0.0
0.1340219978922001 	 0.0
0.1350219978922001 	 0.0
0.1360219978922001 	 0.0
0.1370219978922001 	 0.0
0.1380219978922001 	 0.0
0.1390219978922001 	 0.0
0.1400219978922001 	 0.0
0.1410219978922001 	 0.0
0.1420219978922001 	 0.0
0.1430219978922001 	 0.0
0.1440219978922001 	 0.0
0.1450219978922001 	 0.0
0.1460219978922001 	 0.0
0.1470219978922001 	 0.0
0.1480219978922001 	 0.0
0.1490219978922001 	 0.0
0.1500219978922001 	 0.0
0.1510219978922001 	 0.0
0.1520219978922001 	 0.0
0.1530219978922001 	 0.0
0.1540219978922001 	 0.0
0.15502199789220011 	 0.0
0.15602199789220011 	 0.0
0.15702199789220012 	 0.0
0.15802199789220012 	 0.0
0.15902199789220012 	 0.0
0.16002199789220012 	 0.0
0.16102199789220012 	 0.0
0.16202199789220012 	 0.0
0.16302199789220012 	 0.0
0.16402199789220012 	 0.0
0.16502199789220012 	 0.0
0.16602199789220012 	 0.0
0.16702199789220012 	 0.0
0.16802199789220013 	 0.0
0.16902199789220013 	 0.0
0.17002199789220013 	 0.0
0.17102199789220013 	 0.0
0.17202199789220013 	 0.0
0.17302199789220013 	 0.0
0.17402199789220013 	 0.0
0.17502199789220013 	 0.0
0.17602199789220013 	 0.0
0.17702199789220013 	 0.0
0.17802199789220013 	 0.0
0.17902199789220014 	 0.0
0.18002199789220014 	 0.0
0.18102199789220014 	 0.0
0.18202199789220014 	 0.0
0.18302199789220014 	 0.0
0.18402199789220014 	 0.0
0.18502199789220014 	 0.0
0.18602199789220014 	 0.0
0.18702199789220014 	 0.0
0.18802199789220014 	 0.0
0.18902199789220014 	 0.0
0.19002199789220015 	 0.0
0.19102199789220015 	 0.0
0.19202199789220015 	 0.0
0.19302199789220015 	 0.0
0.19402199789220015 	 0.0
0.19502199789220015 	 0.0
0.19602199789220015 	 0.0
0.19702199789220015 	 0.0
0.19802199789220015 	 0.0
0.19902199789220015 	 0.0
0.20002199789220015 	 0.0
0.20102199789220015 	 0.0
0.20202199789220016 	 0.0
0.20302199789220016 	 0.0
0.20402199789220016 	 0.0
0.20502199789220016 	 0.0
0.20602199789220016 	 0.0
0.20702199789220016 	 0.0
0.20802199789220016 	 0.0
0.20902199789220016 	 0.0
0.21002199789220016 	 0.0
0.21102199789220016 	 0.0
0.21202199789220016 	 0.0
0.21302199789220017 	 0.0
0.21402199789220017 	 0.0
0.21502199789220017 	 0.0
0.21602199789220017 	 0.0
0.21702199789220017 	 0.0
0.21802199789220017 	 0.0
0.21902199789220017 	 0.0
0.22002199789220017 	 0.0
0.22102199789220017 	 0.0
0.22202199789220017 	 0.0
0.22302199789220017 	 0.0
0.22402199789220018 	 0.0
0.22502199789220018 	 0.0
0.22602199789220018 	 0.0
0.22702199789220018 	 0.0
0.22802199789220018 	 0.0
0.22902199789220018 	 0.0
0.23002199789220018 	 0.0
0.23102199789220018 	 0.0
0.23202199789220018 	 0.0
0.23302199789220018 	 0.0
0.23402199789220018 	 0.0
0.23502199789220019 	 0.0
0.23602199789220019 	 0.0
0.2370219978922002 	 0.0
0.2380219978922002 	 0.0
0.2390219978922002 	 0.0
0.2400219978922002 	 0.0
0.2410219978922002 	 0.0
0.2420219978922002 	 0.0
0.2430219978922002 	 0.0
0.2440219978922002 	 0.0
0.2450219978922002 	 0.0
0.2460219978922002 	 0.0
0.2470219978922002 	 0.0
0.2480219978922002 	 0.0
0.2490219978922002 	 0.0
0.2500219978922002 	 0.0
0.2510219978922002 	 0.0
0.2520219978922002 	 0.0
0.2530219978922002 	 0.0
0.2540219978922002 	 0.0
0.2550219978922002 	 0.0
0.2560219978922002 	 0.0
0.2570219978922002 	 0.0
0.2580219978922002 	 0.0
0.2590219978922002 	 0.0
0.2600219978922002 	 0.0
0.2610219978922002 	 0.0
0.2620219978922002 	 0.0
0.2630219978922002 	 0.0
0.2640219978922002 	 0.0
0.2650219978922002 	 0.0
0.2660219978922002 	 0.0
0.2670219978922002 	 0.0
0.2680219978922002 	 0.0
0.2690219978922002 	 0.0
0.2700219978922002 	 0.0
0.2710219978922002 	 0.0
0.2720219978922002 	 0.0
0.2730219978922002 	 0.0
0.2740219978922002 	 0.0
0.2750219978922002 	 0.0
0.2760219978922002 	 0.0
0.2770219978922002 	 0.0
0.2780219978922002 	 0.0
0.2790219978922002 	 0.0
0.2800219978922002 	 0.0
0.2810219978922002 	 0.0
0.2820219978922002 	 0.0
0.2830219978922002 	 0.0
0.28402199789220023 	 0.0
0.28502199789220023 	 0.0
0.28602199789220023 	 0.0
0.28702199789220023 	 0.0
0.28802199789220023 	 0.0
0.28902199789220023 	 0.0
0.29002199789220023 	 0.0
0.29102199789220023 	 0.0
0.29202199789220024 	 0.0
0.29302199789220024 	 0.0
0.29402199789220024 	 0.0
0.29502199789220024 	 0.0
0.29602199789220024 	 0.0
0.29702199789220024 	 0.0
0.29802199789220024 	 0.0
0.29902199789220024 	 0.0
0.30002199789220024 	 0.0
0.30102199789220024 	 0.0
0.30202199789220024 	 0.0
0.30302199789220025 	 0.0
0.30402199789220025 	 0.0
0.30502199789220025 	 0.0
0.30602199789220025 	 0.0
0.30702199789220025 	 0.0
0.30802199789220025 	 0.0
0.30902199789220025 	 0.0
0.31002199789220025 	 0.0
0.31102199789220025 	 0.0
0.31202199789220025 	 0.0
0.31302199789220025 	 0.0
0.31402199789220026 	 0.0
0.31502199789220026 	 0.0
0.31602199789220026 	 0.0
0.31702199789220026 	 0.0
0.31802199789220026 	 0.0
0.31902199789220026 	 0.0
0.32002199789220026 	 0.0
0.32102199789220026 	 0.0
0.32202199789220026 	 0.0
0.32302199789220026 	 0.0
0.32402199789220026 	 0.0
0.32502199789220027 	 0.0
0.32602199789220027 	 0.0
0.32702199789220027 	 0.0
0.32802199789220027 	 0.0
0.32902199789220027 	 0.0
0.33002199789220027 	 0.0
0.33102199789220027 	 0.0
0.33202199789220027 	 0.0
0.33302199789220027 	 0.0
0.3340219978922003 	 0.0
0.3350219978922003 	 0.0
0.3360219978922003 	 0.0
0.3370219978922003 	 0.0
0.3380219978922003 	 0.0
0.3390219978922003 	 0.0
0.3400219978922003 	 0.0
0.3410219978922003 	 0.0
0.3420219978922003 	 0.0
0.3430219978922003 	 0.0
0.3440219978922003 	 0.0
0.3450219978922003 	 0.0
0.3460219978922003 	 0.0
0.3470219978922003 	 0.0
0.3480219978922003 	 0.0
0.3490219978922003 	 0.0
0.3500219978922003 	 0.0
0.3510219978922003 	 0.0
0.3520219978922003 	 0.0
0.3530219978922003 	 0.0
0.3540219978922003 	 0.0
0.3550219978922003 	 0.0
0.3560219978922003 	 0.0
0.3570219978922003 	 0.0
0.3580219978922003 	 0.0
0.3590219978922003 	 0.0
0.3600219978922003 	 0.0
0.3610219978922003 	 0.0
0.3620219978922003 	 0.0
0.3630219978922003 	 0.0
0.3640219978922003 	 0.0
0.3650219978922003 	 0.0
0.3660219978922003 	 0.0
0.3670219978922003 	 0.0
0.3680219978922003 	 0.0
0.3690219978922003 	 0.0
0.3700219978922003 	 0.0
0.3710219978922003 	 0.0
0.3720219978922003 	 0.0
0.3730219978922003 	 0.0
0.3740219978922003 	 0.0
0.3750219978922003 	 0.0
0.3760219978922003 	 0.0
0.3770219978922003 	 0.0
0.3780219978922003 	 0.0
0.3790219978922003 	 0.0
0.3800219978922003 	 0.0
0.3810219978922003 	 0.0
0.3820219978922003 	 0.0
0.3830219978922003 	 0.0
0.3840219978922003 	 0.0
0.3850219978922003 	 0.0
0.3860219978922003 	 0.0
0.3870219978922003 	 0.0
0.3880219978922003 	 0.0
0.3890219978922003 	 0.0
0.3900219978922003 	 0.0
0.3910219978922003 	 0.0
0.3920219978922003 	 0.0
0.3930219978922003 	 0.0
0.3940219978922003 	 0.0
0.3950219978922003 	 0.0
0.39602199789220033 	 0.0
0.39702199789220033 	 0.0
0.39802199789220033 	 0.0
0.39902199789220033 	 0.0
0.40002199789220033 	 0.0
0.40102199789220033 	 0.0
0.40202199789220033 	 0.0
0.40302199789220033 	 0.0
0.40402199789220034 	 0.0
0.40502199789220034 	 0.0
0.40602199789220034 	 0.0
0.40702199789220034 	 0.0
0.40802199789220034 	 0.0
0.40902199789220034 	 0.0
0.41002199789220034 	 0.0
0.41102199789220034 	 0.0
0.41202199789220034 	 0.0
0.41302199789220034 	 0.0
0.41402199789220034 	 0.0
0.41502199789220034 	 0.0
0.41602199789220035 	 0.0
0.41702199789220035 	 0.0
0.41802199789220035 	 0.0
0.41902199789220035 	 1.9146741040787442e-13
0.42002199789220035 	 3.630489150784801e-14
0.42102199789220035 	 2.2754039470095655e-15
0.42202199789220035 	 3.2276133842487125e-14
0.42302199789220035 	 1.6273166111871057e-13
0.42402199789220035 	 5.150545887268471e-13
0.42502199789220035 	 1.2630765233293673e-12
0.42602199789220035 	 2.6346699563487434e-12
0.42702199789220036 	 4.9142124906480755e-12
0.42802199789220036 	 8.444916685509537e-12
0.42902199789220036 	 1.3631290657161233e-11
0.43002199789220036 	 2.0941661115950495e-11
0.43102199789220036 	 3.0910780171207165e-11
0.43202199789220036 	 4.414251325043312e-11
0.43302199789220036 	 6.131261201698791e-11
0.43402199789220036 	 8.317157451455688e-11
0.43502199789220036 	 1.1054759531431334e-10
0.43602199789220036 	 1.4434960839942864e-10
0.43702199789220036 	 1.8557042564305322e-10
0.43802199789220037 	 2.35289973816681e-10
0.43902199789220037 	 2.9467863316121625e-10
0.44002199789220037 	 3.6500068064868994e-10
0.44102199789220037 	 4.476178411624449e-10
0.44202199789220037 	 5.43992949926525e-10
0.44302199789220037 	 6.556937296201909e-10
0.44402199789220037 	 7.843966857255437e-10
0.44502199789220037 	 9.318911237670155e-10
0.4460219978922004 	 1.1000832922216942e-09
0.4470219978922004 	 1.2910006549990356e-09
0.4480219978922004 	 1.5067962975154959e-09
0.4490219978922004 	 1.7497534705174606e-09
0.4500219978922004 	 2.0222902759438103e-09
0.4510219978922004 	 2.326964499253138e-09
0.4520219978922004 	 2.6664785927914023e-09
0.4530219978922004 	 3.0436848149167265e-09
0.4540219978922004 	 3.4615905297578043e-09
0.4550219978922004 	 3.9233636726403535e-09
0.4560219978922004 	 4.4323383863775065e-09
0.4570219978922004 	 4.992020833795027e-09
0.4580219978922004 	 5.606095192035709e-09
0.4590219978922004 	 6.278429834370731e-09
0.4600219978922004 	 7.013083705436287e-09
0.4610219978922004 	 7.8143128960034e-09
0.4620219978922004 	 8.686577423603243e-09
0.4630219978922004 	 9.634548225525632e-09
0.4640219978922004 	 1.0663114370935917e-08
0.4650219978922004 	 1.177739049907407e-08
0.4660219978922004 	 1.2982724490742654e-08
0.4670219978922004 	 1.4284705380512623e-08
0.4680219978922004 	 1.5689171517345328e-08
0.4690219978922004 	 1.7202218981580092e-08
0.4700219978922004 	 1.8830210266495307e-08
0.4710219978922004 	 2.057978323294967e-08
0.4720219978922004 	 2.24578603458777e-08
0.4730219978922004 	 2.4471658201716134e-08
0.4740219978922004 	 2.662869735616729e-08
0.4750219978922004 	 2.893681246198228e-08
0.4760219978922004 	 3.140416272683108e-08
0.4770219978922004 	 3.403924270162886e-08
0.4780219978922004 	 3.685089341006869e-08
0.4790219978922004 	 3.984831383043837e-08
0.4800219978922004 	 4.3041072741352244e-08
0.4810219978922004 	 4.643912094281924e-08
0.4820219978922004 	 5.005280386662148e-08
0.4830219978922004 	 5.389287458257332e-08
0.4840219978922004 	 5.797050723686587e-08
0.4850219978922004 	 6.229731084994778e-08
0.4860219978922004 	 6.688534381049336e-08
0.4870219978922004 	 7.174713248225276e-08
0.4880219978922004 	 7.689566995617687e-08
0.4890219978922004 	 8.234445670312971e-08
0.4900219978922004 	 8.810750000245446e-08
0.4910219978922004 	 9.419933510600214e-08
0.4920219978922004 	 1.0063504232658305e-07
0.4930219978922004 	 1.0743026491038742e-07
0.4940219978922004 	 1.1460122742210983e-07
0.4950219978922004 	 1.221647547399067e-07
0.4960219978922004 	 1.3013829165931022e-07
0.4970219978922004 	 1.3853992313245402e-07
0.4980219978922004 	 1.4738839516250324e-07
0.4990219978922004 	 1.5670313637605493e-07
0.5000219978922004 	 1.6650428029635507e-07
0.5010219978922004 	 1.7681268834131033e-07
0.5020219978922004 	 1.8764997357106943e-07
0.5030219978922004 	 1.9903852521079252e-07
0.5040219978922004 	 2.110015339753142e-07
0.5050219978922004 	 2.2356301822320643e-07
0.5060219978922004 	 2.3674785096893661e-07
0.5070219978922004 	 2.5058178778273487e-07
0.5080219978922004 	 2.650914956090166e-07
0.5090219978922004 	 2.803045825352137e-07
0.5100219978922004 	 2.9624962854418203e-07
0.5110219978922004 	 3.129562172845074e-07
0.5120219978922004 	 3.304549688944137e-07
0.5130219978922004 	 3.4877757391615916e-07
0.5140219978922004 	 3.6795682833943125e-07
0.5150219978922004 	 3.88026669813468e-07
0.5160219978922004 	 4.0902221506936e-07
0.5170219978922004 	 4.3097979859537636e-07
0.5180219978922004 	 4.5393701260993245e-07
0.5190219978922004 	 4.779327483784984e-07
0.5200219978922004 	 5.030072389225164e-07
0.5210219978922004 	 5.292021031698511e-07
0.5220219978922004 	 5.565603916005294e-07
0.5230219978922004 	 5.851266334342432e-07
0.5240219978922004 	 6.149468854431576e-07
0.5250219978922004 	 6.46068782345252e-07
0.5260219978922004 	 6.785415892231437e-07
0.5270219978922004 	 7.124162601316045e-07
0.5280219978922004 	 7.477454739814219e-07
0.5290219978922004 	 7.845837227063878e-07
0.5300219978922004 	 8.229873535489711e-07
0.5310219978922004 	 8.630146232437584e-07
0.5320219978922004 	 9.04725781577028e-07
0.5330219978922004 	 9.481831241454845e-07
0.5340219978922004 	 9.93451064348218e-07
0.5350219978922004 	 1.040596204071837e-06
0.5360219978922004 	 1.0896874070287793e-06
0.5370219978922004 	 1.1407958746162305e-06
0.5380219978922004 	 1.1939952244530317e-06
0.5390219978922004 	 1.2493615716789607e-06
0.5400219978922004 	 1.306973613125825e-06
0.5410219978922004 	 1.36691271446766e-06
0.5420219978922004 	 1.429263000466668e-06
0.5430219978922004 	 1.4941114484237463e-06
0.5440219978922004 	 1.5615479849920308e-06
0.5450219978922004 	 1.6316655863509356e-06
0.5460219978922004 	 1.7045603823648984e-06
0.5470219978922004 	 1.7803317699935085e-06
0.5480219978922004 	 1.8590824997019587e-06
0.5490219978922004 	 1.9409188292219213e-06
0.5500219978922004 	 2.025950617329915e-06
0.5510219978922004 	 2.114291454795005e-06
0.5520219978922004 	 2.206058792686361e-06
0.5530219978922004 	 2.30137407574207e-06
0.5540219978922004 	 2.400362880538313e-06
0.5550219978922004 	 2.5031550587740215e-06
0.5560219978922004 	 2.6098848858425114e-06
0.5570219978922004 	 2.7206912149109223e-06
0.5580219978922004 	 2.835717636727177e-06
0.5590219978922004 	 2.9551126453862927e-06
0.5600219978922004 	 3.07902981029793e-06
0.5610219978922004 	 3.207627954606953e-06
0.5620219978922004 	 3.3410713403330647e-06
0.5630219978922004 	 3.4795298604963022e-06
0.5640219978922004 	 3.6231792385482744e-06
0.5650219978922004 	 3.7722012352909266e-06
0.5660219978922004 	 3.9267838640410906e-06
0.5670219978922004 	 4.087121619008341e-06
0.5680219978922004 	 4.2534156843097595e-06
0.5690219978922004 	 4.4258742091612024e-06
0.5700219978922004 	 4.604712534361816e-06
0.5710219978922004 	 4.790153458128353e-06
0.5720219978922004 	 4.982427505560194e-06
0.5730219978922004 	 5.181773208962395e-06
0.5740219978922004 	 5.388437399072875e-06
0.5750219978922004 	 5.602675507774152e-06
0.5760219978922004 	 5.824751882754979e-06
0.5770219978922004 	 6.05494011464703e-06
0.5780219978922004 	 6.293523377176936e-06
0.5790219978922004 	 6.540794780903379e-06
0.5800219978922004 	 6.797057741129138e-06
0.5810219978922004 	 7.062626360633251e-06
0.5820219978922004 	 7.337825827799578e-06
0.5830219978922004 	 7.622992831117518e-06
0.5840219978922004 	 7.918475993783332e-06
0.5850219978922004 	 8.224636307769131e-06
0.5860219978922004 	 8.541847623544124e-06
0.5870219978922004 	 8.870497121279681e-06
0.5880219978922004 	 9.210985821407993e-06
0.5890219978922004 	 9.563729112336871e-06
0.5900219978922004 	 9.929157305384833e-06
0.5910219978922004 	 1.0307716184519992e-05
0.5920219978922004 	 1.0699867637966102e-05
0.5930219978922004 	 1.1106090256870374e-05
0.5940219978922004 	 1.1526879987602506e-05
0.5950219978922004 	 1.1962750810670328e-05
0.5960219978922005 	 1.2414235443170446e-05
0.5970219978922005 	 1.288188607430946e-05
0.5980219978922005 	 1.3366275131998468e-05
0.5990219978922005 	 1.3867996082670474e-05
0.6000219978922005 	 1.438766426587865e-05
0.6010219978922005 	 1.4925917765359327e-05
0.6020219978922005 	 1.5483418318320973e-05
0.6030219978922005 	 1.6060852264817918e-05
0.6040219978922005 	 1.6658931539168118e-05
0.6050219978922005 	 1.7278394705471726e-05
0.6060219978922005 	 1.7920008039435797e-05
0.6070219978922005 	 1.8584566658686357e-05
0.6080219978922005 	 1.9272895704416908e-05
0.6090219978922005 	 1.9985851581415396e-05
0.6100219978922005 	 2.072432322729108e-05
0.6110219978922005 	 2.148923349627996e-05
0.6120219978922005 	 2.2281540548880392e-05
0.6130219978922005 	 2.3102239335563294e-05
0.6140219978922005 	 2.3952363142753156e-05
0.6150219978922005 	 2.4832985211545164e-05
0.6160219978922005 	 2.5745220435825902e-05
0.6170219978922005 	 2.6690227120302627e-05
0.6180219978922005 	 2.7669208863716438e-05
0.6190219978922005 	 2.8683416488828234e-05
0.6200219978922005 	 2.9734150087019958e-05
0.6210219978922005 	 3.082276115641345e-05
0.6220219978922005 	 3.1950654843690785e-05
0.6230219978922005 	 3.311929229490963e-05
0.6240219978922005 	 3.433019312131151e-05
0.6250219978922005 	 3.5584937986381285e-05
0.6260219978922005 	 3.6885171320820245e-05
0.6270219978922005 	 3.823260417249723e-05
0.6280219978922005 	 3.9629017198875526e-05
0.6290219978922005 	 4.10762638098804e-05
0.6300219978922005 	 4.257627346965508e-05
0.6310219978922005 	 4.4131055166220314e-05
0.6320219978922005 	 4.5742701058483445e-05
0.6330219978922005 	 4.7413390311141604e-05
0.6340219978922005 	 4.9145393132022986e-05
0.6350219978922005 	 5.094107499648635e-05
0.6360219978922005 	 5.280290114490322e-05
0.6370219978922005 	 5.473344124714297e-05
0.6380219978922005 	 5.6735374381914926e-05
0.6390219978922005 	 5.8811494232743554e-05
0.6400219978922005 	 6.0964714585236735e-05
0.6410219978922005 	 6.319807511604395e-05
0.6420219978922005 	 6.551474749646701e-05
0.6430219978922005 	 6.791804182958036e-05
0.6440219978922005 	 7.041141344142326e-05
0.6450219978922005 	 7.299847004811853e-05
0.6460219978922005 	 7.56829793223165e-05
0.6470219978922005 	 7.846887688396348e-05
0.6480219978922005 	 8.136027474219303e-05
0.6490219978922005 	 8.436147021687154e-05
0.6500219978922005 	 8.747695537087505e-05
0.6510219978922005 	 9.071142698996599e-05
0.6520219978922005 	 9.406979711702478e-05
0.6530219978922005 	 9.7557204252192e-05
0.6540219978922005 	 0.00010117902515958366
0.6550219978922005 	 0.00010494088740013712
0.6560219978922005 	 0.00010884868260599056
0.6570219978922005 	 0.0001129085805525496
0.6580219978922005 	 0.0001171270440819236
0.6590219978922005 	 0.00012151084493595313
0.6600219978922005 	 0.0001260670805613745
0.6610219978922005 	 0.00013080319195452064
0.6620219978922005 	 0.0001357269826181762
0.6630219978922005 	 0.00014084663870888138
0.6640219978922005 	 0.0001461707504592112
0.6650219978922005 	 0.00015170833496670297
0.6660219978922005 	 0.00015746886044448787
0.6670219978922005 	 0.00016346227204903894
0.6680219978922005 	 0.0001696990193882103
0.6690219978922005 	 0.00017619008584637355
0.6700219978922005 	 0.0001829470198373722
0.6710219978922005 	 0.00018998196818501608
0.6720219978922005 	 0.00019730771171803707
0.6730219978922005 	 0.00020493770330611547
0.6740219978922005 	 0.00021288610850115088
0.6750219978922005 	 0.00022116784899126548
0.6760219978922005 	 0.00022979864909100856
0.6770219978922005 	 0.00023879508548642142
0.6780219978922005 	 0.00024817464055220035
0.6790219978922005 	 0.0002579557594504155
0.6800219978922005 	 0.00026815791137904904
0.6810219978922005 	 0.0002788016552858605
0.6820219978922005 	 0.0002899087104225811
0.6830219978922005 	 0.0003015020321442514
0.6840219978922005 	 0.0003136058933970184
0.6850219978922005 	 0.0003262459723796492
0.6860219978922005 	 0.00033944944691104
0.6870219978922005 	 0.00035324509609054066
0.6880219978922005 	 0.0003676634098686734
0.6890219978922005 	 0.0003827367072923247
0.6900219978922005 	 0.0003984992641181275
0.6910219978922005 	 0.00041498745071440413
0.6920219978922005 	 0.00043223988112688457
0.6930219978922005 	 0.0004502975744513963
0.6940219978922005 	 0.00046920412952132745
0.6950219978922005 	 0.0004890059142803305
0.6960219978922005 	 0.000509752271198435
0.6970219978922005 	 0.0005314957402919737
0.6980219978922005 	 0.0005542923014686007
0.6990219978922005 	 0.0005782016381092832
0.7000219978922005 	 0.0006032874240125455
0.7010219978922005 	 0.0006296176360664185
0.7020219978922005 	 0.0006572648952839744
0.7030219978922005 	 0.0006863068391435211
0.7040219978922005 	 0.0007168265285189666
0.7050219978922005 	 0.000748912892875728
0.7060219978922005 	 0.0007826612178489212
0.7070219978922005 	 0.0008181736798214677
0.7080219978922005 	 0.0008555599326886745
0.7090219978922006 	 0.0008949377526434726
0.7100219978922006 	 0.0009364337475544336
0.7110219978922006 	 0.0009801841383514193
0.7120219978922006 	 0.0010263356207973562
0.7130219978922006 	 0.0010750463171286554
0.7140219978922006 	 0.0011264868283139037
0.7150219978922006 	 0.0011808413991374147
0.7160219978922006 	 0.0012383092099932408
0.7170219978922006 	 0.0012991058112109457
0.7180219978922006 	 0.0013634647179675062
0.7190219978922006 	 0.0014316391864762652
0.7200219978922006 	 0.0015039041950778533
0.7210219978922006 	 0.0015805586574583667
0.7220219978922006 	 0.0016619278992554567
0.7230219978922006 	 0.001748366434121014
0.7240219978922006 	 0.0018402610809150584
0.7250219978922006 	 0.0019380344702966822
0.7260219978922006 	 0.0020421489967399893
0.7270219978922006 	 0.002153111281169827
0.7280219978922006 	 0.0022714772202653056
0.7290219978922006 	 0.002397857711366306
0.7300219978922006 	 0.002532925157262637
0.7310219978922006 	 0.0026774208734720827
0.7320219978922006 	 0.0028321635425694516
0.7330219978922006 	 0.002998058886485908
0.7340219978922006 	 0.0031761107595841146
0.7350219978922006 	 0.0033674339036630203
0.7360219978922006 	 0.00357326865289923
0.7370219978922006 	 0.0037949979335646067
0.7380219978922006 	 0.004034166973035901
0.7390219978922006 	 0.004292506218060491
0.7400219978922006 	 0.004571958067681396
0.7410219978922006 	 0.004874708156709008
0.7420219978922006 	 0.005203222087932753
0.7430219978922006 	 0.005560288714028648
0.7440219978922006 	 0.0059490713246495765
0.7450219978922006 	 0.006373168415286286
0.7460219978922006 	 0.00683668612167692
0.7470219978922006 	 0.007344324922689883
0.7480219978922006 	 0.007901483880233416
0.7490219978922006 	 0.008514386543213884
0.7500219978922006 	 0.00919023375655124
0.7510219978922006 	 0.009937390071123759
0.7520219978922006 	 0.01076561236331138
0.7530219978922006 	 0.011686331805363426
0.7540219978922006 	 0.012713003705529764
0.7550219978922006 	 0.013861544276400028
0.7560219978922006 	 0.015150879539640682
0.7570219978922006 	 0.01660363997629817
0.7580219978922006 	 0.018247046107871624
0.7590219978922006 	 0.020114046289449624
0.7600219978922006 	 0.02224479058694277
0.7610219978922006 	 0.024688556623749854
0.7620219978922006 	 0.02750628909766279
0.7630219978922006 	 0.0307739808948236
0.7640219978922006 	 0.03458722041173685
0.7650219978922006 	 0.039067372206713816
0.7660219978922006 	 0.044370070015526404
0.7670219978922006 	 0.05069701857611037
0.7680219978922006 	 0.058312578249981706
0.7690219978922006 	 0.06756732442800498
0.7700219978922006 	 0.07893184244859167
0.7710219978922006 	 0.0930455646528983
0.7720219978922006 	 0.11078754029332381
0.7730219978922006 	 0.13337834606294513
0.7740219978922006 	 0.162523258122368
0.7750219978922006 	 0.20060046293373435
0.7760219978922006 	 0.25086636209021856
0.7770219978922006 	 0.3175424473207763
0.7780219978922006 	 0.405345159059382
0.7790219978922006 	 0.5173394104429464
0.7800219978922006 	 0.6491604550301723
0.7810219978922006 	 0.7793220417093712
0.7820219978922006 	 0.8658157759190978
0.7830219978922006 	 0.869577185542016
0.7840219978922006 	 0.7920747178582513
0.7850219978922006 	 0.6724818987650775
0.7860219978922006 	 0.549993081336484
0.7870219978922006 	 0.4442686402588097
0.7880219978922006 	 0.3596970599909223
0.7890219978922006 	 0.29402384381675234
0.7900219978922006 	 0.2433590213092776
0.7910219978922006 	 0.20408786597611656
0.7920219978922006 	 0.1733449031322343
0.7930219978922006 	 0.148987630656053
0.7940219978922006 	 0.12944676915057352
0.7950219978922006 	 0.11357691780557878
0.7960219978922006 	 0.10053806610016261
0.7970219978922006 	 0.08970872418982986
0.7980219978922006 	 0.08062415112105527
0.7990219978922006 	 0.07293285515425005
0.8000219978922006 	 0.0663659481858326
0.8010219978922006 	 0.060715433142662555
0.8020219978922006 	 0.055818690766739926
0.8030219978922006 	 0.051547287181582004
0.8040219978922006 	 0.04779881504926956
0.8050219978922006 	 0.04449088368589901
0.8060219978922006 	 0.0415566463081903
0.8070219978922006 	 0.03894143780590766
0.8080219978922006 	 0.03660022287194827
0.8090219978922006 	 0.03449564127018011
0.8100219978922006 	 0.03259649732166304
0.8110219978922006 	 0.030876582888191197
0.8120219978922006 	 0.029313752935909806
0.8130219978922006 	 0.027889194006547983
0.8140219978922006 	 0.026586841205737746
0.8150219978922006 	 0.025392910408486357
0.8160219978922006 	 0.024295520500224134
0.8170219978922006 	 0.023284386464087023
0.8180219978922006 	 0.022350568583545935
0.8190219978922006 	 0.021486266372364393
0.8200219978922006 	 0.020684648368849673
0.8210219978922007 	 0.01993971085211759
0.8220219978922007 	 0.019246160009154304
0.8230219978922007 	 0.018599313215461148
0.8240219978922007 	 0.017995015971703037
0.8250219978922007 	 0.01742957172519208
0.8260219978922007 	 0.01689968234374766
0.8270219978922007 	 0.016402397434587903
0.8280219978922007 	 0.015935071038155925
0.8290219978922007 	 0.015495324495681338
0.8300219978922007 	 0.015081014504721683
0.8310219978922007 	 0.014690205550351984
0.8320219978922007 	 0.014321146039898385
0.8330219978922007 	 0.013972247582986513
0.8340219978922007 	 0.01364206695153591
0.8350219978922007 	 0.013329290330359844
0.8360219978922007 	 0.013032719531514022
0.8370219978922007 	 0.012751259897087598
0.8380219978922007 	 0.012483909657804094
0.8390219978922007 	 0.012229750550256435
0.8400219978922007 	 0.011987939525152176
0.8410219978922007 	 0.011757701403659823
0.8420219978922007 	 0.011538322359678416
0.8430219978922007 	 0.011329144123295432
0.8440219978922007 	 0.011129558815417889
0.8450219978922007 	 0.010939004336017532
0.8460219978922007 	 0.010756960239000364
0.8470219978922007 	 0.010582944035703768
0.8480219978922007 	 0.010416507876695178
0.8490219978922007 	 0.010257235568102919
0.8500219978922007 	 0.010104739884340323
0.8510219978922007 	 0.009958660143901727
0.8520219978922007 	 0.009818660019082088
0.8530219978922007 	 0.009684425554054743
0.8540219978922007 	 0.009555663368849245
0.8550219978922007 	 0.009432099029463053
0.8560219978922007 	 0.009313475566677607
0.8570219978922007 	 0.009199552128183986
0.8580219978922007 	 0.00909010275039649
0.8590219978922007 	 0.008984915237882106
0.8600219978922007 	 0.008883790139688784
0.8610219978922007 	 0.008786539813044638
0.8620219978922007 	 0.008692987565943723
0.8630219978922007 	 0.008602966871051694
0.8640219978922007 	 0.008516320644174444
0.8650219978922007 	 0.008432900581245921
0.8660219978922007 	 0.008352566548422995
0.8670219978922007 	 0.008275186020433575
0.8680219978922007 	 0.008200633562819594
0.8690219978922007 	 0.008128790354156137
0.8700219978922007 	 0.00805954374471904
0.8710219978922007 	 0.007992786848421926
0.8720219978922007 	 0.007928418165149864
0.8730219978922007 	 0.00786634123090664
0.8740219978922007 	 0.007806464293418443
0.8750219978922007 	 0.007748700011080828
0.8760219978922007 	 0.0076929651733200766
0.8770219978922007 	 0.007639180440623769
0.8780219978922007 	 0.007587270102653836
0.8790219978922007 	 0.007537161852999322
0.8800219978922007 	 0.007488786579255726
0.8810219978922007 	 0.0074420781672336865
0.8820219978922007 	 0.007396973318205512
0.8830219978922007 	 0.0073534113781920036
0.8840219978922007 	 0.00731133417837833
0.8850219978922007 	 0.007270685885824491
0.8860219978922007 	 0.007231412863705927
0.8870219978922007 	 0.007193463540383306
0.8880219978922007 	 0.007156788286657341
0.8890219978922007 	 0.007121339300616767
0.8900219978922007 	 0.007087070499534329
0.8910219978922007 	 0.007053937418308239
0.8920219978922007 	 0.0070218971139853455
0.8930219978922007 	 0.006990908075936922
0.8940219978922007 	 0.006960930141290373
0.8950219978922007 	 0.006931924415246866
0.8960219978922007 	 0.006903853195950966
0.8970219978922007 	 0.0068766799035737455
0.8980219978922007 	 0.006850369013339647
0.8990219978922007 	 0.006824885992199342
0.9000219978922007 	 0.006800197238896956
0.9010219978922007 	 0.006776270027187543
0.9020219978922007 	 0.00675307245197639
0.9030219978922007 	 0.0067305733781738595
0.9040219978922007 	 0.006708742391990657
0.9050219978922007 	 0.006687549754673247
0.9060219978922007 	 0.006666966358229692
0.9070219978922007 	 0.006646963683182204
0.9080219978922007 	 0.006627513758086403
0.9090219978922007 	 0.006608589120685719
0.9100219978922007 	 0.006590162780539226
0.9110219978922007 	 0.006572208182984797
0.9120219978922007 	 0.006554699174289129
0.9130219978922007 	 0.006537609967860138
0.9140219978922007 	 0.006520915111379754
0.9150219978922007 	 0.0065045894547351565
0.9160219978922007 	 0.006488608118622399
0.9170219978922007 	 0.006472946463704065
0.9180219978922007 	 0.0064575800601951545
0.9190219978922007 	 0.006442484657766944
0.9200219978922007 	 0.006427636155647601
0.9210219978922007 	 0.006413010572806752
0.9220219978922007 	 0.006398584018108688
0.9230219978922007 	 0.006384332660317445
0.9240219978922007 	 0.006370232697842801
0.9250219978922007 	 0.006356260328104329
0.9260219978922007 	 0.00634239171639894
0.9270219978922007 	 0.0063286029641505225
0.9280219978922007 	 0.0063148700764172295
0.9290219978922007 	 0.006301168928523916
0.9300219978922007 	 0.006287475231703916
0.9310219978922007 	 0.0062737644975803955
0.9320219978922007 	 0.0062600120013880265
0.9330219978922007 	 0.006246192743741325
0.9340219978922008 	 0.0062322814108175225
0.9350219978922008 	 0.006218252332775361
0.9360219978922008 	 0.0062040794402340805
0.9370219978922008 	 0.006189736218616934
0.9380219978922008 	 0.006175195660165952
0.9390219978922008 	 0.006160430213395673
0.9400219978922008 	 0.006145411729760049
0.9410219978922008 	 0.006130111407274481
0.9420219978922008 	 0.006114499730819023
0.9430219978922008 	 0.006098546408825728
0.9440219978922008 	 0.006082220306021701
0.9450219978922008 	 0.006065489371886338
0.9460219978922008 	 0.006048320564432235
0.9470219978922008 	 0.0060306797688657885
0.9480219978922008 	 0.0060125317105653945
0.9490219978922008 	 0.0059938398636066965
0.9500219978922008 	 0.005974566346514668
0.9510219978922008 	 0.005954671823671275
0.9520219978922008 	 0.0059341153826320235
0.9530219978922008 	 0.005912854415456833
0.9540219978922008 	 0.00589084448482679
0.9550219978922008 	 0.0058680391811510284
0.9560219978922008 	 0.005844389968933789
0.9570219978922008 	 0.005819846019467493
0.9580219978922008 	 0.005794354031340935
0.9590219978922008 	 0.005767858035342322
0.9600219978922008 	 0.005740299183707603
0.9610219978922008 	 0.005711615520074107
0.9620219978922008 	 0.005681741731597671
0.9630219978922008 	 0.005650608877934211
0.9640219978922008 	 0.005618144096923693
0.9650219978922008 	 0.005584270283829936
0.9660219978922008 	 0.005548905741560609
0.9670219978922008 	 0.005511963798859016
0.9680219978922008 	 0.005473352393154777
0.9690219978922008 	 0.005432973614420691
0.9700219978922008 	 0.0053907232059632595
0.9710219978922008 	 0.005346490017699508
0.9720219978922008 	 0.005300155406989497
0.9730219978922008 	 0.005251592581667549
0.9740219978922008 	 0.005200665879391273
0.9750219978922008 	 0.005147229976907106
0.9760219978922008 	 0.005091129022494036
0.9770219978922008 	 0.005032195685966833
0.9780219978922008 	 0.004970250105131015
0.9790219978922008 	 0.004905098772432223
0.9800219978922008 	 0.004836533240826323
0.9810219978922008 	 0.004764328799520393
0.9820219978922008 	 0.0046882429740004675
0.9830219978922008 	 0.0046080139253626175
0.9840219978922008 	 0.004523358724244637
0.9850219978922008 	 0.004433971510464103
0.9860219978922008 	 0.004339521554523335
0.9870219978922008 	 0.004239651252071641
0.9880219978922008 	 0.00413397410384817
0.9890219978922008 	 0.004022072766042217
0.9900219978922008 	 0.003903497303936211
0.9910219978922008 	 0.0037777638530597417
0.9920219978922008 	 0.003644353998386383
0.9930219978922008 	 0.0035027153407311807
0.9940219978922008 	 0.003352263959459979
0.9950219978922008 	 0.0031923898399010575
0.9960219978922008 	 0.0030224668887165094
0.9970219978922008 	 0.0028418700080379664
0.9980219978922008 	 0.0026500030254182154
0.9990219978922008 	 0.002446343366489548
1.0000219978922007 	 0.00223051269703599
1.0010219978922006 	 0.0020023882003931378
1.0020219978922005 	 0.0017622781393907684
1.0030219978922004 	 0.001511200482053469
1.0040219978922003 	 0.0012513295200336043
1.0050219978922001 	 0.0009867214113835569
1.0060219978922 	 0.0007245131389483735
1.0070219978922 	 0.00047694530519861025
1.0080219978921998 	 0.0002648603645187892
1.0090219978921997 	 0.00012393134191339772
1.0100219978921996 	 0.0001161370435018089
1.0110219978921995 	 0.00035175554610049966
1.0120219978921994 	 0.0010334884564770206
1.0130219978921993 	 0.002549652834634344
1.0140219978921992 	 0.005682350942860026
1.015021997892199 	 0.012097094940845718
1.016021997892199 	 0.02551895075574182
1.0170219978921988 	 0.0541979386565285
1.0180219978921987 	 0.1115011831695682
1.0190219978921986 	 0.1860601071174705
1.0200219978921985 	 0.20218870629870928
1.0210219978921984 	 0.15967573866566184
1.0220219978921983 	 0.11745820094382667
1.0230219978921982 	 0.08889677373556312
1.024021997892198 	 0.07042240227878425
1.025021997892198 	 0.0581029836560295
1.0260219978921978 	 0.049533091172702624
1.0270219978921977 	 0.04332778540780042
1.0280219978921976 	 0.038676972861513455
1.0290219978921975 	 0.03508832129852757
1.0300219978921974 	 0.03225075505019528
1.0310219978921973 	 0.02996032480797612
1.0320219978921972 	 0.02807885193474045
1.033021997892197 	 0.026509950043781646
1.034021997892197 	 0.02518463932162743
1.0350219978921968 	 0.02405242382409879
1.0360219978921967 	 0.023075590792445116
1.0370219978921966 	 0.022225468543839756
1.0380219978921965 	 0.02147990961406178
1.0390219978921964 	 0.02082156034753589
1.0400219978921963 	 0.02023664732024231
1.0410219978921962 	 0.019714110746771603
1.042021997892196 	 0.019244975430838484
1.043021997892196 	 0.01882188725976994
1.0440219978921959 	 0.018438766965370765
1.0450219978921957 	 0.018090548207612304
1.0460219978921956 	 0.017772977137060813
1.0470219978921955 	 0.017482457347760504
1.0480219978921954 	 0.017215928760287526
1.0490219978921953 	 0.016970772120662128
1.0500219978921952 	 0.016744733057323418
1.051021997892195 	 0.01653586120512498
1.052021997892195 	 0.016342461043052914
1.0530219978921949 	 0.016163051904870468
1.0540219978921948 	 0.015996335251511708
1.0550219978921946 	 0.015841167705954024
1.0560219978921945 	 0.015696538715484848
1.0570219978921944 	 0.015561551942372496
1.0580219978921943 	 0.015435409680699905
1.0590219978921942 	 0.015317399743065186
1.060021997892194 	 0.01520688437436115
1.061021997892194 	 0.015103290837864762
1.0620219978921939 	 0.015006103387918855
1.0630219978921938 	 0.014914856397483692
1.0640219978921936 	 0.0148291284523391
1.0650219978921935 	 0.014748537257344511
1.0660219978921934 	 0.014672735228037555
1.0670219978921933 	 0.014601405662726974
1.0680219978921932 	 0.014534259408212508
1.069021997892193 	 0.014471031946606006
1.070021997892193 	 0.014411480842778187
1.0710219978921929 	 0.01435538350155819
1.0720219978921928 	 0.014302535191845657
1.0730219978921927 	 0.01425274730142946
1.0740219978921925 	 0.014205845791783769
1.0750219978921924 	 0.01416166982667962
1.0760219978921923 	 0.014120070552308676
1.0770219978921922 	 0.014080910009812065
1.078021997892192 	 0.014044060163715151
1.079021997892192 	 0.014009402032290922
1.0800219978921919 	 0.013976824907475338
1.0810219978921918 	 0.013946225653901325
1.0820219978921917 	 0.013917508077776692
1.0830219978921916 	 0.013890582357716176
1.0840219978921914 	 0.013865364530535627
1.0850219978921913 	 0.013841776025891324
1.0860219978921912 	 0.013819743244517103
1.0870219978921911 	 0.013799197175340294
1.088021997892191 	 0.01378007304735114
1.089021997892191 	 0.01376231001263795
1.0900219978921908 	 0.013745850857388163
1.0910219978921907 	 0.013730641737982833
1.0920219978921906 	 0.013716631939751351
1.0930219978921905 	 0.013703773656079778
1.0940219978921903 	 0.013692021785969191
1.0950219978921902 	 0.013681333748156178
1.0960219978921901 	 0.013671669310651086
1.09702199789219 	 0.013662990432571902
1.09802199789219 	 0.013655261123641847
1.0990219978921898 	 0.013648447295279649
1.1000219978921897 	 0.013642516695536401
1.1010219978921896 	 0.013637438578453592
1.1020219978921895 	 0.013633176995771209
1.1030219978921894 	 0.013629707150680095
1.1040219978921892 	 0.013627007322601766
1.1050219978921891 	 0.013625055704161922
1.106021997892189 	 0.013623830401190454
1.107021997892189 	 0.01362330943272145
1.1080219978921888 	 0.013623470730993193
1.1090219978921887 	 0.013624292141448146
1.1100219978921886 	 0.013625751422732967
1.1110219978921885 	 0.013627826246714894
1.1120219978921884 	 0.013630495843621651
1.1130219978921883 	 0.013633745528936727
1.1140219978921881 	 0.013637562003781472
1.115021997892188 	 0.013641931915745276
1.116021997892188 	 0.013646841858885537
1.1170219978921878 	 0.013652278373727698
1.1180219978921877 	 0.013658227947265218
1.1190219978921876 	 0.013664677012959585
1.1200219978921875 	 0.013671611950740323
1.1210219978921874 	 0.013679019087013931
1.1220219978921873 	 0.013686885594027734
1.1230219978921872 	 0.013695201964573746
1.124021997892187 	 0.013703959442711494
1.125021997892187 	 0.013713149236991106
1.1260219978921868 	 0.013722762520453334
1.1270219978921867 	 0.013732790430629516
1.1280219978921866 	 0.013743224069541603
1.1290219978921865 	 0.01375405450370215
1.1300219978921864 	 0.013765272764114315
1.1310219978921863 	 0.013776869846277597
1.1320219978921862 	 0.013788837284807402
1.133021997892186 	 0.013801168734532448
1.134021997892186 	 0.013813858328879011
1.1350219978921858 	 0.013826900177177194
1.1360219978921857 	 0.013840288364660929
1.1370219978921856 	 0.013854016952467995
1.1380219978921855 	 0.013868079977639993
1.1390219978921854 	 0.013882471453122353
1.1400219978921853 	 0.013897185367764344
1.1410219978921852 	 0.01391221568632266
1.142021997892185 	 0.013927556710813837
1.143021997892185 	 0.013943204074773572
1.1440219978921848 	 0.013959153710882174
1.1450219978921847 	 0.013975401534838209
1.1460219978921846 	 0.013991943445358488
1.1470219978921845 	 0.01400877532417807
1.1480219978921844 	 0.01402589303605026
1.1490219978921843 	 0.014043292428746624
1.1500219978921842 	 0.01406096933305697
1.151021997892184 	 0.01407891956279171
1.152021997892184 	 0.014097139150911304
1.1530219978921838 	 0.014115624999221423
1.1540219978921837 	 0.014134374203733795
1.1550219978921836 	 0.014153383848087026
1.1560219978921835 	 0.01417265100354661
1.1570219978921834 	 0.014192172729004936
1.1580219978921833 	 0.014211946070981262
1.1590219978921832 	 0.01423196806362173
1.160021997892183 	 0.014252235728699384
1.161021997892183 	 0.014272746075615638
1.1620219978921829 	 0.014293496253373426
1.1630219978921827 	 0.014314483968712622
1.1640219978921826 	 0.014335707051897092
1.1650219978921825 	 0.014357163323758183
1.1660219978921824 	 0.014378850595694711
1.1670219978921823 	 0.014400766669672984
1.1680219978921822 	 0.014422909338226785
1.169021997892182 	 0.014445276384457363
1.170021997892182 	 0.014467865582033463
1.1710219978921819 	 0.014490674695192232
1.1720219978921818 	 0.014513701572006652
1.1730219978921816 	 0.014536944400994206
1.1740219978921815 	 0.014560401444627086
1.1750219978921814 	 0.014584070957734235
1.1760219978921813 	 0.014607951187501354
1.1770219978921812 	 0.014632040373470887
1.178021997892181 	 0.014656336747542046
1.179021997892181 	 0.014680838533970801
1.1800219978921809 	 0.014705543949369855
1.1810219978921808 	 0.014730451202709159
1.1820219978921807 	 0.014755558543544921
1.1830219978921805 	 0.014780864394710398
1.1840219978921804 	 0.014806367214508313
1.1850219978921803 	 0.014832065454515566
1.1860219978921802 	 0.014857957559583216
1.18702199789218 	 0.014884041967836487
1.18802199789218 	 0.014910317110674781
1.1890219978921799 	 0.014936781412771664
1.1900219978921798 	 0.014963433292074875
1.1910219978921797 	 0.014990271159806418
1.1920219978921796 	 0.015017293430877352
1.1930219978921794 	 0.015044498552541008
1.1940219978921793 	 0.0150718849746333
1.1950219978921792 	 0.015099451140460744
1.1960219978921791 	 0.015127195486800483
1.197021997892179 	 0.015155116443900279
1.198021997892179 	 0.015183212435478509
1.1990219978921788 	 0.015211481878724162
1.2000219978921787 	 0.015239923184296851
1.2010219978921786 	 0.015268534756326555
1.2020219978921785 	 0.015297314967839284
1.2030219978921783 	 0.01532626209314915
1.2040219978921782 	 0.015355374378080653
1.2050219978921781 	 0.015384650061469217
1.206021997892178 	 0.015414087375161235
1.207021997892178 	 0.01544368454401401
1.2080219978921778 	 0.0154734397858958
1.2090219978921777 	 0.015503351311685806
1.2100219978921776 	 0.015533417325274157
1.2110219978921775 	 0.015563636023561353
1.2120219978921773 	 0.015594005536801571
1.2130219978921772 	 0.015624523764481202
1.2140219978921771 	 0.015655188545795427
1.215021997892177 	 0.01568599771184366
1.216021997892177 	 0.015716949085629556
1.2170219978921768 	 0.01574804048206101
1.2180219978921767 	 0.01577926970795016
1.2190219978921766 	 0.015810634562013374
1.2200219978921765 	 0.015842132834871254
1.2210219978921764 	 0.015873762309047683
1.2220219978921762 	 0.01590552066223318
1.2230219978921761 	 0.01593740520115749
1.224021997892176 	 0.015969413138035682
1.225021997892176 	 0.01600154167520716
1.2260219978921758 	 0.01603378800513568
1.2270219978921757 	 0.01606614931040933
1.2280219978921756 	 0.01609862276374053
1.2290219978921755 	 0.016131205527966062
1.2300219978921754 	 0.016163894756047025
1.2310219978921753 	 0.016196687591067526
1.2320219978921751 	 0.016229581029608316
1.233021997892175 	 0.016262571545887897
1.234021997892175 	 0.016295655482213883
1.2350219978921748 	 0.016328829168524774
1.2360219978921747 	 0.016362088922389995
1.2370219978921746 	 0.016395431049009854
1.2380219978921745 	 0.016428851841215574
1.2390219978921744 	 0.016462347579469266
1.2400219978921743 	 0.016495914531863956
1.2410219978921742 	 0.01652954895412178
1.242021997892174 	 0.016563246910710264
1.243021997892174 	 0.016597003782742304
1.2440219978921738 	 0.01663081477920616
1.2450219978921737 	 0.016664675093482663
1.2460219978921736 	 0.016698579903345178
1.2470219978921735 	 0.01673252437095963
1.2480219978921734 	 0.016766503642884463
1.2490219978921733 	 0.016800512850070698
1.2500219978921732 	 0.01683454710786189
1.251021997892173 	 0.016868601515991944
1.252021997892173 	 0.016902670937806227
1.2530219978921728 	 0.016936749392921127
1.2540219978921727 	 0.01697083068820426
1.2550219978921726 	 0.0170049086109509
1.2560219978921725 	 0.01703897692888401
1.2570219978921724 	 0.01707302939015424
1.2580219978921723 	 0.01710705972333992
1.2590219978921722 	 0.017141061637447063
1.260021997892172 	 0.017175028821909355
1.261021997892172 	 0.017208954946585607
1.2620219978921718 	 0.0172428334050032
1.2630219978921717 	 0.01727665660805913
1.2640219978921716 	 0.017310416717844678
1.2650219978921715 	 0.017344105872304394
1.2660219978921714 	 0.017377716185236026
1.2670219978921713 	 0.017411239746290604
1.2680219978921712 	 0.017444668620972385
1.269021997892171 	 0.01747799485063889
1.270021997892171 	 0.017511210452500866
1.2710219978921709 	 0.017544307419619563
1.2720219978921707 	 0.017577277444154184
1.2730219978921706 	 0.017610111156070547
1.2740219978921705 	 0.017642798914137534
1.2750219978921704 	 0.017675331048085375
1.2760219978921703 	 0.017707697858605605
1.2770219978921702 	 0.01773988961735109
1.27802199789217 	 0.017771896566936014
1.27902199789217 	 0.017803708920935874
1.2800219978921699 	 0.017835316863887497
1.2810219978921698 	 0.01786671055128637
1.2820219978921696 	 0.017897879844067224
1.2830219978921695 	 0.017928813578225112
1.2840219978921694 	 0.017959500323727506
1.2850219978921693 	 0.017989928616846448
1.2860219978921692 	 0.018020086960158527
1.287021997892169 	 0.0180499638225449
1.288021997892169 	 0.0180795476391913
1.2890219978921689 	 0.018108826811587986
1.2900219978921688 	 0.018137789707529807
1.2910219978921686 	 0.018166424661114157
1.2920219978921685 	 0.018194719770151937
1.2930219978921684 	 0.01822266233890443
1.2940219978921683 	 0.018250239457142364
1.2950219978921682 	 0.01827743817741547
1.296021997892168 	 0.018304245515052477
1.297021997892168 	 0.018330648448161097
1.2980219978921679 	 0.018356633917628047
1.2990219978921678 	 0.018382188827119044
1.3000219978921677 	 0.01840730004307879
1.3010219978921675 	 0.018431954394730336
1.3020219978921674 	 0.018456138609056587
1.3030219978921673 	 0.01847983913195642
1.3040219978921672 	 0.01850304231409171
1.305021997892167 	 0.01852573446778053
1.306021997892167 	 0.018547901866997164
1.3070219978921669 	 0.01856953074737207
1.3080219978921668 	 0.018590607306191925
1.3090219978921667 	 0.018611117702399593
1.3100219978921666 	 0.018631048056594133
1.3110219978921664 	 0.01865038445103247
1.3120219978921663 	 0.018669113095150725
1.3130219978921662 	 0.018687220780850115
1.3140219978921661 	 0.018704694409362635
1.315021997892166 	 0.018721520846413077
1.316021997892166 	 0.018737686922219013
1.3170219978921658 	 0.018753179431490796
1.3180219978921657 	 0.01876798513343156
1.3190219978921656 	 0.01878209075173723
1.3200219978921655 	 0.018795482974596506
1.3210219978921653 	 0.018808148454695767
1.3220219978921652 	 0.018820074299587146
1.3230219978921651 	 0.018831249420481103
1.324021997892165 	 0.018841663130518126
1.325021997892165 	 0.018851304715671466
1.3260219978921648 	 0.018860163434747206
1.3270219978921647 	 0.018868228519384175
1.3280219978921646 	 0.018875489174054013
1.3290219978921645 	 0.018881934576061146
1.3300219978921644 	 0.01888755387554279
1.3310219978921642 	 0.018892336195477706
1.3320219978921641 	 0.01889627151015736
1.333021997892164 	 0.018899353061445315
1.334021997892164 	 0.01890157484758251
1.3350219978921638 	 0.01890293085447125
1.3360219978921637 	 0.018903415055675183
1.3370219978921636 	 0.01890302141241932
1.3380219978921635 	 0.018901743873590015
1.3390219978921634 	 0.018899576375734962
1.3400219978921633 	 0.018896512843063217
1.3410219978921631 	 0.018892547187457694
1.342021997892163 	 0.018887674564184755
1.343021997892163 	 0.01888189482570382
1.3440219978921628 	 0.018875208932009117
1.3450219978921627 	 0.018867617851794617
1.3460219978921626 	 0.01885912256245402
1.3470219978921625 	 0.018849724050080768
1.3480219978921624 	 0.01883942330946804
1.3490219978921623 	 0.018828221344108744
1.3500219978921622 	 0.018816119166195543
1.351021997892162 	 0.018803117796635897
1.352021997892162 	 0.018789219776520094
1.3530219978921618 	 0.018774433324326142
1.3540219978921617 	 0.018758768015024383
1.3550219978921616 	 0.018742233457421025
1.3560219978921615 	 0.018724839294158097
1.3570219978921614 	 0.018706595201713506
1.3580219978921613 	 0.018687510890400997
1.3590219978921612 	 0.018667596104370146
1.360021997892161 	 0.018646860621606413
1.361021997892161 	 0.018625314253946337
1.3620219978921608 	 0.018602968379020056
1.3630219978921607 	 0.01857984015370533
1.3640219978921606 	 0.01855594813459318
1.3650219978921605 	 0.018531310937400004
1.3660219978921604 	 0.018505947236967628
1.3670219978921603 	 0.01847987576726327
1.3680219978921602 	 0.018453115321379568
1.36902199789216 	 0.018425684751534555
1.37002199789216 	 0.01839760296907166
1.3710219978921598 	 0.018368888944472226
1.3720219978921597 	 0.01833956296099498
1.3730219978921596 	 0.018309650062633777
1.3740219978921595 	 0.018279176470111704
1.3750219978921594 	 0.018248168483821707
1.3760219978921593 	 0.018216652483826593
1.3770219978921592 	 0.01818465492985901
1.378021997892159 	 0.018152202361321472
1.379021997892159 	 0.018119321397286343
1.3800219978921588 	 0.018086038736495825
1.3810219978921587 	 0.01805238115736905
1.3820219978921586 	 0.01801837622677453
1.3830219978921585 	 0.01798405424937938
1.3840219978921584 	 0.017949446241304803
1.3850219978921583 	 0.0179145833098731
1.3860219978921582 	 0.017879496653607586
1.387021997892158 	 0.01784421756223266
1.388021997892158 	 0.01780877741667378
1.3890219978921579 	 0.017773207689057453
1.3900219978921577 	 0.017737539942711256
1.3910219978921576 	 0.017701805832164092
1.3920219978921575 	 0.01766603713062332
1.3930219978921574 	 0.017630265805544346
1.3940219978921573 	 0.017594523940073197
1.3950219978921572 	 0.01755884370900075
1.396021997892157 	 0.0175232573787628
1.397021997892157 	 0.017487797307439986
1.3980219978921569 	 0.017452495944757843
1.3990219978921568 	 0.017417385832086792
1.4000219978921566 	 0.01738249960244213
1.4010219978921565 	 0.017347869980477916
1.4020219978921564 	 0.017313529168952697
1.4030219978921563 	 0.017279507161364466
1.4040219978921562 	 0.017245833496096374
1.405021997892156 	 0.01721253779333709
1.406021997892156 	 0.017179649755080812
1.4070219978921559 	 0.01714719916512725
1.4080219978921558 	 0.017115215889081613
1.4090219978921557 	 0.01708372987435467
1.4100219978921555 	 0.017052771150162675
1.4110219978921554 	 0.017022369827516797
1.4120219978921553 	 0.01699255503244268
1.4130219978921552 	 0.01696335197212285
1.414021997892155 	 0.016934784984980644
1.415021997892155 	 0.01690687847425795
1.4160219978921549 	 0.016879656908015173
1.4170219978921548 	 0.016853144819131274
1.4180219978921547 	 0.016827366805303712
1.4190219978921546 	 0.016802347529048495
1.4200219978921544 	 0.01677811171770015
1.4210219978921543 	 0.01675468416339911
1.4220219978921542 	 0.016732088455567753
1.4230219978921541 	 0.016710343495017054
1.424021997892154 	 0.016689467118068284
1.425021997892154 	 0.01666947720581962
1.4260219978921538 	 0.01665039168414617
1.4270219978921537 	 0.01663222852369994
1.4280219978921536 	 0.016615005739909858
1.4290219978921535 	 0.01659874139298176
1.4300219978921533 	 0.016583453587898388
1.4310219978921532 	 0.016569160474407076
1.4320219978921531 	 0.01655587900804582
1.433021997892153 	 0.01654362154281425
1.434021997892153 	 0.016532399373743675
1.4350219978921528 	 0.016522223821188908
1.4360219978921527 	 0.01651310623082831
1.4370219978921526 	 0.016505057973663747
1.4380219978921525 	 0.016498090446020606
1.4390219978921523 	 0.016492215069547792
1.4400219978921522 	 0.016487443291217745
1.4410219978921521 	 0.01648378658331586
1.442021997892152 	 0.01648125538420429
1.443021997892152 	 0.016479856185333094
1.4440219978921518 	 0.016479594559957032
1.4450219978921517 	 0.016480476090138453
1.4460219978921516 	 0.016482506366747238
1.4470219978921515 	 0.016485690989460833
1.4480219978921514 	 0.01649003556676426
1.4490219978921512 	 0.01649554571595009
1.4500219978921511 	 0.016502227063118463
1.451021997892151 	 0.016510085243168916
1.452021997892151 	 0.016519125081002537
1.4530219978921508 	 0.0165293483397892
1.4540219978921507 	 0.016540756062239998
1.4550219978921506 	 0.016553349287194558
1.4560219978921505 	 0.016567129049621016
1.4570219978921504 	 0.016582096380616043
1.4580219978921503 	 0.016598252307404825
1.4590219978921501 	 0.01661559785334106
1.46002199789215 	 0.01663413403790698
1.46102199789215 	 0.016653861876707445
1.4620219978921498 	 0.01667478179046322
1.4630219978921497 	 0.016696891979736096
1.4640219978921496 	 0.016720190114891065
1.4650219978921495 	 0.016744673853332528
1.4660219978921494 	 0.016770340839504284
1.4670219978921493 	 0.016797188704889564
1.4680219978921492 	 0.016825215068010987
1.469021997892149 	 0.016854417534430594
1.470021997892149 	 0.01688479369674984
1.4710219978921488 	 0.016916341134605377
1.4720219978921487 	 0.01694905699310409
1.4730219978921486 	 0.016982936823529925
1.4740219978921485 	 0.017017975788819122
1.4750219978921484 	 0.017054169032508077
1.4760219978921483 	 0.017091511678733386
1.4770219978921482 	 0.017129998832231853
1.478021997892148 	 0.017169625578340474
1.479021997892148 	 0.017210386982996418
1.4800219978921478 	 0.017252278092737054
1.4810219978921477 	 0.017295293934696657
1.4820219978921476 	 0.01733942918512593
1.4830219978921475 	 0.01738467725784098
1.4840219978921474 	 0.0174310312521192
1.4850219978921473 	 0.017478484242809143
1.4860219978921472 	 0.017527029280330512
1.487021997892147 	 0.017576659390674116
1.488021997892147 	 0.017627367575401953
1.4890219978921468 	 0.017679146811647114
1.4900219978921467 	 0.01773199005211386
1.4910219978921466 	 0.01778589022507434
1.4920219978921465 	 0.017840839909228447
1.4930219978921464 	 0.017896830439599474
1.4940219978921463 	 0.017953852837318627
1.4950219978921462 	 0.018011898094188444
1.496021997892146 	 0.01807095717268282
1.497021997892146 	 0.018131021005946983
1.4980219978921459 	 0.018192080497797504
1.4990219978921457 	 0.01825412652272229
1.5000219978921456 	 0.018317149925880596
1.5010219978921455 	 0.01838114152309906
1.5020219978921454 	 0.018446091703297966
1.5030219978921453 	 0.018511989335215286
1.5040219978921452 	 0.01857882290434831
1.505021997892145 	 0.018646580860914207
1.506021997892145 	 0.018715251619849996
1.5070219978921449 	 0.0187848235608126
1.5080219978921447 	 0.018855285028178768
1.5090219978921446 	 0.01892662433104516
1.5100219978921445 	 0.01899882974322829
1.5110219978921444 	 0.01907188950325918
1.5120219978921443 	 0.019145791276276726
1.5130219978921442 	 0.01922052067432291
1.514021997892144 	 0.019296062795197157
1.515021997892144 	 0.01937240269341685
1.5160219978921439 	 0.01944952538021733
1.5170219978921438 	 0.01952741582355193
1.5180219978921436 	 0.019606058948091958
1.5190219978921435 	 0.019685439635226665
1.5200219978921434 	 0.019765542723063308
1.5210219978921433 	 0.01984635300641981
1.5220219978921432 	 0.0199278545069557
1.523021997892143 	 0.02001002846617655
1.524021997892143 	 0.02009285543272367
1.5250219978921429 	 0.02017631590117413
1.5260219978921428 	 0.02026039031204081
1.5270219978921427 	 0.020345059051772366
1.5280219978921425 	 0.020430302452753228
1.5290219978921424 	 0.0205161007933036
1.5300219978921423 	 0.020602434297679495
1.5310219978921422 	 0.020689283136063264
1.532021997892142 	 0.020776626479162317
1.533021997892142 	 0.020864439898574155
1.5340219978921419 	 0.020952698070510596
1.5350219978921418 	 0.021041375603244202
1.5360219978921417 	 0.021130447037108303
1.5370219978921416 	 0.021219886844496928
1.5380219978921414 	 0.021309669429864928
1.5390219978921413 	 0.021399769129727828
1.5400219978921412 	 0.02149016021266194
1.5410219978921411 	 0.02158081687929296
1.542021997892141 	 0.021671712122359243
1.543021997892141 	 0.02176281459218688
1.5440219978921408 	 0.021854091856822383
1.5450219978921407 	 0.021945511399751424
1.5460219978921406 	 0.022037040619898796
1.5470219978921405 	 0.02212864683162845
1.5480219978921403 	 0.022220297264743453
1.5490219978921402 	 0.02231195906448602
1.5500219978921401 	 0.02240359929153753
1.55102199789214 	 0.02249518492200606
1.55202199789214 	 0.022586681602732677
1.5530219978921398 	 0.02267805022875247
1.5540219978921397 	 0.0227692505030921
1.5550219978921396 	 0.02286024202618523
1.5560219978921395 	 0.022950984295872504
1.5570219978921394 	 0.02304143670740155
1.5580219978921392 	 0.023131558553426995
1.5590219978921391 	 0.02322130902401044
1.560021997892139 	 0.02331064720662048
1.561021997892139 	 0.023399532086121094
1.5620219978921388 	 0.02348792137880283
1.5630219978921387 	 0.023575768326351523
1.5640219978921386 	 0.023663025030556523
1.5650219978921385 	 0.02374964347383065
1.5660219978921384 	 0.023835575519210218
1.5670219978921383 	 0.02392077291035503
1.5680219978921381 	 0.024005187271548354
1.569021997892138 	 0.024088770107696965
1.570021997892138 	 0.02417147280433109
1.5710219978921378 	 0.024253246627596526
1.5720219978921377 	 0.02433404192622046
1.5730219978921376 	 0.024413805937204974
1.5740219978921375 	 0.024492485068272403
1.5750219978921374 	 0.02457002559635434
1.5760219978921373 	 0.024646373667591686
1.5770219978921372 	 0.024721475297334594
1.578021997892137 	 0.024795276370142512
1.579021997892137 	 0.02486772263978417
1.5800219978921368 	 0.024938759729237543
1.5810219978921367 	 0.02500833313068934
1.5820219978921366 	 0.02507638814698925
1.5830219978921365 	 0.02514286973067229
1.5840219978921364 	 0.025207722651407426
1.5850219978921363 	 0.02527089154724083
1.5860219978921362 	 0.025332320924595877
1.587021997892136 	 0.02539195515827313
1.588021997892136 	 0.025449738491450352
1.5890219978921358 	 0.025505615035682497
1.5900219978921357 	 0.025559528770901726
1.5910219978921356 	 0.02561142354542789
1.5920219978921355 	 0.02566124412917486
1.5930219978921354 	 0.025708939109523737
1.5940219978921353 	 0.025754457878953797
1.5950219978921352 	 0.02579774971319622
1.596021997892135 	 0.025838763771234036
1.597021997892135 	 0.025877449095302145
1.5980219978921348 	 0.025913754610887303
1.5990219978921347 	 0.025947629126728145
1.6000219978921346 	 0.025979021334815156
1.6010219978921345 	 0.02600787981041457
1.6020219978921344 	 0.0260341554070806
1.6030219978921343 	 0.026057807841856274
1.6040219978921342 	 0.02607879884496414
1.605021997892134 	 0.026097090063492756
1.606021997892134 	 0.026112643061396712
1.6070219978921338 	 0.026125419319496617
1.6080219978921337 	 0.026135380235479063
1.6090219978921336 	 0.02614248712389668
1.6100219978921335 	 0.026146701216168123
1.6110219978921334 	 0.026147983660614556
1.6120219978921333 	 0.026146299184546504
1.6130219978921332 	 0.02614162616323727
1.614021997892133 	 0.026133946145292176
1.615021997892133 	 0.026123240647261344
1.6160219978921329 	 0.026109491153639686
1.6170219978921327 	 0.02609267911686693
1.6180219978921326 	 0.026072785957327604
1.6190219978921325 	 0.026049793063351034
1.6200219978921324 	 0.02602368179121135
1.6210219978921323 	 0.025994433465171895
1.6220219978921322 	 0.02596203383465946
1.623021997892132 	 0.025926485329212434
1.624021997892132 	 0.025887794309448348
1.6250219978921319 	 0.02584596716571488
1.6260219978921318 	 0.025801010318089936
1.6270219978921316 	 0.02575293021638157
1.6280219978921315 	 0.025701733340128045
1.6290219978921314 	 0.025647426198597795
1.6300219978921313 	 0.025590015330789456
1.6310219978921312 	 0.025529507305476217
1.632021997892131 	 0.02546591317406281
1.633021997892131 	 0.025399260713533225
1.6340219978921309 	 0.025329581689548512
1.6350219978921308 	 0.02525690795884724
1.6360219978921307 	 0.02518127146924548
1.6370219978921305 	 0.025102704259636826
1.6380219978921304 	 0.025021238459992358
1.6390219978921303 	 0.024936906291360677
1.6400219978921302 	 0.024849740065867886
1.64102199789213 	 0.024759772186753175
1.64202199789213 	 0.02466703871570737
1.6430219978921299 	 0.024571589181021123
1.6440219978921298 	 0.024473476373436664
1.6450219978921297 	 0.024372753223621885
1.6460219978921296 	 0.02426947280217037
1.6470219978921294 	 0.02416368831960136
1.6480219978921293 	 0.024055453126359767
1.6490219978921292 	 0.02394482071281619
1.650021997892129 	 0.023831844709266897
1.651021997892129 	 0.023716578885954066
1.652021997892129 	 0.02359907918506304
1.6530219978921288 	 0.0234794093074986
1.6540219978921287 	 0.023357634900387135
1.6550219978921286 	 0.023233821778436786
1.6560219978921285 	 0.0231080359239374
1.6570219978921283 	 0.022980343486760552
1.6580219978921282 	 0.022850810784359545
1.6590219978921281 	 0.022719504301769403
1.660021997892128 	 0.022586490691606863
1.661021997892128 	 0.022451836774073298
1.6620219978921278 	 0.02231560982685283
1.6630219978921277 	 0.022177878382150542
1.6640219978921276 	 0.022038711397429488
1.6650219978921275 	 0.02189817800165629
1.6660219978921273 	 0.021756347495301157
1.6670219978921272 	 0.02161328935033786
1.6680219978921271 	 0.02146907321024376
1.669021997892127 	 0.021323768889999813
1.670021997892127 	 0.021177446376090512
1.6710219978921268 	 0.02103017582649193
1.6720219978921267 	 0.02088202636077631
1.6730219978921266 	 0.02073306273369202
1.6740219978921265 	 0.020583348796164764
1.6750219978921264 	 0.02043294855435377
1.6760219978921262 	 0.02028192616965181
1.6770219978921261 	 0.0201303459586852
1.678021997892126 	 0.01997827239331378
1.679021997892126 	 0.019825770100630937
1.6800219978921258 	 0.0196729038629636
1.6810219978921257 	 0.019519738617850408
1.6820219978921256 	 0.019366337270958055
1.6830219978921255 	 0.01921275468309269
1.6840219978921254 	 0.019059043926627085
1.6850219978921253 	 0.01890525819993164
1.6860219978921251 	 0.018751450827374384
1.687021997892125 	 0.018597675259320982
1.688021997892125 	 0.018443985072134707
1.6890219978921248 	 0.01829043396817646
1.6900219978921247 	 0.018137075775804787
1.6910219978921246 	 0.017983964449350087
1.6920219978921245 	 0.017831151484535786
1.6930219978921244 	 0.0176786788127197
1.6940219978921243 	 0.01752658619452368
1.6950219978921242 	 0.017374913482221963
1.696021997892124 	 0.017223700619741173
1.697021997892124 	 0.0170729876426603
1.6980219978921238 	 0.016922814678210718
1.6990219978921237 	 0.016773221945276175
1.7000219978921236 	 0.01662424975439281
1.7010219978921235 	 0.01647593850772407
1.7020219978921234 	 0.016328326186563952
1.7030219978921233 	 0.016181441443820263
1.7040219978921232 	 0.016035310791554697
1.705021997892123 	 0.01588996080029014
1.706021997892123 	 0.015745418099010602
1.7070219978921228 	 0.015601709375161261
1.7080219978921227 	 0.015458861374648449
1.7090219978921226 	 0.015316900901839665
1.7100219978921225 	 0.015175854819563546
1.7110219978921224 	 0.015035750049088468
1.7120219978921223 	 0.01489661141995334
1.7130219978921222 	 0.01475845575864228
1.714021997892122 	 0.014621298039704073
1.715021997892122 	 0.014485153267909884
1.7160219978921218 	 0.014350036478253218
1.7170219978921217 	 0.014215962735949945
1.7180219978921216 	 0.014082947136438298
1.7190219978921215 	 0.013951004805378872
1.7200219978921214 	 0.013820150898654621
1.7210219978921213 	 0.013690400602354246
1.7220219978921212 	 0.013561767466117437
1.723021997892121 	 0.013434258821149252
1.724021997892121 	 0.013307880548193922
1.7250219978921209 	 0.013182638536456482
1.7260219978921207 	 0.013058538683602777
1.7270219978921206 	 0.012935586895759459
1.7280219978921205 	 0.012813789087514
1.7290219978921204 	 0.012693151181914667
1.7300219978921203 	 0.01257367911047055
1.7310219978921202 	 0.012455378813139758
1.73202199789212 	 0.012338255056201201
1.73302199789212 	 0.012222308182365357
1.7340219978921199 	 0.012107537492663729
1.7350219978921197 	 0.01199394228124267
1.7360219978921196 	 0.011881521835363387
1.7370219978921195 	 0.01177027543540194
1.7380219978921194 	 0.01166020235484923
1.7390219978921193 	 0.011551301860311008
1.7400219978921192 	 0.011443573211507884
1.741021997892119 	 0.011337015661267697
1.742021997892119 	 0.011231627692536493
1.7430219978921189 	 0.01112740492079997
1.7440219978921188 	 0.011024342276912256
1.7450219978921186 	 0.01092243467499434
1.7460219978921185 	 0.01082167701243406
1.7470219978921184 	 0.010722064169886136
1.7480219978921183 	 0.010623591011272134
1.7490219978921182 	 0.010526252383780473
1.750021997892118 	 0.010430043117866447
1.751021997892118 	 0.010334958027247886
1.7520219978921179 	 0.010240991474840293
1.7530219978921178 	 0.010148136179454436
1.7540219978921177 	 0.010056384457627169
1.7550219978921175 	 0.009965728603591639
1.7560219978921174 	 0.009876160889277319
1.7570219978921173 	 0.009787673564309988
1.7580219978921172 	 0.009700258856011737
1.759021997892117 	 0.009613908969400975
1.760021997892117 	 0.009528616087192413
1.7610219978921169 	 0.009444372369795142
1.7620219978921168 	 0.009361169760676679
1.7630219978921167 	 0.009278999451287557
1.7640219978921166 	 0.009197852437910076
1.7650219978921164 	 0.00911771969203917
1.7660219978921163 	 0.009038592160382422
1.7670219978921162 	 0.008960460764860047
1.7680219978921161 	 0.008883316402604891
1.769021997892116 	 0.00880714994596245
1.770021997892116 	 0.008731952242490846
1.7710219978921158 	 0.008657714114960541
1.7720219978921157 	 0.008584426329755767
1.7730219978921156 	 0.008512079510007526
1.7740219978921155 	 0.008440664225997542
1.7750219978921153 	 0.008370171022819223
1.7760219978921152 	 0.008300590420377686
1.7770219978921151 	 0.00823191291338974
1.778021997892115 	 0.008164128971383888
1.779021997892115 	 0.008097229038700344
1.7800219978921148 	 0.008031203534490997
1.7810219978921147 	 0.007966042852720167
1.7820219978921146 	 0.007901737434128071
1.7830219978921145 	 0.007838277964062761
1.7840219978921144 	 0.007775655166588344
1.7850219978921142 	 0.007713859741488626
1.7860219978921141 	 0.007652882364267094
1.787021997892114 	 0.007592713686146923
1.788021997892114 	 0.007533344334070986
1.7890219978921138 	 0.007474764910701831
1.7900219978921137 	 0.007416965994421712
1.7910219978921136 	 0.007359938139333873
1.7920219978921135 	 0.007303672007451321
1.7930219978921134 	 0.007248158732088339
1.7940219978921133 	 0.007193389539655375
1.7950219978921131 	 0.00713935563394112
1.796021997892113 	 0.007086048196112543
1.797021997892113 	 0.007033458384714864
1.7980219978921128 	 0.006981577335671562
1.7990219978921127 	 0.006930396162284376
1.8000219978921126 	 0.006879905955233308
1.8010219978921125 	 0.006830097782578239
1.8020219978921124 	 0.006780962852245792
1.8030219978921123 	 0.00673249295870758
1.8040219978921122 	 0.0066846800180826085
1.805021997892112 	 0.006637515925895545
1.806021997892112 	 0.006590992557076732
1.8070219978921118 	 0.006545101765962172
1.8080219978921117 	 0.006499835386293541
1.8090219978921116 	 0.006455185231218175
1.8100219978921115 	 0.006411143093289082
1.8110219978921114 	 0.006367700744466666
1.8120219978921113 	 0.0063248501092357644
1.8130219978921112 	 0.0062825837405022875
1.814021997892111 	 0.0062408943242742935
1.815021997892111 	 0.006199774528113635
1.8160219978921108 	 0.00615921700113595
1.8170219978921107 	 0.006119214374010668
1.8180219978921106 	 0.006079759258961019
1.8190219978921105 	 0.00604084424976401
1.8200219978921104 	 0.006002461921750448
1.8210219978921103 	 0.005964604831806638
1.8220219978921102 	 0.0059272656898487226
1.82302199789211 	 0.005890437830199511
1.82402199789211 	 0.005854114720962881
1.8250219978921098 	 0.005818289813912576
1.8260219978921097 	 0.005782956544492188
1.8270219978921096 	 0.005748108331815155
1.8280219978921095 	 0.005713738578664782
1.8290219978921094 	 0.005679840671494213
1.8300219978921093 	 0.005646407980426452
1.8310219978921092 	 0.00561343385925598
1.832021997892109 	 0.00558091180809564
1.833021997892109 	 0.005548835920483367
1.8340219978921088 	 0.005517200418007523
1.8350219978921087 	 0.0054859995079224915
1.8360219978921086 	 0.005455227383148691
1.8370219978921085 	 0.005424878222272554
1.8380219978921084 	 0.005394946189546545
1.8390219978921083 	 0.005365425434889151
1.8400219978921082 	 0.005336310093884883
1.841021997892108 	 0.005307594287785775
1.842021997892108 	 0.005279272273511651
1.8430219978921079 	 0.005251338855988562
1.8440219978921077 	 0.005223788958953626
1.8450219978921076 	 0.005196617493640947
1.8460219978921075 	 0.005169819358781618
1.8470219978921074 	 0.00514338944060373
1.8480219978921073 	 0.005117322612832356
1.8490219978921072 	 0.005091613736689562
1.850021997892107 	 0.005066257660894405
1.851021997892107 	 0.005041249221664287
1.8520219978921069 	 0.005016583378402206
1.8530219978921068 	 0.004992255586686845
1.8540219978921066 	 0.00496826141002598
1.8550219978921065 	 0.004944596401071684
1.8560219978921064 	 0.004921256101620338
1.8570219978921063 	 0.004898236042612621
1.8580219978921062 	 0.004875531744133517
1.859021997892106 	 0.004853138715412311
1.860021997892106 	 0.00483105245482259
1.8610219978921059 	 0.004809268449883449
1.8620219978921058 	 0.004787782298301975
1.8630219978921057 	 0.004766590040703622
1.8640219978921055 	 0.004745687814284688
1.8650219978921054 	 0.0047250717468474025
1.8660219978921053 	 0.004704737956799914
1.8670219978921052 	 0.004684682553156306
1.868021997892105 	 0.004664901635536585
1.869021997892105 	 0.004645391294166683
1.8700219978921049 	 0.004626147609878462
1.8710219978921048 	 0.004607166654110777
1.8720219978921047 	 0.004588444595779812
1.8730219978921046 	 0.004569977995049698
1.8740219978921044 	 0.004551763497532747
1.8750219978921043 	 0.004533797740730796
1.8760219978921042 	 0.0045160773540352086
1.877021997892104 	 0.0044985989587268726
1.878021997892104 	 0.004481359167976202
1.879021997892104 	 0.004464354586843135
1.8800219978921038 	 0.004447581812277135
1.8810219978921037 	 0.004431037433118125
1.8820219978921036 	 0.004414718123720746
1.8830219978921034 	 0.0043986209013113994
1.8840219978921033 	 0.004382742858087503
1.8850219978921032 	 0.004367081079254528
1.8860219978921031 	 0.004351632643025997
1.887021997892103 	 0.004336394620623488
1.888021997892103 	 0.004321364076276625
1.8890219978921028 	 0.004306538067223091
1.8900219978921027 	 0.004291913643708619
1.8910219978921026 	 0.004277487848987807
1.8920219978921025 	 0.004263257800866647
1.8930219978921023 	 0.004249220915847188
1.8940219978921022 	 0.0042353746757950285
1.8950219978921021 	 0.004221716556552863
1.896021997892102 	 0.004208244027940476
1.897021997892102 	 0.00419495455375474
1.8980219978921018 	 0.004181845591769619
1.8990219978921017 	 0.004168914593736168
1.9000219978921016 	 0.004156159005382533
1.9010219978921015 	 0.0041435762664146555
1.9020219978921014 	 0.004131163881233327
1.9030219978921012 	 0.004118919613320185
1.9040219978921011 	 0.00410684128287957
1.905021997892101 	 0.004094926704928885
1.906021997892101 	 0.004083173689298594
1.9070219978921008 	 0.004071580040632225
1.9080219978921007 	 0.0040601435583863645
1.9090219978921006 	 0.004048862036830666
1.9100219978921005 	 0.004037733265047841
1.9110219978921004 	 0.0040267550269342785
1.9120219978921003 	 0.0040159251623386565
1.9130219978921001 	 0.004005241735117619
1.9140219978921 	 0.003994702858184272
1.9150219978921 	 0.00398430663998375
1.9160219978920998 	 0.003974051184493212
1.9170219978920997 	 0.003963934591221836
1.9180219978920996 	 0.003953954955210827
1.9190219978920995 	 0.003944110367033415
1.9200219978920994 	 0.00393439891279485
1.9210219978920993 	 0.003924818674132934
1.9220219978920992 	 0.0039153677809714614
1.923021997892099 	 0.003906044556525864
1.924021997892099 	 0.003896847366344525
1.9250219978920988 	 0.0038877745721249833
1.9260219978920987 	 0.0038788245317139254
1.9270219978920986 	 0.003869995599107192
1.9280219978920985 	 0.003861286124449775
1.9290219978920984 	 0.0038526944540358174
1.9300219978920983 	 0.0038442189303086152
1.9310219978920982 	 0.003835857891861072
1.932021997892098 	 0.003827609718899536
1.933021997892098 	 0.003819472958211289
1.9340219978920978 	 0.0038114461930640886
1.9350219978920977 	 0.003803528003403943
1.9360219978920976 	 0.003795716965855113
1.9370219978920975 	 0.0037880116537201097
1.9380219978920974 	 0.003780410636979696
1.9390219978920973 	 0.003772912482292883
1.9400219978920972 	 0.003765515752996935
1.941021997892097 	 0.0037582190091077564
1.942021997892097 	 0.0037510208464822206
1.9430219978920968 	 0.0037439200044637076
1.9440219978920967 	 0.0037369152538128795
1.9450219978920966 	 0.0037300053624220735
1.9460219978920965 	 0.003723189095315287
1.9470219978920964 	 0.0037164652146481902
1.9480219978920963 	 0.003709832479708117
1.9490219978920962 	 0.00370328964691407
1.950021997892096 	 0.0036968354698167193
1.951021997892096 	 0.0036904686990987382
1.9520219978920959 	 0.003684188116310379
1.9530219978920957 	 0.003677992626597807
1.9540219978920956 	 0.0036718811621622373
1.9550219978920955 	 0.0036658526527251325
1.9560219978920954 	 0.0036599060255282107
1.9570219978920953 	 0.0036540402053334433
1.9580219978920952 	 0.003648254114423053
1.959021997892095 	 0.003642546672599515
1.960021997892095 	 0.003636916797185557
1.9610219978920949 	 0.0036313634030244496
1.9620219978920947 	 0.0036258854315541532
1.9630219978920946 	 0.0036204819307222888
1.9640219978920945 	 0.003615151971783858
1.9650219978920944 	 0.0036098946238473013
1.9660219978920943 	 0.0036047089538744966
1.9670219978920942 	 0.003599594026680762
1.968021997892094 	 0.003594548904934851
1.969021997892094 	 0.003589572649158955
1.9700219978920939 	 0.003584664317728705
1.9710219978920938 	 0.003579822966873421
1.9720219978920936 	 0.0035750476757528725
1.9730219978920935 	 0.0035703376153843093
1.9740219978920934 	 0.0035656919768787525
1.9750219978920933 	 0.0035611099494865773
1.9760219978920932 	 0.003556590720597518
1.977021997892093 	 0.003552133475740663
1.978021997892093 	 0.003547737398584462
1.9790219978920929 	 0.003543401670936719
1.9800219978920928 	 0.003539125472744592
1.9810219978920927 	 0.0035349079820948142
1.9820219978920925 	 0.0035307483968640817
1.9830219978920924 	 0.003526645994227752
1.9840219978920923 	 0.0035226000687009046
1.9850219978920922 	 0.003518609913183585
1.986021997892092 	 0.0035146748189608004
1.987021997892092 	 0.0035107940757025217
1.9880219978920919 	 0.0035069669714636828
1.9890219978920918 	 0.00350319279268418
1.9900219978920917 	 0.0034994708241888753
1.9910219978920916 	 0.00349580034918778
1.9920219978920914 	 0.0034921806679921383
1.9930219978920913 	 0.0034886111494574906
1.9940219978920912 	 0.0034850911774214695
1.9950219978920911 	 0.003481620134317925
1.996021997892091 	 0.0034781974011769312
1.997021997892091 	 0.0034748223576247677
1.9980219978920908 	 0.0034714943818839393
1.9990219978920907 	 0.003468212850773165
